%time,field.header.seq,field.header.stamp,field.header.frame_id,field.status.status,field.status.service,field.latitude,field.longitude,field.altitude,field.position_covariance0,field.position_covariance1,field.position_covariance2,field.position_covariance3,field.position_covariance4,field.position_covariance5,field.position_covariance6,field.position_covariance7,field.position_covariance8,field.position_covariance_type
1475331073863735528,23,1475331073862792015,gps_origin,0,1,39.7177085859,2.58645015718,0.0,1.0,0.0,0.0,0.0,1.0,0.0,0.0,0.0,1.0,2
1475331074864197883,24,1475331074862293004,gps_origin,0,1,39.7177084122,2.58645066472,0.0,1.0,0.0,0.0,0.0,1.0,0.0,0.0,0.0,1.0,2
1475331075864086801,25,1475331075862771034,gps_origin,0,1,39.7177081929,2.58644805157,0.0,1.0,0.0,0.0,0.0,1.0,0.0,0.0,0.0,1.0,2
1475331076863352974,26,1475331076862581968,gps_origin,0,1,39.7177083234,2.58644911342,0.0,1.0,0.0,0.0,0.0,1.0,0.0,0.0,0.0,1.0,2
1475331077865791953,27,1475331077863074064,gps_origin,0,1,39.7177074424,2.58645081734,0.0,1.0,0.0,0.0,0.0,1.0,0.0,0.0,0.0,1.0,2
1475331078864285252,28,1475331078862880945,gps_origin,0,1,39.717708452,2.58644961087,0.0,1.0,0.0,0.0,0.0,1.0,0.0,0.0,0.0,1.0,2
1475331079863739065,29,1475331079862782955,gps_origin,0,1,39.7177078953,2.58644795903,0.0,1.0,0.0,0.0,0.0,1.0,0.0,0.0,0.0,1.0,2
1475331080863232250,30,1475331080862399101,gps_origin,0,1,39.7177078698,2.58644835564,0.0,1.0,0.0,0.0,0.0,1.0,0.0,0.0,0.0,1.0,2
1475331081864569390,31,1475331081863060951,gps_origin,0,1,39.7177059369,2.58644817811,0.0,1.0,0.0,0.0,0.0,1.0,0.0,0.0,0.0,1.0,2
1475331082863721888,32,1475331082862931966,gps_origin,0,1,39.717707225,2.58645053632,0.0,1.0,0.0,0.0,0.0,1.0,0.0,0.0,0.0,1.0,2
1475331083864068476,33,1475331083862966060,gps_origin,0,1,39.7177076502,2.58644830767,0.0,1.0,0.0,0.0,0.0,1.0,0.0,0.0,0.0,1.0,2
1475331084864170351,34,1475331084862994909,gps_origin,0,1,39.7177072238,2.58644846684,0.0,1.0,0.0,0.0,0.0,1.0,0.0,0.0,0.0,1.0,2
1475331085864804353,35,1475331085862670898,gps_origin,0,1,39.7177096249,2.58645080061,0.0,1.0,0.0,0.0,0.0,1.0,0.0,0.0,0.0,1.0,2
1475331086865286689,36,1475331086862803936,gps_origin,0,1,39.7177107888,2.58644896235,0.0,1.0,0.0,0.0,0.0,1.0,0.0,0.0,0.0,1.0,2
1475331087863482585,37,1475331087862170934,gps_origin,0,1,39.7177091485,2.58644713864,0.0,1.0,0.0,0.0,0.0,1.0,0.0,0.0,0.0,1.0,2
1475331088862972440,38,1475331088862323999,gps_origin,0,1,39.7177109868,2.58644786934,0.0,1.0,0.0,0.0,0.0,1.0,0.0,0.0,0.0,1.0,2
1475331089864064904,39,1475331089863190889,gps_origin,0,1,39.7177142354,2.58644805906,0.0,1.0,0.0,0.0,0.0,1.0,0.0,0.0,0.0,1.0,2
1475331090863493848,40,1475331090862266063,gps_origin,0,1,39.7177155972,2.58644849131,0.0,1.0,0.0,0.0,0.0,1.0,0.0,0.0,0.0,1.0,2
1475331091867139831,41,1475331091862806081,gps_origin,0,1,39.7177160563,2.58645097676,0.0,1.0,0.0,0.0,0.0,1.0,0.0,0.0,0.0,1.0,2
1475331092863648061,42,1475331092862163066,gps_origin,0,1,39.7177169814,2.58645071278,0.0,1.0,0.0,0.0,0.0,1.0,0.0,0.0,0.0,1.0,2
1475331093864083479,43,1475331093863017082,gps_origin,0,1,39.7177208387,2.58645094474,0.0,1.0,0.0,0.0,0.0,1.0,0.0,0.0,0.0,1.0,2
1475331094864309139,44,1475331094863435029,gps_origin,0,1,39.717721276,2.58645087929,0.0,1.0,0.0,0.0,0.0,1.0,0.0,0.0,0.0,1.0,2
1475331095863738709,45,1475331095862804889,gps_origin,0,1,39.7177209718,2.58645206266,0.0,1.0,0.0,0.0,0.0,1.0,0.0,0.0,0.0,1.0,2
1475331096863821830,46,1475331096862409114,gps_origin,0,1,39.7177237855,2.58645769497,0.0,1.0,0.0,0.0,0.0,1.0,0.0,0.0,0.0,1.0,2
1475331097862862609,47,1475331097862059116,gps_origin,0,1,39.7177245877,2.58645948823,0.0,1.0,0.0,0.0,0.0,1.0,0.0,0.0,0.0,1.0,2
1475331098864338664,48,1475331098861927032,gps_origin,0,1,39.7177249885,2.58646030398,0.0,1.0,0.0,0.0,0.0,1.0,0.0,0.0,0.0,1.0,2
1475331099864354040,49,1475331099862787961,gps_origin,0,1,39.7177252169,2.58646380482,0.0,1.0,0.0,0.0,0.0,1.0,0.0,0.0,0.0,1.0,2
1475331100862852358,50,1475331100861952066,gps_origin,0,1,39.7177260439,2.58646824607,0.0,1.0,0.0,0.0,0.0,1.0,0.0,0.0,0.0,1.0,2
1475331101868590545,51,1475331101863647937,gps_origin,0,1,39.7177259412,2.58646914862,0.0,1.0,0.0,0.0,0.0,1.0,0.0,0.0,0.0,1.0,2
1475331102863982697,52,1475331102863254070,gps_origin,0,1,39.7177252002,2.58647225332,0.0,1.0,0.0,0.0,0.0,1.0,0.0,0.0,0.0,1.0,2
1475331103864804311,53,1475331103862838983,gps_origin,0,1,39.7177245575,2.58647532386,0.0,1.0,0.0,0.0,0.0,1.0,0.0,0.0,0.0,1.0,2
1475331104863216323,54,1475331104862175941,gps_origin,0,1,39.7177229418,2.58647558422,0.0,1.0,0.0,0.0,0.0,1.0,0.0,0.0,0.0,1.0,2
1475331105864390273,55,1475331105862437963,gps_origin,0,1,39.7177216735,2.58647855167,0.0,1.0,0.0,0.0,0.0,1.0,0.0,0.0,0.0,1.0,2
1475331106863387339,56,1475331106862466096,gps_origin,0,1,39.7177190213,2.58648253134,0.0,1.0,0.0,0.0,0.0,1.0,0.0,0.0,0.0,1.0,2
1475331107864219006,57,1475331107863441944,gps_origin,0,1,39.7177182862,2.5864811366,0.0,1.0,0.0,0.0,0.0,1.0,0.0,0.0,0.0,1.0,2
1475331108863451254,58,1475331108862176895,gps_origin,0,1,39.7177182334,2.58648280461,0.0,1.0,0.0,0.0,0.0,1.0,0.0,0.0,0.0,1.0,2
1475331109863697503,59,1475331109862831115,gps_origin,0,1,39.7177145923,2.58648459956,0.0,1.0,0.0,0.0,0.0,1.0,0.0,0.0,0.0,1.0,2
1475331110864071418,60,1475331110863317012,gps_origin,0,1,39.7177115136,2.58648604822,0.0,1.0,0.0,0.0,0.0,1.0,0.0,0.0,0.0,1.0,2
1475331111863590703,61,1475331111862515926,gps_origin,0,1,39.7177114706,2.58649106696,0.0,1.0,0.0,0.0,0.0,1.0,0.0,0.0,0.0,1.0,2
1475331112863988251,62,1475331112863277912,gps_origin,0,1,39.7177099505,2.58648956657,0.0,1.0,0.0,0.0,0.0,1.0,0.0,0.0,0.0,1.0,2
1475331113864146234,63,1475331113863269090,gps_origin,0,1,39.7177076655,2.58649186283,0.0,1.0,0.0,0.0,0.0,1.0,0.0,0.0,0.0,1.0,2
1475331114863779794,64,1475331114862811088,gps_origin,0,1,39.7177075393,2.58649139103,0.0,1.0,0.0,0.0,0.0,1.0,0.0,0.0,0.0,1.0,2
1475331115863943353,65,1475331115862796068,gps_origin,0,1,39.7177038463,2.58649394516,0.0,1.0,0.0,0.0,0.0,1.0,0.0,0.0,0.0,1.0,2
1475331116863557527,66,1475331116861903905,gps_origin,0,1,39.7177014716,2.5864950802,0.0,1.0,0.0,0.0,0.0,1.0,0.0,0.0,0.0,1.0,2
1475331117863540176,67,1475331117862330913,gps_origin,0,1,39.7177009243,2.58649778571,0.0,1.0,0.0,0.0,0.0,1.0,0.0,0.0,0.0,1.0,2
1475331118864094478,68,1475331118863197088,gps_origin,0,1,39.7176976441,2.5864981886,0.0,1.0,0.0,0.0,0.0,1.0,0.0,0.0,0.0,1.0,2
1475331119865806686,69,1475331119863388061,gps_origin,0,1,39.7176959213,2.58650280616,0.0,1.0,0.0,0.0,0.0,1.0,0.0,0.0,0.0,1.0,2
1475331120866713599,70,1475331120862840890,gps_origin,0,1,39.7176941633,2.58650644249,0.0,1.0,0.0,0.0,0.0,1.0,0.0,0.0,0.0,1.0,2
1475331121863725512,71,1475331121862787961,gps_origin,0,1,39.7176913362,2.5865073902,0.0,1.0,0.0,0.0,0.0,1.0,0.0,0.0,0.0,1.0,2
1475331122863885257,72,1475331122862832069,gps_origin,0,1,39.7176885571,2.58651306316,0.0,1.0,0.0,0.0,0.0,1.0,0.0,0.0,0.0,1.0,2
1475331123863964451,73,1475331123862951040,gps_origin,0,1,39.7176865645,2.58651451047,0.0,1.0,0.0,0.0,0.0,1.0,0.0,0.0,0.0,1.0,2
1475331124865967749,74,1475331124862772941,gps_origin,0,1,39.7176851339,2.5865182749,0.0,1.0,0.0,0.0,0.0,1.0,0.0,0.0,0.0,1.0,2
1475331125863925501,75,1475331125862894058,gps_origin,0,1,39.7176849301,2.58651988875,0.0,1.0,0.0,0.0,0.0,1.0,0.0,0.0,0.0,1.0,2
1475331126863833526,76,1475331126863054990,gps_origin,0,1,39.717682198,2.58652541569,0.0,1.0,0.0,0.0,0.0,1.0,0.0,0.0,0.0,1.0,2
1475331127863649023,77,1475331127862828969,gps_origin,0,1,39.7176837209,2.58652624953,0.0,1.0,0.0,0.0,0.0,1.0,0.0,0.0,0.0,1.0,2
1475331128864276510,78,1475331128862786054,gps_origin,0,1,39.7176820869,2.58652759755,0.0,1.0,0.0,0.0,0.0,1.0,0.0,0.0,0.0,1.0,2
1475331129864490199,79,1475331129862608909,gps_origin,0,1,39.7176799342,2.5865309599,0.0,1.0,0.0,0.0,0.0,1.0,0.0,0.0,0.0,1.0,2
1475331130863513785,80,1475331130862328052,gps_origin,0,1,39.7176815805,2.58653066261,0.0,1.0,0.0,0.0,0.0,1.0,0.0,0.0,0.0,1.0,2
1475331131865064936,81,1475331131862667083,gps_origin,0,1,39.7176797565,2.5865323805,0.0,1.0,0.0,0.0,0.0,1.0,0.0,0.0,0.0,1.0,2
1475332269864800615,82,1475332269862728118,gps_origin,0,1,39.717647179,2.5865469667,0.0,1.0,0.0,0.0,0.0,1.0,0.0,0.0,0.0,1.0,2
1475332270866925383,83,1475332270862930059,gps_origin,0,1,39.7176494679,2.58654680234,0.0,1.0,0.0,0.0,0.0,1.0,0.0,0.0,0.0,1.0,2
1475332271868010853,84,1475332271862734079,gps_origin,0,1,39.7176501401,2.58654788525,0.0,1.0,0.0,0.0,0.0,1.0,0.0,0.0,0.0,1.0,2
1475332272864959781,85,1475332272863130092,gps_origin,0,1,39.7176498252,2.58654550845,0.0,1.0,0.0,0.0,0.0,1.0,0.0,0.0,0.0,1.0,2
1475332273867451902,86,1475332273863334894,gps_origin,0,1,39.7176506122,2.58654518777,0.0,1.0,0.0,0.0,0.0,1.0,0.0,0.0,0.0,1.0,2
1475332274864993890,87,1475332274862993955,gps_origin,0,1,39.7176521362,2.58654622257,0.0,1.0,0.0,0.0,0.0,1.0,0.0,0.0,0.0,1.0,2
1475332275863962113,88,1475332275862864017,gps_origin,0,1,39.7176497587,2.58654548567,0.0,1.0,0.0,0.0,0.0,1.0,0.0,0.0,0.0,1.0,2
1475332276865070076,89,1475332276862884998,gps_origin,0,1,39.7176514619,2.58654626809,0.0,1.0,0.0,0.0,0.0,1.0,0.0,0.0,0.0,1.0,2
1475332277868069182,90,1475332277863962888,gps_origin,0,1,39.7176507137,2.58654521048,0.0,1.0,0.0,0.0,0.0,1.0,0.0,0.0,0.0,1.0,2
1475332278863718200,91,1475332278862802982,gps_origin,0,1,39.7176495183,2.58654659308,0.0,1.0,0.0,0.0,0.0,1.0,0.0,0.0,0.0,1.0,2
1475332279863551977,92,1475332279862751960,gps_origin,0,1,39.7176483749,2.58654522394,0.0,1.0,0.0,0.0,0.0,1.0,0.0,0.0,0.0,1.0,2
1475332280863571691,93,1475332280862770080,gps_origin,0,1,39.7176501798,2.58654498571,0.0,1.0,0.0,0.0,0.0,1.0,0.0,0.0,0.0,1.0,2
1475332281864433442,94,1475332281862473011,gps_origin,0,1,39.7176505206,2.58654572956,0.0,1.0,0.0,0.0,0.0,1.0,0.0,0.0,0.0,1.0,2
1475332282867411668,95,1475332282862188100,gps_origin,0,1,39.717650891,2.58654475537,0.0,1.0,0.0,0.0,0.0,1.0,0.0,0.0,0.0,1.0,2
1475332283865919062,96,1475332283862970113,gps_origin,0,1,39.717649076,2.58654712475,0.0,1.0,0.0,0.0,0.0,1.0,0.0,0.0,0.0,1.0,2
1475332284866211219,97,1475332284863275051,gps_origin,0,1,39.7176511279,2.58654524233,0.0,1.0,0.0,0.0,0.0,1.0,0.0,0.0,0.0,1.0,2
1475332285863880777,98,1475332285862935066,gps_origin,0,1,39.7176496542,2.58654617054,0.0,1.0,0.0,0.0,0.0,1.0,0.0,0.0,0.0,1.0,2
1475332286864204577,99,1475332286862622976,gps_origin,0,1,39.7176516489,2.58654669761,0.0,1.0,0.0,0.0,0.0,1.0,0.0,0.0,0.0,1.0,2
1475332287864025593,100,1475332287862895011,gps_origin,0,1,39.7176495033,2.58654520196,0.0,1.0,0.0,0.0,0.0,1.0,0.0,0.0,0.0,1.0,2
1475332288864375181,101,1475332288862859964,gps_origin,0,1,39.7176502735,2.58654438714,0.0,1.0,0.0,0.0,0.0,1.0,0.0,0.0,0.0,1.0,2
1475332289865150880,102,1475332289862405061,gps_origin,0,1,39.7176497013,2.58654792113,0.0,1.0,0.0,0.0,0.0,1.0,0.0,0.0,0.0,1.0,2
1475332290864210054,103,1475332290862813949,gps_origin,0,1,39.7176505286,2.58654826441,0.0,1.0,0.0,0.0,0.0,1.0,0.0,0.0,0.0,1.0,2
1475332291869867876,104,1475332291863313913,gps_origin,0,1,39.7176511798,2.58654549936,0.0,1.0,0.0,0.0,0.0,1.0,0.0,0.0,0.0,1.0,2
1475332292864815860,105,1475332292862886905,gps_origin,0,1,39.7176516473,2.58654600448,0.0,1.0,0.0,0.0,0.0,1.0,0.0,0.0,0.0,1.0,2
1475332293865946527,106,1475332293863137006,gps_origin,0,1,39.7176504964,2.58654591099,0.0,1.0,0.0,0.0,0.0,1.0,0.0,0.0,0.0,1.0,2
1475332294863651373,107,1475332294862198114,gps_origin,0,1,39.7176501189,2.58654622655,0.0,1.0,0.0,0.0,0.0,1.0,0.0,0.0,0.0,1.0,2
1475332295866445946,108,1475332295862833976,gps_origin,0,1,39.7176507298,2.58654603198,0.0,1.0,0.0,0.0,0.0,1.0,0.0,0.0,0.0,1.0,2
1475332296863969078,109,1475332296862705945,gps_origin,0,1,39.7176509393,2.58654525191,0.0,1.0,0.0,0.0,0.0,1.0,0.0,0.0,0.0,1.0,2
1475332297863407494,110,1475332297862234115,gps_origin,0,1,39.7176507208,2.58654626241,0.0,1.0,0.0,0.0,0.0,1.0,0.0,0.0,0.0,1.0,2
1475332298864475797,111,1475332298863068103,gps_origin,0,1,39.717650644,2.58654742811,0.0,1.0,0.0,0.0,0.0,1.0,0.0,0.0,0.0,1.0,2
1475332299865402876,112,1475332299864106893,gps_origin,0,1,39.7176502545,2.5865469072,0.0,1.0,0.0,0.0,0.0,1.0,0.0,0.0,0.0,1.0,2
1475332300864682707,113,1475332300863423109,gps_origin,0,1,39.7176503898,2.58654620204,0.0,1.0,0.0,0.0,0.0,1.0,0.0,0.0,0.0,1.0,2
1475332301864823592,114,1475332301863303899,gps_origin,0,1,39.7176510734,2.5865469551,0.0,1.0,0.0,0.0,0.0,1.0,0.0,0.0,0.0,1.0,2
1475332302866193787,115,1475332302865035057,gps_origin,0,1,39.7176492793,2.58654777696,0.0,1.0,0.0,0.0,0.0,1.0,0.0,0.0,0.0,1.0,2
1475332303865930305,116,1475332303861998081,gps_origin,0,1,39.717648711,2.58654471429,0.0,1.0,0.0,0.0,0.0,1.0,0.0,0.0,0.0,1.0,2
1475332304864605096,117,1475332304862349987,gps_origin,0,1,39.7176503443,2.58654522152,0.0,1.0,0.0,0.0,0.0,1.0,0.0,0.0,0.0,1.0,2
1475332305866698864,118,1475332305864753961,gps_origin,0,1,39.7176495249,2.58654773466,0.0,1.0,0.0,0.0,0.0,1.0,0.0,0.0,0.0,1.0,2
1475332306864596186,119,1475332306863003015,gps_origin,0,1,39.7176501532,2.58654716109,0.0,1.0,0.0,0.0,0.0,1.0,0.0,0.0,0.0,1.0,2
1475332307864186434,120,1475332307863579034,gps_origin,0,1,39.7176497028,2.58654606454,0.0,1.0,0.0,0.0,0.0,1.0,0.0,0.0,0.0,1.0,2
1475332308864122581,121,1475332308862799882,gps_origin,0,1,39.7176514477,2.58654705015,0.0,1.0,0.0,0.0,0.0,1.0,0.0,0.0,0.0,1.0,2
1475332309864195486,122,1475332309862175941,gps_origin,0,1,39.7176495542,2.58654799235,0.0,1.0,0.0,0.0,0.0,1.0,0.0,0.0,0.0,1.0,2
1475332310866459218,123,1475332310862982988,gps_origin,0,1,39.7176518541,2.58654694198,0.0,1.0,0.0,0.0,0.0,1.0,0.0,0.0,0.0,1.0,2
1475332311865053664,124,1475332311862068891,gps_origin,0,1,39.7176487775,2.58654465578,0.0,1.0,0.0,0.0,0.0,1.0,0.0,0.0,0.0,1.0,2
1475332312864190953,125,1475332312862756013,gps_origin,0,1,39.717651639,2.58654734982,0.0,1.0,0.0,0.0,0.0,1.0,0.0,0.0,0.0,1.0,2
1475332313868202983,126,1475332313863188982,gps_origin,0,1,39.7176514863,2.58654633365,0.0,1.0,0.0,0.0,0.0,1.0,0.0,0.0,0.0,1.0,2
1475332314865598137,127,1475332314862889051,gps_origin,0,1,39.717649741,2.58654612247,0.0,1.0,0.0,0.0,0.0,1.0,0.0,0.0,0.0,1.0,2
1475332315895118992,128,1475332315862927913,gps_origin,0,1,39.7176520582,2.58654618346,0.0,1.0,0.0,0.0,0.0,1.0,0.0,0.0,0.0,1.0,2
1475332316866496548,129,1475332316864449977,gps_origin,0,1,39.7176489692,2.58654764119,0.0,1.0,0.0,0.0,0.0,1.0,0.0,0.0,0.0,1.0,2
1475332317887012801,130,1475332317885042905,gps_origin,0,1,39.7176513986,2.58654642263,0.0,1.0,0.0,0.0,0.0,1.0,0.0,0.0,0.0,1.0,2
1475332318895697357,131,1475332318884056091,gps_origin,0,1,39.7176520943,2.58654733485,0.0,1.0,0.0,0.0,0.0,1.0,0.0,0.0,0.0,1.0,2
1475332319866729253,132,1475332319862970113,gps_origin,0,1,39.7176508577,2.58654808639,0.0,1.0,0.0,0.0,0.0,1.0,0.0,0.0,0.0,1.0,2
1475332320865032072,133,1475332320862935066,gps_origin,0,1,39.7176492199,2.58654507603,0.0,1.0,0.0,0.0,0.0,1.0,0.0,0.0,0.0,1.0,2
1475332321893018050,134,1475332321884356975,gps_origin,0,1,39.7176504458,2.58654796662,0.0,1.0,0.0,0.0,0.0,1.0,0.0,0.0,0.0,1.0,2
1475332322864119377,135,1475332322862808942,gps_origin,0,1,39.7176517548,2.58654557291,0.0,1.0,0.0,0.0,0.0,1.0,0.0,0.0,0.0,1.0,2
1475332323865080547,136,1475332323863095045,gps_origin,0,1,39.7176511086,2.58654689041,0.0,1.0,0.0,0.0,0.0,1.0,0.0,0.0,0.0,1.0,2
1475332324864679639,137,1475332324863260030,gps_origin,0,1,39.7176496523,2.58654594586,0.0,1.0,0.0,0.0,0.0,1.0,0.0,0.0,0.0,1.0,2
1475332325865589704,138,1475332325863116025,gps_origin,0,1,39.7176502752,2.58654454062,0.0,1.0,0.0,0.0,0.0,1.0,0.0,0.0,0.0,1.0,2
1475332326864811342,139,1475332326862833976,gps_origin,0,1,39.7176491825,2.58654798283,0.0,1.0,0.0,0.0,0.0,1.0,0.0,0.0,0.0,1.0,2
1475332327863935267,140,1475332327862025022,gps_origin,0,1,39.7176466181,2.58654708867,0.0,1.0,0.0,0.0,0.0,1.0,0.0,0.0,0.0,1.0,2
1475332328865998237,141,1475332328862746000,gps_origin,0,1,39.7176520122,2.58654742606,0.0,1.0,0.0,0.0,0.0,1.0,0.0,0.0,0.0,1.0,2
1475332329863924905,142,1475332329862756013,gps_origin,0,1,39.7176502559,2.58654566531,0.0,1.0,0.0,0.0,0.0,1.0,0.0,0.0,0.0,1.0,2
1475332330865862980,143,1475332330862835884,gps_origin,0,1,39.7176496731,2.58654721038,0.0,1.0,0.0,0.0,0.0,1.0,0.0,0.0,0.0,1.0,2
1475332331865781490,144,1475332331863133907,gps_origin,0,1,39.7176519212,2.58654491876,0.0,1.0,0.0,0.0,0.0,1.0,0.0,0.0,0.0,1.0,2
1475332332865867261,145,1475332332863837957,gps_origin,0,1,39.7176482283,2.58654694469,0.0,1.0,0.0,0.0,0.0,1.0,0.0,0.0,0.0,1.0,2
1475332333868750595,146,1475332333866250991,gps_origin,0,1,39.7176499638,2.58654589484,0.0,1.0,0.0,0.0,0.0,1.0,0.0,0.0,0.0,1.0,2
1475332334862661229,147,1475332334861991882,gps_origin,0,1,39.7176517199,2.58654512439,0.0,1.0,0.0,0.0,0.0,1.0,0.0,0.0,0.0,1.0,2
1475332335863793925,148,1475332335863148927,gps_origin,0,1,39.7176504407,2.58654714597,0.0,1.0,0.0,0.0,0.0,1.0,0.0,0.0,0.0,1.0,2
1475332336864001522,149,1475332336862612009,gps_origin,0,1,39.7176499967,2.58654736521,0.0,1.0,0.0,0.0,0.0,1.0,0.0,0.0,0.0,1.0,2
1475332337863582208,150,1475332337861948013,gps_origin,0,1,39.7176493888,2.58654514403,0.0,1.0,0.0,0.0,0.0,1.0,0.0,0.0,0.0,1.0,2
1475332338864672522,151,1475332338862864017,gps_origin,0,1,39.7176514723,2.5865452161,0.0,1.0,0.0,0.0,0.0,1.0,0.0,0.0,0.0,1.0,2
1475332339869386822,152,1475332339863495111,gps_origin,0,1,39.7176516577,2.58654617885,0.0,1.0,0.0,0.0,0.0,1.0,0.0,0.0,0.0,1.0,2
1475332340867303196,153,1475332340863274097,gps_origin,0,1,39.7176521874,2.58654406781,0.0,1.0,0.0,0.0,0.0,1.0,0.0,0.0,0.0,1.0,2
1475332341866590190,154,1475332341863143920,gps_origin,0,1,39.7176510524,2.5865468542,0.0,1.0,0.0,0.0,0.0,1.0,0.0,0.0,0.0,1.0,2
1475332342866139290,155,1475332342863126993,gps_origin,0,1,39.7176504872,2.58654501887,0.0,1.0,0.0,0.0,0.0,1.0,0.0,0.0,0.0,1.0,2
1475332343864859371,156,1475332343861875057,gps_origin,0,1,39.7176498952,2.58654694046,0.0,1.0,0.0,0.0,0.0,1.0,0.0,0.0,0.0,1.0,2
1475332344864321403,157,1475332344862466096,gps_origin,0,1,39.7176493938,2.58654721465,0.0,1.0,0.0,0.0,0.0,1.0,0.0,0.0,0.0,1.0,2
1475332345868991247,158,1475332345864270925,gps_origin,0,1,39.7176501854,2.58654726117,0.0,1.0,0.0,0.0,0.0,1.0,0.0,0.0,0.0,1.0,2
1475332346867094937,159,1475332346863642930,gps_origin,0,1,39.7176497258,2.58654626451,0.0,1.0,0.0,0.0,0.0,1.0,0.0,0.0,0.0,1.0,2
1475332347866310679,160,1475332347863107919,gps_origin,0,1,39.7176492965,2.58654416613,0.0,1.0,0.0,0.0,0.0,1.0,0.0,0.0,0.0,1.0,2
1475332348866320706,161,1475332348864299058,gps_origin,0,1,39.7176493969,2.58654543079,0.0,1.0,0.0,0.0,0.0,1.0,0.0,0.0,0.0,1.0,2
1475332349864156215,162,1475332349862826108,gps_origin,0,1,39.7176510054,2.5865449395,0.0,1.0,0.0,0.0,0.0,1.0,0.0,0.0,0.0,1.0,2
1475332350869329568,163,1475332350862972021,gps_origin,0,1,39.7176525288,2.58654471681,0.0,1.0,0.0,0.0,0.0,1.0,0.0,0.0,0.0,1.0,2
1475332351864802730,164,1475332351862989902,gps_origin,0,1,39.7176497144,2.58654561645,0.0,1.0,0.0,0.0,0.0,1.0,0.0,0.0,0.0,1.0,2
1475332352866860517,165,1475332352862909078,gps_origin,0,1,39.7176521079,2.58654482147,0.0,1.0,0.0,0.0,0.0,1.0,0.0,0.0,0.0,1.0,2
1475332353865238841,166,1475332353863686084,gps_origin,0,1,39.717650029,2.58654434007,0.0,1.0,0.0,0.0,0.0,1.0,0.0,0.0,0.0,1.0,2
1475332354865445602,167,1475332354862766027,gps_origin,0,1,39.7176514856,2.58654747341,0.0,1.0,0.0,0.0,0.0,1.0,0.0,0.0,0.0,1.0,2
1475332355866793893,168,1475332355863522052,gps_origin,0,1,39.7176504586,2.58654666712,0.0,1.0,0.0,0.0,0.0,1.0,0.0,0.0,0.0,1.0,2
1475332356865297133,169,1475332356864161014,gps_origin,0,1,39.7176501073,2.58654612222,0.0,1.0,0.0,0.0,0.0,1.0,0.0,0.0,0.0,1.0,2
1475332357865215172,170,1475332357862972021,gps_origin,0,1,39.7176505234,2.58654450235,0.0,1.0,0.0,0.0,0.0,1.0,0.0,0.0,0.0,1.0,2
1475332358867454346,171,1475332358863679885,gps_origin,0,1,39.7176514026,2.5865458927,0.0,1.0,0.0,0.0,0.0,1.0,0.0,0.0,0.0,1.0,2
1475332359865088187,172,1475332359863126039,gps_origin,0,1,39.7176504015,2.58654514517,0.0,1.0,0.0,0.0,0.0,1.0,0.0,0.0,0.0,1.0,2
1475332360864104972,173,1475332360862806081,gps_origin,0,1,39.7176492842,2.5865466576,0.0,1.0,0.0,0.0,0.0,1.0,0.0,0.0,0.0,1.0,2
1475332361866491906,174,1475332361862572908,gps_origin,0,1,39.7176496939,2.58654531127,0.0,1.0,0.0,0.0,0.0,1.0,0.0,0.0,0.0,1.0,2
1475332362869109689,175,1475332362863425970,gps_origin,0,1,39.7176497292,2.58654544232,0.0,1.0,0.0,0.0,0.0,1.0,0.0,0.0,0.0,1.0,2
1475332363888421412,176,1475332363883579969,gps_origin,0,1,39.7176498152,2.58654661093,0.0,1.0,0.0,0.0,0.0,1.0,0.0,0.0,0.0,1.0,2
1475332364868487873,177,1475332364865418910,gps_origin,0,1,39.7176496462,2.58654639764,0.0,1.0,0.0,0.0,0.0,1.0,0.0,0.0,0.0,1.0,2
1475332365894778385,178,1475332365888221979,gps_origin,0,1,39.7176508887,2.58654788999,0.0,1.0,0.0,0.0,0.0,1.0,0.0,0.0,0.0,1.0,2
1475332366899536296,179,1475332366890692949,gps_origin,0,1,39.7176502349,2.58654594861,0.0,1.0,0.0,0.0,0.0,1.0,0.0,0.0,0.0,1.0,2
1475332367865995366,180,1475332367862672090,gps_origin,0,1,39.7176511437,2.58654589603,0.0,1.0,0.0,0.0,0.0,1.0,0.0,0.0,0.0,1.0,2
1475332368864666306,181,1475332368862832069,gps_origin,0,1,39.717652208,2.58654818117,0.0,1.0,0.0,0.0,0.0,1.0,0.0,0.0,0.0,1.0,2
1475332369891838982,182,1475332369862785100,gps_origin,0,1,39.7176494719,2.5865483026,0.0,1.0,0.0,0.0,0.0,1.0,0.0,0.0,0.0,1.0,2
1475332370865599307,183,1475332370863136053,gps_origin,0,1,39.7176511459,2.58654834202,0.0,1.0,0.0,0.0,0.0,1.0,0.0,0.0,0.0,1.0,2
1475332371867469483,184,1475332371865175962,gps_origin,0,1,39.7176517418,2.58654509945,0.0,1.0,0.0,0.0,0.0,1.0,0.0,0.0,0.0,1.0,2
1475332372867086710,185,1475332372862988948,gps_origin,0,1,39.7176497485,2.58654668688,0.0,1.0,0.0,0.0,0.0,1.0,0.0,0.0,0.0,1.0,2
1475332373865004500,186,1475332373862999916,gps_origin,0,1,39.7176499272,2.5865475167,0.0,1.0,0.0,0.0,0.0,1.0,0.0,0.0,0.0,1.0,2
1475332374864867068,187,1475332374863400936,gps_origin,0,1,39.717650725,2.58654669077,0.0,1.0,0.0,0.0,0.0,1.0,0.0,0.0,0.0,1.0,2
1475332375864469035,188,1475332375862904071,gps_origin,0,1,39.7176489952,2.58654571144,0.0,1.0,0.0,0.0,0.0,1.0,0.0,0.0,0.0,1.0,2
1475332376864469357,189,1475332376862868070,gps_origin,0,1,39.7176514834,2.58654589199,0.0,1.0,0.0,0.0,0.0,1.0,0.0,0.0,0.0,1.0,2
1475332377864077130,190,1475332377862919092,gps_origin,0,1,39.7176527737,2.58654602048,0.0,1.0,0.0,0.0,0.0,1.0,0.0,0.0,0.0,1.0,2
1475332378865693240,191,1475332378862838029,gps_origin,0,1,39.7176505941,2.58654600367,0.0,1.0,0.0,0.0,0.0,1.0,0.0,0.0,0.0,1.0,2
1475332379863698429,192,1475332379862593889,gps_origin,0,1,39.7176500195,2.58654643863,0.0,1.0,0.0,0.0,0.0,1.0,0.0,0.0,0.0,1.0,2
1475332380863802872,193,1475332380862329959,gps_origin,0,1,39.7176493295,2.5865474232,0.0,1.0,0.0,0.0,0.0,1.0,0.0,0.0,0.0,1.0,2
1475332381865874158,194,1475332381863897085,gps_origin,0,1,39.717650116,2.58654571779,0.0,1.0,0.0,0.0,0.0,1.0,0.0,0.0,0.0,1.0,2
1475332382864119661,195,1475332382862824916,gps_origin,0,1,39.7176503946,2.58654521224,0.0,1.0,0.0,0.0,0.0,1.0,0.0,0.0,0.0,1.0,2
1475332383864536161,196,1475332383862868070,gps_origin,0,1,39.7176517258,2.58654603897,0.0,1.0,0.0,0.0,0.0,1.0,0.0,0.0,0.0,1.0,2
1475332384867315616,197,1475332384862301111,gps_origin,0,1,39.7176502492,2.58654531518,0.0,1.0,0.0,0.0,0.0,1.0,0.0,0.0,0.0,1.0,2
1475332385866391524,198,1475332385863261938,gps_origin,0,1,39.7176505086,2.58654679185,0.0,1.0,0.0,0.0,0.0,1.0,0.0,0.0,0.0,1.0,2
1475332386863489302,199,1475332386862791061,gps_origin,0,1,39.7176491961,2.58654766394,0.0,1.0,0.0,0.0,0.0,1.0,0.0,0.0,0.0,1.0,2
1475332387863823580,200,1475332387862736940,gps_origin,0,1,39.717650584,2.58654746508,0.0,1.0,0.0,0.0,0.0,1.0,0.0,0.0,0.0,1.0,2
1475332388863259205,201,1475332388862323045,gps_origin,0,1,39.7176484887,2.58654740682,0.0,1.0,0.0,0.0,0.0,1.0,0.0,0.0,0.0,1.0,2
1475332389863541321,202,1475332389862826108,gps_origin,0,1,39.7176507478,2.5865465712,0.0,1.0,0.0,0.0,0.0,1.0,0.0,0.0,0.0,1.0,2
1475332390863875167,203,1475332390861845970,gps_origin,0,1,39.7176498517,2.5865458476,0.0,1.0,0.0,0.0,0.0,1.0,0.0,0.0,0.0,1.0,2
1475332391863987913,204,1475332391861959934,gps_origin,0,1,39.7176499042,2.58654540821,0.0,1.0,0.0,0.0,0.0,1.0,0.0,0.0,0.0,1.0,2
1475332392864231193,205,1475332392861921072,gps_origin,0,1,39.7176499263,2.58654608649,0.0,1.0,0.0,0.0,0.0,1.0,0.0,0.0,0.0,1.0,2
1475332393864619737,206,1475332393863259077,gps_origin,0,1,39.7176501451,2.58654566582,0.0,1.0,0.0,0.0,0.0,1.0,0.0,0.0,0.0,1.0,2
1475332394863376176,207,1475332394862123012,gps_origin,0,1,39.7176499026,2.58654625274,0.0,1.0,0.0,0.0,0.0,1.0,0.0,0.0,0.0,1.0,2
1475332395863678956,208,1475332395862798929,gps_origin,0,1,39.7176514079,2.58654715287,0.0,1.0,0.0,0.0,0.0,1.0,0.0,0.0,0.0,1.0,2
1475332396869257855,209,1475332396863270998,gps_origin,0,1,39.7176510327,2.58654716133,0.0,1.0,0.0,0.0,0.0,1.0,0.0,0.0,0.0,1.0,2
1475332397864139201,210,1475332397862838029,gps_origin,0,1,39.7176522616,2.58654602135,0.0,1.0,0.0,0.0,0.0,1.0,0.0,0.0,0.0,1.0,2
1475332398864428235,211,1475332398863250017,gps_origin,0,1,39.7176480835,2.5865453363,0.0,1.0,0.0,0.0,0.0,1.0,0.0,0.0,0.0,1.0,2
1475332399866583553,212,1475332399862829923,gps_origin,0,1,39.717650752,2.58654757417,0.0,1.0,0.0,0.0,0.0,1.0,0.0,0.0,0.0,1.0,2
1475332400864140557,213,1475332400863049030,gps_origin,0,1,39.7176508644,2.58654577368,0.0,1.0,0.0,0.0,0.0,1.0,0.0,0.0,0.0,1.0,2
1475332401865282728,214,1475332401862979888,gps_origin,0,1,39.7176508872,2.5865455811,0.0,1.0,0.0,0.0,0.0,1.0,0.0,0.0,0.0,1.0,2
1475332402864560622,215,1475332402862958908,gps_origin,0,1,39.7176518888,2.58654511989,0.0,1.0,0.0,0.0,0.0,1.0,0.0,0.0,0.0,1.0,2
1475332403865163233,216,1475332403863370895,gps_origin,0,1,39.7176500839,2.58654640226,0.0,1.0,0.0,0.0,0.0,1.0,0.0,0.0,0.0,1.0,2
1475332404864569307,217,1475332404862942934,gps_origin,0,1,39.7176495531,2.58654698989,0.0,1.0,0.0,0.0,0.0,1.0,0.0,0.0,0.0,1.0,2
1475332405864649193,218,1475332405862696886,gps_origin,0,1,39.7176498376,2.586546843,0.0,1.0,0.0,0.0,0.0,1.0,0.0,0.0,0.0,1.0,2
1475332406864417498,219,1475332406863254070,gps_origin,0,1,39.7176515644,2.58654812358,0.0,1.0,0.0,0.0,0.0,1.0,0.0,0.0,0.0,1.0,2
1475332407863647040,220,1475332407862610101,gps_origin,0,1,39.7176505885,2.58654754533,0.0,1.0,0.0,0.0,0.0,1.0,0.0,0.0,0.0,1.0,2
1475332408864744803,221,1475332408863095045,gps_origin,0,1,39.7176503877,2.58654670861,0.0,1.0,0.0,0.0,0.0,1.0,0.0,0.0,0.0,1.0,2
1475332409864829574,222,1475332409862977027,gps_origin,0,1,39.7176512957,2.58654769543,0.0,1.0,0.0,0.0,0.0,1.0,0.0,0.0,0.0,1.0,2
1475332410863871649,223,1475332410862782001,gps_origin,0,1,39.7176492977,2.58654700358,0.0,1.0,0.0,0.0,0.0,1.0,0.0,0.0,0.0,1.0,2
1475332411885726521,224,1475332411862843990,gps_origin,0,1,39.7176505072,2.58654665871,0.0,1.0,0.0,0.0,0.0,1.0,0.0,0.0,0.0,1.0,2
1475332412863788913,225,1475332412862777948,gps_origin,0,1,39.7176493824,2.58654621095,0.0,1.0,0.0,0.0,0.0,1.0,0.0,0.0,0.0,1.0,2
1475332413868165720,226,1475332413863295078,gps_origin,0,1,39.7176499552,2.58654745432,0.0,1.0,0.0,0.0,0.0,1.0,0.0,0.0,0.0,1.0,2
1475332414865144002,227,1475332414863121986,gps_origin,0,1,39.7176511115,2.58654612476,0.0,1.0,0.0,0.0,0.0,1.0,0.0,0.0,0.0,1.0,2
1475332415864096795,228,1475332415862782001,gps_origin,0,1,39.7176512653,2.58654631708,0.0,1.0,0.0,0.0,0.0,1.0,0.0,0.0,0.0,1.0,2
1475332416870692150,229,1475332416862976074,gps_origin,0,1,39.7176510032,2.58654459411,0.0,1.0,0.0,0.0,0.0,1.0,0.0,0.0,0.0,1.0,2
1475332417864991399,230,1475332417863540887,gps_origin,0,1,39.7176489097,2.58654680302,0.0,1.0,0.0,0.0,0.0,1.0,0.0,0.0,0.0,1.0,2
1475332418867461082,231,1475332418861946105,gps_origin,0,1,39.7176483479,2.58654549922,0.0,1.0,0.0,0.0,0.0,1.0,0.0,0.0,0.0,1.0,2
1475332419865734785,232,1475332419864120006,gps_origin,0,1,39.7176504484,2.58654671024,0.0,1.0,0.0,0.0,0.0,1.0,0.0,0.0,0.0,1.0,2
1475332420864961019,233,1475332420862920045,gps_origin,0,1,39.7176504286,2.58654623423,0.0,1.0,0.0,0.0,0.0,1.0,0.0,0.0,0.0,1.0,2
1475332421867208517,234,1475332421862735986,gps_origin,0,1,39.7176520587,2.58654531174,0.0,1.0,0.0,0.0,0.0,1.0,0.0,0.0,0.0,1.0,2
1475332422865243277,235,1475332422863018989,gps_origin,0,1,39.7176498708,2.58654325595,0.0,1.0,0.0,0.0,0.0,1.0,0.0,0.0,0.0,1.0,2
1475332423865870824,236,1475332423863827943,gps_origin,0,1,39.7176507381,2.58654511743,0.0,1.0,0.0,0.0,0.0,1.0,0.0,0.0,0.0,1.0,2
1475332424869962191,237,1475332424863260984,gps_origin,0,1,39.7176501011,2.58654445149,0.0,1.0,0.0,0.0,0.0,1.0,0.0,0.0,0.0,1.0,2
1475332425864697048,238,1475332425863004922,gps_origin,0,1,39.7176516845,2.58654665114,0.0,1.0,0.0,0.0,0.0,1.0,0.0,0.0,0.0,1.0,2
1475332426868641698,239,1475332426863219976,gps_origin,0,1,39.7176512095,2.58654567879,0.0,1.0,0.0,0.0,0.0,1.0,0.0,0.0,0.0,1.0,2
1475332427864195171,240,1475332427862087965,gps_origin,0,1,39.7176494523,2.58654768433,0.0,1.0,0.0,0.0,0.0,1.0,0.0,0.0,0.0,1.0,2
1475332428866131133,241,1475332428863459110,gps_origin,0,1,39.7176495495,2.58654595888,0.0,1.0,0.0,0.0,0.0,1.0,0.0,0.0,0.0,1.0,2
1475332429864342336,242,1475332429863462924,gps_origin,0,1,39.7176497031,2.58654645602,0.0,1.0,0.0,0.0,0.0,1.0,0.0,0.0,0.0,1.0,2
1475332430864192427,243,1475332430862732887,gps_origin,0,1,39.7176498233,2.58654471575,0.0,1.0,0.0,0.0,0.0,1.0,0.0,0.0,0.0,1.0,2
1475332431864908464,244,1475332431863132953,gps_origin,0,1,39.7176511042,2.58654516646,0.0,1.0,0.0,0.0,0.0,1.0,0.0,0.0,0.0,1.0,2
1475332432865586291,245,1475332432863307952,gps_origin,0,1,39.7176509356,2.58654593995,0.0,1.0,0.0,0.0,0.0,1.0,0.0,0.0,0.0,1.0,2
1475332433864971928,246,1475332433862632989,gps_origin,0,1,39.7176497669,2.58654671028,0.0,1.0,0.0,0.0,0.0,1.0,0.0,0.0,0.0,1.0,2
1475332434866047037,247,1475332434863008022,gps_origin,0,1,39.7176507821,2.58654712136,0.0,1.0,0.0,0.0,0.0,1.0,0.0,0.0,0.0,1.0,2
1475332435864679428,248,1475332435862611055,gps_origin,0,1,39.7176513945,2.58654807952,0.0,1.0,0.0,0.0,0.0,1.0,0.0,0.0,0.0,1.0,2
1475332436864162452,249,1475332436862829923,gps_origin,0,1,39.7176512345,2.58654625901,0.0,1.0,0.0,0.0,0.0,1.0,0.0,0.0,0.0,1.0,2
1475332437865376682,250,1475332437862466096,gps_origin,0,1,39.7176499537,2.58654672156,0.0,1.0,0.0,0.0,0.0,1.0,0.0,0.0,0.0,1.0,2
1475332438864456847,251,1475332438863473892,gps_origin,0,1,39.7176490987,2.58654648165,0.0,1.0,0.0,0.0,0.0,1.0,0.0,0.0,0.0,1.0,2
1475332439864470715,252,1475332439862782955,gps_origin,0,1,39.7176495756,2.586549013,0.0,1.0,0.0,0.0,0.0,1.0,0.0,0.0,0.0,1.0,2
1475332440863355546,253,1475332440862377882,gps_origin,0,1,39.7176519023,2.58654761184,0.0,1.0,0.0,0.0,0.0,1.0,0.0,0.0,0.0,1.0,2
1475332441865785027,254,1475332441863101959,gps_origin,0,1,39.7176506752,2.58654498302,0.0,1.0,0.0,0.0,0.0,1.0,0.0,0.0,0.0,1.0,2
1475332442868287583,255,1475332442862822055,gps_origin,0,1,39.7176508102,2.58654600178,0.0,1.0,0.0,0.0,0.0,1.0,0.0,0.0,0.0,1.0,2
1475332443864887305,256,1475332443862797975,gps_origin,0,1,39.7176511004,2.586546648,0.0,1.0,0.0,0.0,0.0,1.0,0.0,0.0,0.0,1.0,2
1475332444865569742,257,1475332444863326072,gps_origin,0,1,39.7176497891,2.58654384661,0.0,1.0,0.0,0.0,0.0,1.0,0.0,0.0,0.0,1.0,2
1475332445866870051,258,1475332445863112926,gps_origin,0,1,39.7176509374,2.58654466439,0.0,1.0,0.0,0.0,0.0,1.0,0.0,0.0,0.0,1.0,2
1475332446866053897,259,1475332446863473892,gps_origin,0,1,39.7176508938,2.58654586066,0.0,1.0,0.0,0.0,0.0,1.0,0.0,0.0,0.0,1.0,2
1475332447895260505,260,1475332447894481897,gps_origin,0,1,39.7176511121,2.58654664933,0.0,1.0,0.0,0.0,0.0,1.0,0.0,0.0,0.0,1.0,2
1475332448866441865,261,1475332448862505912,gps_origin,0,1,39.7176491782,2.58654463829,0.0,1.0,0.0,0.0,0.0,1.0,0.0,0.0,0.0,1.0,2
1475332449887813671,262,1475332449874249935,gps_origin,0,1,39.7176506428,2.58654630913,0.0,1.0,0.0,0.0,0.0,1.0,0.0,0.0,0.0,1.0,2
1475332450863932714,263,1475332450862633943,gps_origin,0,1,39.7176504273,2.58654640201,0.0,1.0,0.0,0.0,0.0,1.0,0.0,0.0,0.0,1.0,2
1475332451867867305,264,1475332451862905979,gps_origin,0,1,39.7176506869,2.58654733482,0.0,1.0,0.0,0.0,0.0,1.0,0.0,0.0,0.0,1.0,2
1475332452868451208,265,1475332452863136053,gps_origin,0,1,39.7176512143,2.58654521881,0.0,1.0,0.0,0.0,0.0,1.0,0.0,0.0,0.0,1.0,2
1475332453894981563,266,1475332453890234947,gps_origin,0,1,39.7176496892,2.58654557752,0.0,1.0,0.0,0.0,0.0,1.0,0.0,0.0,0.0,1.0,2
1475332454866195615,267,1475332454862382888,gps_origin,0,1,39.7176489803,2.58654571165,0.0,1.0,0.0,0.0,0.0,1.0,0.0,0.0,0.0,1.0,2
1475332455864016823,268,1475332455862202882,gps_origin,0,1,39.7176514149,2.58654648335,0.0,1.0,0.0,0.0,0.0,1.0,0.0,0.0,0.0,1.0,2
1475332456868101932,269,1475332456862202882,gps_origin,0,1,39.7176505792,2.58654710031,0.0,1.0,0.0,0.0,0.0,1.0,0.0,0.0,0.0,1.0,2
1475332457869382629,270,1475332457865488052,gps_origin,0,1,39.7176501329,2.58654515916,0.0,1.0,0.0,0.0,0.0,1.0,0.0,0.0,0.0,1.0,2
1475332458867768627,271,1475332458862487077,gps_origin,0,1,39.7176511962,2.58654521339,0.0,1.0,0.0,0.0,0.0,1.0,0.0,0.0,0.0,1.0,2
1475332459867547037,272,1475332459863336086,gps_origin,0,1,39.7176514469,2.58654597613,0.0,1.0,0.0,0.0,0.0,1.0,0.0,0.0,0.0,1.0,2
1475332460870763915,273,1475332460863456964,gps_origin,0,1,39.7176492453,2.58654864984,0.0,1.0,0.0,0.0,0.0,1.0,0.0,0.0,0.0,1.0,2
1475332461863684997,274,1475332461862811088,gps_origin,0,1,39.7176518186,2.58654582884,0.0,1.0,0.0,0.0,0.0,1.0,0.0,0.0,0.0,1.0,2
1475332462867533946,275,1475332462861834049,gps_origin,0,1,39.7176497165,2.58654765095,0.0,1.0,0.0,0.0,0.0,1.0,0.0,0.0,0.0,1.0,2
1475332463868089503,276,1475332463863099098,gps_origin,0,1,39.7176510971,2.58654663595,0.0,1.0,0.0,0.0,0.0,1.0,0.0,0.0,0.0,1.0,2
1475332464863183092,277,1475332464862435102,gps_origin,0,1,39.7176497386,2.58654532708,0.0,1.0,0.0,0.0,0.0,1.0,0.0,0.0,0.0,1.0,2
1475332465863933529,278,1475332465863101005,gps_origin,0,1,39.7176496341,2.58654781501,0.0,1.0,0.0,0.0,0.0,1.0,0.0,0.0,0.0,1.0,2
1475332466863672308,279,1475332466862345933,gps_origin,0,1,39.7176501126,2.58654620139,0.0,1.0,0.0,0.0,0.0,1.0,0.0,0.0,0.0,1.0,2
1475332467864117199,280,1475332467862862110,gps_origin,0,1,39.7176512896,2.58654616884,0.0,1.0,0.0,0.0,0.0,1.0,0.0,0.0,0.0,1.0,2
1475332468863672607,281,1475332468863024950,gps_origin,0,1,39.7176501532,2.58654635621,0.0,1.0,0.0,0.0,0.0,1.0,0.0,0.0,0.0,1.0,2
1475332469865157036,282,1475332469862647056,gps_origin,0,1,39.7176500428,2.58654499468,0.0,1.0,0.0,0.0,0.0,1.0,0.0,0.0,0.0,1.0,2
1475332470868376693,283,1475332470863240957,gps_origin,0,1,39.7176499444,2.58654526905,0.0,1.0,0.0,0.0,0.0,1.0,0.0,0.0,0.0,1.0,2
1475332471867114445,284,1475332471862739086,gps_origin,0,1,39.7176497712,2.58654385504,0.0,1.0,0.0,0.0,0.0,1.0,0.0,0.0,0.0,1.0,2
1475332472863039024,285,1475332472862356901,gps_origin,0,1,39.7176508532,2.58654546383,0.0,1.0,0.0,0.0,0.0,1.0,0.0,0.0,0.0,1.0,2
1475332473863565713,286,1475332473862730979,gps_origin,0,1,39.7176512604,2.5865464785,0.0,1.0,0.0,0.0,0.0,1.0,0.0,0.0,0.0,1.0,2
1475332474868584000,287,1475332474866108894,gps_origin,0,1,39.7176510372,2.58654708989,0.0,1.0,0.0,0.0,0.0,1.0,0.0,0.0,0.0,1.0,2
1475332475865514715,288,1475332475862698078,gps_origin,0,1,39.7176495277,2.5865456532,0.0,1.0,0.0,0.0,0.0,1.0,0.0,0.0,0.0,1.0,2
1475332476864775702,289,1475332476862961053,gps_origin,0,1,39.7176512855,2.58654679498,0.0,1.0,0.0,0.0,0.0,1.0,0.0,0.0,0.0,1.0,2
1475332477865175777,290,1475332477863609075,gps_origin,0,1,39.7176524026,2.58654837037,0.0,1.0,0.0,0.0,0.0,1.0,0.0,0.0,0.0,1.0,2
1475332478866849279,291,1475332478863318920,gps_origin,0,1,39.717652062,2.58654582419,0.0,1.0,0.0,0.0,0.0,1.0,0.0,0.0,0.0,1.0,2
1475332479867084060,292,1475332479863265991,gps_origin,0,1,39.7176499391,2.58654660991,0.0,1.0,0.0,0.0,0.0,1.0,0.0,0.0,0.0,1.0,2
1475332480866649281,293,1475332480864095926,gps_origin,0,1,39.7176493925,2.58654730408,0.0,1.0,0.0,0.0,0.0,1.0,0.0,0.0,0.0,1.0,2
1475332481866033904,294,1475332481863924026,gps_origin,0,1,39.7176500544,2.58654550324,0.0,1.0,0.0,0.0,0.0,1.0,0.0,0.0,0.0,1.0,2
1475332482864245175,295,1475332482862912893,gps_origin,0,1,39.7176508766,2.58654762141,0.0,1.0,0.0,0.0,0.0,1.0,0.0,0.0,0.0,1.0,2
1475332483864216912,296,1475332483862621068,gps_origin,0,1,39.717648025,2.58654606017,0.0,1.0,0.0,0.0,0.0,1.0,0.0,0.0,0.0,1.0,2
1475332484865556428,297,1475332484862821102,gps_origin,0,1,39.7176500931,2.58654453618,0.0,1.0,0.0,0.0,0.0,1.0,0.0,0.0,0.0,1.0,2
1475332485866034296,298,1475332485862920999,gps_origin,0,1,39.7176506342,2.58654544468,0.0,1.0,0.0,0.0,0.0,1.0,0.0,0.0,0.0,1.0,2
1475332486863432985,299,1475332486862787961,gps_origin,0,1,39.7176488964,2.58654573773,0.0,1.0,0.0,0.0,0.0,1.0,0.0,0.0,0.0,1.0,2
1475332487863755061,300,1475332487862534046,gps_origin,0,1,39.7176498932,2.58654641741,0.0,1.0,0.0,0.0,0.0,1.0,0.0,0.0,0.0,1.0,2
1475332488866710097,301,1475332488863070964,gps_origin,0,1,39.7176498562,2.58654730487,0.0,1.0,0.0,0.0,0.0,1.0,0.0,0.0,0.0,1.0,2
1475332489888346764,302,1475332489883389949,gps_origin,0,1,39.7176505984,2.58654605236,0.0,1.0,0.0,0.0,0.0,1.0,0.0,0.0,0.0,1.0,2
1475332490870078085,303,1475332490863132953,gps_origin,0,1,39.717649592,2.58654538584,0.0,1.0,0.0,0.0,0.0,1.0,0.0,0.0,0.0,1.0,2
1475332491892886512,304,1475332491862560987,gps_origin,0,1,39.7176501386,2.58654546459,0.0,1.0,0.0,0.0,0.0,1.0,0.0,0.0,0.0,1.0,2
1475332492867941751,305,1475332492862839937,gps_origin,0,1,39.7176523224,2.58654767586,0.0,1.0,0.0,0.0,0.0,1.0,0.0,0.0,0.0,1.0,2
1475332493895657109,306,1475332493885147094,gps_origin,0,1,39.7176496002,2.58654737387,0.0,1.0,0.0,0.0,0.0,1.0,0.0,0.0,0.0,1.0,2
1475332494868257806,307,1475332494865319013,gps_origin,0,1,39.7176501916,2.58654446396,0.0,1.0,0.0,0.0,0.0,1.0,0.0,0.0,0.0,1.0,2
1475332495890991784,308,1475332495865952014,gps_origin,0,1,39.7176499402,2.586545381,0.0,1.0,0.0,0.0,0.0,1.0,0.0,0.0,0.0,1.0,2
1475332496864724868,309,1475332496863183021,gps_origin,0,1,39.7176511235,2.58654642837,0.0,1.0,0.0,0.0,0.0,1.0,0.0,0.0,0.0,1.0,2
1475332497866111867,310,1475332497864078044,gps_origin,0,1,39.7176511728,2.586544769,0.0,1.0,0.0,0.0,0.0,1.0,0.0,0.0,0.0,1.0,2
1475332498865431018,311,1475332498863023996,gps_origin,0,1,39.7176501303,2.58654560992,0.0,1.0,0.0,0.0,0.0,1.0,0.0,0.0,0.0,1.0,2
1475332499871970311,312,1475332499864115953,gps_origin,0,1,39.7176496705,2.5865472429,0.0,1.0,0.0,0.0,0.0,1.0,0.0,0.0,0.0,1.0,2
1475332500864551971,313,1475332500862921953,gps_origin,0,1,39.7176493579,2.58654639193,0.0,1.0,0.0,0.0,0.0,1.0,0.0,0.0,0.0,1.0,2
1475332501887790059,314,1475332501885274887,gps_origin,0,1,39.7176489516,2.5865478269,0.0,1.0,0.0,0.0,0.0,1.0,0.0,0.0,0.0,1.0,2
1475332502867063049,315,1475332502863075017,gps_origin,0,1,39.7176493197,2.58654685422,0.0,1.0,0.0,0.0,0.0,1.0,0.0,0.0,0.0,1.0,2
1475332503864737601,316,1475332503862816095,gps_origin,0,1,39.7176520085,2.58654350959,0.0,1.0,0.0,0.0,0.0,1.0,0.0,0.0,0.0,1.0,2
1475332504865416250,317,1475332504862811088,gps_origin,0,1,39.7176489224,2.58654593266,0.0,1.0,0.0,0.0,0.0,1.0,0.0,0.0,0.0,1.0,2
1475332505863644260,318,1475332505862756013,gps_origin,0,1,39.717650072,2.58654599386,0.0,1.0,0.0,0.0,0.0,1.0,0.0,0.0,0.0,1.0,2
1475332506866346351,319,1475332506864173889,gps_origin,0,1,39.7176516663,2.5865466419,0.0,1.0,0.0,0.0,0.0,1.0,0.0,0.0,0.0,1.0,2
1475332507863457812,320,1475332507862380027,gps_origin,0,1,39.7176511744,2.58654929816,0.0,1.0,0.0,0.0,0.0,1.0,0.0,0.0,0.0,1.0,2
1475332508863077024,321,1475332508861943006,gps_origin,0,1,39.7176499783,2.58654803409,0.0,1.0,0.0,0.0,0.0,1.0,0.0,0.0,0.0,1.0,2
1475332509871473353,322,1475332509862283945,gps_origin,0,1,39.7176504227,2.58654394259,0.0,1.0,0.0,0.0,0.0,1.0,0.0,0.0,0.0,1.0,2
1475332510865367796,323,1475332510862831115,gps_origin,0,1,39.7176512313,2.58654553939,0.0,1.0,0.0,0.0,0.0,1.0,0.0,0.0,0.0,1.0,2
1475332511864087460,324,1475332511861818075,gps_origin,0,1,39.7176501623,2.58654612538,0.0,1.0,0.0,0.0,0.0,1.0,0.0,0.0,0.0,1.0,2
1475332512866508121,325,1475332512863610982,gps_origin,0,1,39.717649846,2.58654569007,0.0,1.0,0.0,0.0,0.0,1.0,0.0,0.0,0.0,1.0,2
1475332513863724874,326,1475332513862507104,gps_origin,0,1,39.7176524522,2.58654763167,0.0,1.0,0.0,0.0,0.0,1.0,0.0,0.0,0.0,1.0,2
1475332514865840396,327,1475332514862912893,gps_origin,0,1,39.7176489785,2.58654389767,0.0,1.0,0.0,0.0,0.0,1.0,0.0,0.0,0.0,1.0,2
1475332515868204006,328,1475332515864409923,gps_origin,0,1,39.7176511816,2.58654812494,0.0,1.0,0.0,0.0,0.0,1.0,0.0,0.0,0.0,1.0,2
1475332516869267527,329,1475332516864779949,gps_origin,0,1,39.7176501594,2.58654698921,0.0,1.0,0.0,0.0,0.0,1.0,0.0,0.0,0.0,1.0,2
1475332517865278692,330,1475332517863574981,gps_origin,0,1,39.7176506785,2.58654707516,0.0,1.0,0.0,0.0,0.0,1.0,0.0,0.0,0.0,1.0,2
1475332518865368438,331,1475332518862770080,gps_origin,0,1,39.7176503387,2.58654687886,0.0,1.0,0.0,0.0,0.0,1.0,0.0,0.0,0.0,1.0,2
1475332519867039056,332,1475332519862926959,gps_origin,0,1,39.7176512403,2.5865450328,0.0,1.0,0.0,0.0,0.0,1.0,0.0,0.0,0.0,1.0,2
1475332520864597764,333,1475332520862417936,gps_origin,0,1,39.7176497347,2.58654601105,0.0,1.0,0.0,0.0,0.0,1.0,0.0,0.0,0.0,1.0,2
1475332521865465114,334,1475332521862782001,gps_origin,0,1,39.7176494036,2.5865451272,0.0,1.0,0.0,0.0,0.0,1.0,0.0,0.0,0.0,1.0,2
1475332522863892754,335,1475332522862626075,gps_origin,0,1,39.7176505575,2.58654660835,0.0,1.0,0.0,0.0,0.0,1.0,0.0,0.0,0.0,1.0,2
1475332523871853058,336,1475332523862534999,gps_origin,0,1,39.7176500585,2.58654581332,0.0,1.0,0.0,0.0,0.0,1.0,0.0,0.0,0.0,1.0,2
1475332524864340641,337,1475332524863209009,gps_origin,0,1,39.7176510524,2.58654771498,0.0,1.0,0.0,0.0,0.0,1.0,0.0,0.0,0.0,1.0,2
1475332525864712033,338,1475332525862766981,gps_origin,0,1,39.7176487446,2.58654622192,0.0,1.0,0.0,0.0,0.0,1.0,0.0,0.0,0.0,1.0,2
1475332526865223274,339,1475332526862756967,gps_origin,0,1,39.7176505117,2.58654650532,0.0,1.0,0.0,0.0,0.0,1.0,0.0,0.0,0.0,1.0,2
1475332527864648230,340,1475332527862837076,gps_origin,0,1,39.7176510813,2.58654505495,0.0,1.0,0.0,0.0,0.0,1.0,0.0,0.0,0.0,1.0,2
