%time,field.data
1475331136873726867,50.0
1475331138874672443,66.6666717529
1475331148874933766,37.5
1475331152871889937,40.0
1475331154879529740,45.4545478821
1475331156871093073,50.0
1475331158876835748,53.846157074
1475331160872666241,57.1428604126
1475331166882190595,52.9411773682
1475331168875051569,55.555557251
1475331170873029523,57.8947372437
1475331172873911673,60.0000038147
1475331174873108019,61.9047622681
1475331180872048495,58.3333320618
1475331182875907868,60.0000038147
1475331186875523505,59.2592582703
1475331194873700660,54.8387107849
1475331196874189509,56.25
1475331198873764082,57.575756073
1475331200872101581,58.8235321045
1475331202875571431,60.0000038147
1475331204873661993,61.1111106873
1475331206872226695,62.1621627808
1475331208875940360,63.1578903198
1475331210872717571,64.1025695801
1475331212872927744,65.0
1475331214876862924,65.8536605835
1475331216873935993,66.6666717529
1475331218875757679,67.4418640137
1475331220872372162,68.1818161011
1475331222872284408,68.8888931274
1475331224874552853,69.5652160645
1475331226874129942,70.2127609253
1475331228874346518,70.8333282471
1475331232875334674,70.0
1475331234874976278,70.5882339478
1475331236872552687,71.1538467407
1475331238874831499,71.6981124878
1475331242876668139,70.9090881348
1475331244873385274,71.4285736084
1475331246879652162,71.9298248291
1475331248872260147,72.4137878418
1475331250877319558,72.8813552856
1475331252871837417,73.3333358765
1475331254875985355,73.7704925537
1475331256877724969,74.1935501099
1475331258872326024,74.6031799316
1475331260872039219,75.0
1475331262876836503,75.3846130371
1475331264874308151,75.7575759888
1475331266876236818,76.1194076538
1475331268870607221,76.4705886841
1475331270874677085,76.8115921021
1475331278879088532,73.9726028442
1475331296875700704,67.0731735229
1475331298872564150,67.4698791504
1475331300873327574,67.8571395874
1475331302873587602,68.2352981567
1475331306874329874,67.8160934448
1475331308877380039,68.1818161011
1475331310874727755,68.5393295288
1475331312877922644,68.8888931274
1475331314890195710,69.2307739258
1475331316875924343,69.5652160645
1475331320873517231,69.1489334106
1475331322875664400,69.4736862183
1475331330874905846,67.6767654419
1475331334877911403,68.0
1475331336872042824,68.0
1475331340873675822,68.0
1475331342872833826,69.0
1475331344875736356,70.0
1475331348872561563,70.0
1475331350880077802,71.0
1475331360870283006,67.0
1475331362875746969,68.0
1475331364873505121,69.0
1475331368876407610,68.0
1475331374876710066,66.0
1475331376874278962,67.0
1475331378875060505,68.0
1475331384876489180,67.0
1475331386877276078,67.0
1475331388874431987,68.0
1475331390874361626,69.0
1475331392873756228,70.0
1475331398877367463,68.0
1475331414877264324,61.0
1475331416878509341,61.0
1475331422872824170,58.9999961853
1475331424877637831,58.9999961853
1475331428870645522,58.0
1475331430878088797,58.9999961853
1475331432873612188,58.9999961853
1475331434879451121,58.9999961853
1475331436873627940,58.9999961853
1475331438881871010,58.9999961853
1475331440873459949,60.0000038147
1475331442872918970,60.0000038147
1475331446876610270,58.9999961853
1475331448872963962,58.9999961853
1475331450879442325,58.9999961853
1475331452875092047,58.9999961853
1475331454872036672,58.9999961853
1475331456874322117,58.9999961853
1475331458879765056,58.9999961853
1475331464873941081,57.0
1475331466873181605,57.0
1475331468872322614,57.0
1475331470871662644,57.0
1475331472872339651,58.0
1475331474871424089,58.9999961853
1475331476879014999,60.0000038147
1475331478871378181,60.0000038147
1475331480872415416,61.0
1475331482871024813,62.0
1475331486876827082,63.0
1475331488870917659,64.0
1475331492872657691,65.0
1475331494881547238,66.0
1475331500877018618,64.0
1475331502876627124,64.0
1475331504871885870,65.0
1475331506873366514,65.0
1475331510879113620,64.0
1475331512871146056,64.0
1475331514882518803,64.0
1475331522872575497,62.0
1475331524873435313,63.0
1475331526874996103,64.0
1475331528873594914,65.0
1475331532875446479,65.0
1475331536873591187,64.0
1475331538878640444,65.0
1475331542881195330,64.0
1475331544875892944,64.0
1475331546871773299,65.0
1475331548875484885,65.0
1475331550872782236,65.0
1475331552875366575,66.0
1475331556878155920,67.0
1475331558879799722,68.0
1475331564878780486,66.0
1475331566873079239,67.0
1475331568872612081,67.0
1475331572874128928,68.0
1475331574875089391,68.0
1475331576871972702,68.0
1475331578873167240,68.0
1475331580880258544,69.0
1475331584874239310,69.0
1475331586872012575,69.0
1475331588874593596,69.0
1475331590873863254,69.0
1475331592872053703,69.0
1475331594875705482,70.0
1475331596874868745,71.0
1475331600878129050,71.0
1475331602871739488,72.0
1475331604871542434,73.0
1475331606873166619,74.0
1475331610878001999,75.0
1475331612877880235,76.0
1475331614880374763,76.0
1475331616879578254,76.0
1475331618874592544,77.0
1475331620876725868,78.0
1475331626875641156,77.0
1475331628874720820,77.0
1475331630870959363,77.0
1475331632879021020,77.0
1475331634878374490,77.0
1475331636879481951,77.0
1475331638883229375,77.0
1475331644877771104,76.0
1475331646883418418,76.0
1475331648877106195,76.0
1475331650872265762,76.0
1475331652875477446,76.0
1475331654878766599,76.0
1475331656883884096,76.0
1475331660872549820,76.0
1475331662891211708,77.0
1475331668873701539,75.0
1475331672881153340,74.0
1475331674887019968,74.0
1475331678877080811,73.0
1475331680875926294,73.0
1475331682872641846,73.0
1475331686873034810,73.0
1475331688872399796,73.0
1475331690878997581,74.0
1475331692871674680,74.0
1475331694870827861,74.0
1475331696870398914,75.0
1475331698878185320,76.0
1475331700871361024,76.0
1475331706875012939,74.0
1475331708873330982,75.0
1475331710876595185,75.0
1475331712878014753,75.0
1475331714874687405,75.0
1475331716873731558,76.0
1475331718876312826,77.0
1475331720872020878,78.0
1475331724876340740,77.0
1475331734874776650,75.0
1475331736871204260,75.0
1475331742877541480,74.0
1475331744870954815,74.0
1475331746876577892,74.0
1475331750873899581,73.0
1475331752873597200,73.0
1475331754880706297,74.0
1475331756870835300,74.0
1475331760870761781,74.0
1475331764879859265,74.0
1475331766881106419,74.0
1475331768871203187,74.0
1475331770875750674,75.0
1475331772873350146,75.0
1475331774872288323,75.0
1475331778870622307,74.0
1475331780872012372,74.0
1475331782870835603,75.0
1475331790870598540,72.0
1475331792872247179,72.0
1475331794874337817,72.0
1475331796871407623,72.0
1475331798871003418,73.0
1475331802890997103,72.0
1475331804875838301,72.0
1475331806871379121,72.0
1475331808877859129,73.0
1475331810874715359,73.0
1475331812877615085,73.0
1475331814872483229,73.0
1475331816873545266,73.0
1475331820901054680,72.0
1475331822875698328,73.0
1475331826877150904,73.0
1475331828878967566,73.0
1475331830875364067,73.0
1475331832872390653,73.0
1475331834875953931,73.0
1475331836871040498,73.0
1475331840870971959,73.0
1475331846872169607,72.0
1475331848874008379,72.0
1475331854874659217,70.0
1475331856872777560,70.0
1475331858878377799,71.0
1475331860876364249,71.0
1475331862873722315,71.0
1475331864874782281,72.0
1475331866875648203,73.0
1475331868872595477,73.0
1475331870871282134,74.0
1475331872872455540,74.0
1475331878879068271,73.0
1475331880872520278,73.0
1475331882874064289,73.0
1475331884873303631,74.0
1475331886879310537,74.0
1475331888876114557,74.0
1475331890879196752,74.0
1475331892893917008,74.0
1475331894875580396,74.0
1475331896873615980,74.0
1475331898872401357,74.0
1475331900873432073,74.0
1475331902870987901,75.0
1475331904873728555,76.0
1475331908876438430,75.0
1475331910874985848,75.0
1475331912872749472,75.0
1475331914871564893,75.0
1475331924871438669,72.0
1475331926877123331,73.0
1475331928872324715,74.0
1475331930871034702,75.0
1475331932872960652,76.0
1475331934874243244,76.0
1475331936873782831,76.0
1475331940871935686,77.0
1475331942878449841,77.0
1475331944876064871,77.0
1475331946905217428,77.0
1475331948883449007,78.0
1475331950872431980,78.0
1475331952875080924,78.0
1475331954873391224,78.0
1475331956873957611,78.0
1475331960872588023,78.0
1475331962873298701,79.0
1475331964873008072,79.0
1475331966872686872,79.0
1475331968873956782,79.0
1475331970877572731,79.0
1475331972876423117,79.0
1475331974875780864,79.0
1475331976872602443,80.0
1475331980871672199,79.0
1475331982873680447,79.0
1475331992873742465,78.0
1475331994872892156,78.0
1475331998875462459,77.0
1475332000882501111,78.0
1475332002875767733,78.0
1475332004877480082,78.0
1475332006876118819,78.0
1475332008876822021,78.0
1475332010879766153,78.0
1475332012876033423,78.0
1475332014872864771,78.0
1475332016873378789,78.0
1475332018871770770,79.0
1475332030871246801,75.0
1475332036876217933,73.0
1475332038871585218,74.0
1475332044875725169,74.0
1475332046874194277,74.0
1475332048878128026,74.0
1475332052870442733,75.0
1475332054874489747,75.0
1475332056875546948,75.0
1475332058878771761,75.0
1475332060876710239,75.0
1475332062874789650,75.0
1475332064875498604,75.0
1475332072875416063,72.0
1475332074874418700,73.0
1475332076879623463,74.0
1475332078881938630,74.0
1475332080875497763,74.0
1475332084879791068,73.0
1475332090879127805,71.0
1475332094877061190,70.0
1475332096876163461,70.0
1475332100873799691,69.0
1475332104873990252,68.0
1475332106877196479,69.0
1475332108874800401,69.0
1475332112874781117,68.0
1475332114872492749,68.0
1475332116874512736,69.0
1475332118887494353,70.0
1475332120874296587,71.0
1475332122876228864,72.0
1475332124877299965,72.0
1475332126876589304,72.0
1475332128874874204,72.0
1475332132877455288,71.0
1475332134874766931,71.0
1475332136878320374,71.0
1475332144874927876,69.0
1475332152876949065,66.0
1475332154874929198,66.0
1475332156881112914,66.0
1475332158875685026,67.0
1475332160874300444,67.0
1475332162876037761,67.0
1475332164873378468,67.0
1475332170875413415,65.0
1475332172871580413,65.0
1475332174870596708,65.0
1475332176874045270,65.0
1475332178876542509,66.0
1475332180875770974,66.0
1475332182878792342,66.0
1475332186880586247,67.0
1475332188879107840,68.0
1475332194872444322,67.0
1475332196880165680,68.0
1475332198871628121,68.0
1475332204876242504,66.0
1475332206880317304,66.0
1475332210879880597,65.0
1475332212878690614,65.0
1475332214877634352,65.0
1475332216878270303,65.0
1475332218878640245,65.0
1475332220872114500,66.0
1475332222878945854,67.0
1475332224873410938,68.0
1475332226881161840,69.0
1475332228870912318,70.0
1475332232879044391,70.0
1475332234875496265,71.0
1475332236874282899,71.0
1475332238875759998,71.0
1475332240880662066,72.0
1475332242877379646,73.0
1475332246876422911,72.0
1475332248874270463,72.0
1475332252872904150,72.0
1475332254872654733,72.0
1475332256875363092,72.0
1475332258874937773,72.0
1475332262875763578,71.0
1475332264893551835,71.0
1475332266876168106,72.0
1475332268874270554,73.0
