%time,field.header.seq,field.header.stamp,field.header.frame_id,field.measurement_time,field.remote_address,field.X,field.Y,field.Z,field.N,field.E,field.U,field.roll,field.pitch,field.yaw,field.propagation_time,field.rssi,field.integrity,field.accuracy
1475331134871760865,1,1475331132867871999,,0.0,0,0.0,0.0,0.0,-3.93546843529,8.75217056274,-2.30129718781,0.0,0.0,0.0,0.0,-40.0,120.0,0.899999976158
1475331136868696798,2,1475331134866780996,,0.0,0,0.0,0.0,0.0,-4.08727836609,8.69099521637,-2.23528409004,0.0,0.0,0.0,0.0,-40.0,120.0,0.899999976158
1475331138868456291,3,1475331136868201017,,0.0,0,0.0,0.0,0.0,-4.13466644287,9.17926120758,-1.46183025837,0.0,0.0,0.0,0.0,-40.0,120.0,0.899999976158
1475331140869332360,4,1475331138867736101,,0.0,0,0.0,0.0,0.0,-3.85673761368,8.60289001465,-1.6483528614,0.0,0.0,0.0,0.0,-40.0,120.0,0.899999976158
1475331142868992480,5,1475331140867562055,,0.0,0,0.0,0.0,0.0,-5.03341817856,8.08093357086,-2.0115301609,0.0,0.0,0.0,0.0,-40.0,120.0,0.899999976158
1475331144868513203,6,1475331142867741107,,0.0,0,0.0,0.0,0.0,-4.31324720383,8.78006744385,-0.801878809929,0.0,0.0,0.0,0.0,-40.0,120.0,0.899999976158
1475331146874731270,7,1475331144868103027,,0.0,0,0.0,0.0,0.0,-4.66533136368,9.57971572876,-1.73985028267,0.0,0.0,0.0,0.0,-40.0,120.0,0.899999976158
1475331148869364206,8,1475331146867645978,,0.0,0,0.0,0.0,0.0,-5.15891313553,10.2345123291,-1.35644936562,0.0,0.0,0.0,0.0,-40.0,120.0,0.899999976158
1475331150867605710,9,1475331148868125915,,0.0,0,0.0,0.0,0.0,-4.57402276993,8.43683052063,-1.25562059879,0.0,0.0,0.0,0.0,-40.0,120.0,0.899999976158
1475331152868097270,10,1475331150867085933,,0.0,0,0.0,0.0,0.0,-4.56688451767,9.5537853241,-0.551163554192,0.0,0.0,0.0,0.0,-40.0,120.0,0.899999976158
1475331154873024770,11,1475331152867671966,,0.0,0,0.0,0.0,0.0,-4.46152114868,9.44962978363,-1.77929699421,0.0,0.0,0.0,0.0,-40.0,120.0,0.899999976158
1475331156868280590,12,1475331154867957115,,0.0,0,0.0,0.0,0.0,-3.73541092873,10.1509113312,-0.807776510715,0.0,0.0,0.0,0.0,-40.0,120.0,0.899999976158
1475331158871741692,13,1475331156867758035,,0.0,0,0.0,0.0,0.0,-3.93133068085,10.7848711014,-1.9794626236,0.0,0.0,0.0,0.0,-40.0,120.0,0.899999976158
1475331160868629627,14,1475331158868331909,,0.0,0,0.0,0.0,0.0,-3.33957743645,10.4893388748,-1.34565913677,0.0,0.0,0.0,0.0,-40.0,120.0,0.899999976158
1475331162869596592,15,1475331160868071079,,0.0,0,0.0,0.0,0.0,-2.68833422661,11.9324483871,-0.741541385651,0.0,0.0,0.0,0.0,-40.0,120.0,0.899999976158
1475331164867331266,16,1475331162868078947,,0.0,0,0.0,0.0,0.0,-3.50451779366,10.7758951187,-1.9059677124,0.0,0.0,0.0,0.0,-40.0,120.0,0.899999976158
1475331166876791973,17,1475331164866585969,,0.0,0,0.0,0.0,0.0,-3.05009317398,11.5395679474,-0.749866366386,0.0,0.0,0.0,0.0,-40.0,120.0,0.899999976158
1475331168868678261,18,1475331166868504047,,0.0,0,0.0,0.0,0.0,-2.5597589016,12.0203113556,-0.940704345703,0.0,0.0,0.0,0.0,-40.0,120.0,0.899999976158
1475331170869098653,19,1475331168868339061,,0.0,0,0.0,0.0,0.0,-2.92085599899,12.7208585739,-1.09780693054,0.0,0.0,0.0,0.0,-40.0,120.0,0.899999976158
1475331172869822849,20,1475331170867924928,,0.0,0,0.0,0.0,0.0,-2.47129273415,12.9469366074,-0.745420336723,0.0,0.0,0.0,0.0,-40.0,120.0,0.899999976158
1475331174869263527,21,1475331172868351936,,0.0,0,0.0,0.0,0.0,-2.23720693588,13.8445482254,-1.1937828064,0.0,0.0,0.0,0.0,-40.0,120.0,0.899999976158
1475331176868467303,22,1475331174868536949,,0.0,0,0.0,0.0,0.0,-1.47717320919,13.3595733643,-0.481910794973,0.0,0.0,0.0,0.0,-40.0,120.0,0.899999976158
1475331178870025301,23,1475331176867969036,,0.0,0,0.0,0.0,0.0,-0.583813667297,15.0701093674,-0.771780908108,0.0,0.0,0.0,0.0,-40.0,120.0,0.899999976158
1475331180868936823,24,1475331178868083953,,0.0,0,0.0,0.0,0.0,-1.36678147316,15.7303380966,-0.170522272587,0.0,0.0,0.0,0.0,-40.0,120.0,0.899999976158
1475331182869433714,25,1475331180868599891,,0.0,0,0.0,0.0,0.0,-1.34586405754,16.7124061584,-1.05002820492,0.0,0.0,0.0,0.0,-40.0,120.0,0.899999976158
1475331184868212217,26,1475331182868352890,,0.0,0,0.0,0.0,0.0,-1.00753414631,16.0242576599,-1.31141507626,0.0,0.0,0.0,0.0,-40.0,120.0,0.899999976158
1475331186870823770,27,1475331184867852926,,0.0,0,0.0,0.0,0.0,-1.0818734169,16.8956928253,-1.02470421791,0.0,0.0,0.0,0.0,-40.0,120.0,0.899999976158
1475331188868423142,28,1475331186868486881,,0.0,0,0.0,0.0,0.0,-1.74974799156,18.5324020386,-0.194012910128,0.0,0.0,0.0,0.0,-40.0,120.0,0.899999976158
1475331190869701047,29,1475331188867903947,,0.0,0,0.0,0.0,0.0,-0.869805395603,18.36460495,-0.589459657669,0.0,0.0,0.0,0.0,-40.0,120.0,0.899999976158
1475331192868433693,30,1475331190868747949,,0.0,0,0.0,0.0,0.0,-2.30381083488,18.3657588959,-0.574973523617,0.0,0.0,0.0,0.0,-40.0,120.0,0.899999976158
1475331194868904530,31,1475331192867547988,,0.0,0,0.0,0.0,0.0,-2.13560056686,18.3082733154,-0.684431374073,0.0,0.0,0.0,0.0,-40.0,120.0,0.899999976158
1475331196868382760,32,1475331194867880105,,0.0,0,0.0,0.0,0.0,-2.49171590805,18.8426647186,-0.420315027237,0.0,0.0,0.0,0.0,-40.0,120.0,0.899999976158
1475331198870215083,33,1475331196867753982,,0.0,0,0.0,0.0,0.0,-3.35660219193,19.3170032501,-1.11984348297,0.0,0.0,0.0,0.0,-40.0,120.0,0.899999976158
1475331200868211437,34,1475331198868771076,,0.0,0,0.0,0.0,0.0,-3.86585140228,19.3818588257,-0.863020122051,0.0,0.0,0.0,0.0,-40.0,120.0,0.899999976158
1475331202869830083,35,1475331200867686033,,0.0,0,0.0,0.0,0.0,-4.44876527786,19.0036659241,-1.01632714272,0.0,0.0,0.0,0.0,-40.0,120.0,0.899999976158
1475331204869895812,36,1475331202867635011,,0.0,0,0.0,0.0,0.0,-4.49079036713,19.8294811249,-0.717933297157,0.0,0.0,0.0,0.0,-40.0,120.0,0.899999976158
1475331206869333677,37,1475331204868716955,,0.0,0,0.0,0.0,0.0,-5.13937807083,20.2699375153,-1.15585839748,0.0,0.0,0.0,0.0,-40.0,120.0,0.899999976158
1475331208870089338,38,1475331206868186950,,0.0,0,0.0,0.0,0.0,-5.42682600021,19.4042453766,-0.503312289715,0.0,0.0,0.0,0.0,-40.0,120.0,0.899999976158
1475331210869011697,39,1475331208868191957,,0.0,0,0.0,0.0,0.0,-6.56094455719,20.1690196991,-0.456460177898,0.0,0.0,0.0,0.0,-40.0,120.0,0.899999976158
1475331212868404505,40,1475331210867892980,,0.0,0,0.0,0.0,0.0,-6.50840806961,19.5841064453,-0.66333770752,0.0,0.0,0.0,0.0,-40.0,120.0,0.899999976158
1475331214873025752,41,1475331212868110895,,0.0,0,0.0,0.0,0.0,-7.43992519379,19.7146549225,-0.389683842659,0.0,0.0,0.0,0.0,-40.0,120.0,0.899999976158
1475331216869416457,42,1475331214870696067,,0.0,0,0.0,0.0,0.0,-8.23404407501,20.8311538696,-0.9230645895,0.0,0.0,0.0,0.0,-40.0,120.0,0.899999976158
1475331218870440678,43,1475331216868316888,,0.0,0,0.0,0.0,0.0,-9.30339050293,20.8238048553,-0.871155381203,0.0,0.0,0.0,0.0,-40.0,120.0,0.899999976158
1475331220869516969,44,1475331218869582891,,0.0,0,0.0,0.0,0.0,-9.32668590546,21.1069221497,-0.190860629082,0.0,0.0,0.0,0.0,-40.0,120.0,0.899999976158
1475331222868883971,45,1475331220868001937,,0.0,0,0.0,0.0,0.0,-10.3327798843,21.4610500336,-1.5147203207,0.0,0.0,0.0,0.0,-40.0,120.0,0.899999976158
1475331224869653977,46,1475331222867974996,,0.0,0,0.0,0.0,0.0,-10.8667612076,22.0567855835,-0.15199688077,0.0,0.0,0.0,0.0,-40.0,120.0,0.899999976158
1475331226868717393,47,1475331224868829965,,0.0,0,0.0,0.0,0.0,-12.3993406296,21.5983409882,-0.777605116367,0.0,0.0,0.0,0.0,-40.0,120.0,0.899999976158
1475331228868978489,48,1475331226868029117,,0.0,0,0.0,0.0,0.0,-13.0525979996,22.7087039948,-0.735553562641,0.0,0.0,0.0,0.0,-40.0,120.0,0.899999976158
1475331230868556723,49,1475331228867724895,,0.0,0,0.0,0.0,0.0,-12.7315502167,21.9622859955,-0.298007905483,0.0,0.0,0.0,0.0,-40.0,120.0,0.899999976158
1475331232871140776,50,1475331230867860078,,0.0,0,0.0,0.0,0.0,-13.5051002502,22.1167678833,-1.24930012226,0.0,0.0,0.0,0.0,-40.0,120.0,0.899999976158
1475331234867938803,51,1475331232870474100,,0.0,0,0.0,0.0,0.0,-14.7818613052,22.6811408997,-0.76414847374,0.0,0.0,0.0,0.0,-40.0,120.0,0.899999976158
1475331236869321464,52,1475331234867508888,,0.0,0,0.0,0.0,0.0,-15.5913677216,22.9123649597,-1.42819845676,0.0,0.0,0.0,0.0,-40.0,120.0,0.899999976158
1475331238870147649,53,1475331236868747949,,0.0,0,0.0,0.0,0.0,-16.7623176575,22.2266921997,-0.509219706059,0.0,0.0,0.0,0.0,-40.0,120.0,0.899999976158
1475331240870388805,54,1475331238868124961,,0.0,0,0.0,0.0,0.0,-16.0359172821,22.773021698,-1.20901250839,0.0,0.0,0.0,0.0,-40.0,120.0,0.899999976158
1475331242868930307,55,1475331240868937015,,0.0,0,0.0,0.0,0.0,-16.541519165,22.0567169189,0.0345179140568,0.0,0.0,0.0,0.0,-40.0,120.0,0.899999976158
1475331244869432775,56,1475331242868351936,,0.0,0,0.0,0.0,0.0,-17.5107440948,21.9894638062,-0.863566696644,0.0,0.0,0.0,0.0,-40.0,120.0,0.899999976158
1475331246870456831,57,1475331244868721008,,0.0,0,0.0,0.0,0.0,-18.2501602173,22.113079071,-0.749718010426,0.0,0.0,0.0,0.0,-40.0,120.0,0.899999976158
1475331248869455164,58,1475331246869944095,,0.0,0,0.0,0.0,0.0,-18.4504852295,20.6874198914,-0.729258596897,0.0,0.0,0.0,0.0,-40.0,120.0,0.899999976158
1475331250874443132,59,1475331248868464946,,0.0,0,0.0,0.0,0.0,-18.4883766174,19.8124504089,-1.40751314163,0.0,0.0,0.0,0.0,-40.0,120.0,0.899999976158
1475331252868970671,60,1475331250869431972,,0.0,0,0.0,0.0,0.0,-18.4545192719,20.005651474,-0.428128153086,0.0,0.0,0.0,0.0,-40.0,120.0,0.899999976158
1475331254869169225,61,1475331252868526935,,0.0,0,0.0,0.0,0.0,-18.5581645966,19.5489749908,-0.593394577503,0.0,0.0,0.0,0.0,-40.0,120.0,0.899999976158
1475331256874674268,62,1475331254867670059,,0.0,0,0.0,0.0,0.0,-18.2892684937,18.8531951904,-0.779709458351,0.0,0.0,0.0,0.0,-40.0,120.0,0.899999976158
1475331258869062346,63,1475331256870501995,,0.0,0,0.0,0.0,0.0,-18.4860095978,18.0940093994,-1.23707187176,0.0,0.0,0.0,0.0,-40.0,120.0,0.899999976158
1475331260869177731,64,1475331258867762088,,0.0,0,0.0,0.0,0.0,-18.8202095032,17.3634376526,-0.906070709229,0.0,0.0,0.0,0.0,-40.0,120.0,0.899999976158
1475331262870806085,65,1475331260868709087,,0.0,0,0.0,0.0,0.0,-18.4058475494,17.6191654205,-1.07875239849,0.0,0.0,0.0,0.0,-40.0,120.0,0.899999976158
1475331264869912346,66,1475331262868122100,,0.0,0,0.0,0.0,0.0,-18.7418041229,16.8014411926,-1.09248459339,0.0,0.0,0.0,0.0,-40.0,120.0,0.899999976158
1475331266869569902,67,1475331264868700027,,0.0,0,0.0,0.0,0.0,-18.5874118805,15.8562135696,-0.0719462707639,0.0,0.0,0.0,0.0,-40.0,120.0,0.899999976158
1475331268868490901,68,1475331266868175029,,0.0,0,0.0,0.0,0.0,-18.256155014,16.238199234,-1.01378977299,0.0,0.0,0.0,0.0,-40.0,120.0,0.899999976158
1475331270868968924,69,1475331268868283987,,0.0,0,0.0,0.0,0.0,-18.5366325378,15.619260788,-0.69165712595,0.0,0.0,0.0,0.0,-40.0,120.0,0.899999976158
1475331272868113727,70,1475331270868088006,,0.0,0,0.0,0.0,0.0,-18.2312355042,13.3190593719,-0.186776950955,0.0,0.0,0.0,0.0,-40.0,120.0,0.899999976158
1475331274869904667,71,1475331272867714881,,0.0,0,0.0,0.0,0.0,-17.1467819214,14.6369915009,-0.229809552431,0.0,0.0,0.0,0.0,-40.0,120.0,0.899999976158
1475331276868655523,72,1475331274868946075,,0.0,0,0.0,0.0,0.0,-17.6648731232,14.2107982635,-1.09326004982,0.0,0.0,0.0,0.0,-40.0,120.0,0.899999976158
1475331278874380950,73,1475331276868032932,,0.0,0,0.0,0.0,0.0,-16.5738716125,13.6073436737,-1.25079607964,0.0,0.0,0.0,0.0,-40.0,120.0,0.899999976158
1475331280868805168,74,1475331278873491048,,0.0,0,0.0,0.0,0.0,-15.8684930801,14.4590215683,-0.990034162998,0.0,0.0,0.0,0.0,-40.0,120.0,0.899999976158
1475331282869469915,75,1475331280867997884,,0.0,0,0.0,0.0,0.0,-15.5892095566,13.08989048,-0.515038609505,0.0,0.0,0.0,0.0,-40.0,120.0,0.899999976158
1475331284868937412,76,1475331282867836952,,0.0,0,0.0,0.0,0.0,-15.3996524811,14.8358831406,-1.5070091486,0.0,0.0,0.0,0.0,-40.0,120.0,0.899999976158
1475331286869164993,77,1475331284867485046,,0.0,0,0.0,0.0,0.0,-14.5561275482,13.8009815216,-0.207942247391,0.0,0.0,0.0,0.0,-40.0,120.0,0.899999976158
1475331288869674924,78,1475331286868587970,,0.0,0,0.0,0.0,0.0,-15.254650116,12.7573099136,-1.25125932693,0.0,0.0,0.0,0.0,-40.0,120.0,0.899999976158
1475331290868278347,79,1475331288867970943,,0.0,0,0.0,0.0,0.0,-13.4202699661,12.880988121,-0.527466118336,0.0,0.0,0.0,0.0,-40.0,120.0,0.899999976158
1475331292869510341,80,1475331290867625951,,0.0,0,0.0,0.0,0.0,-14.0989122391,12.8450098038,-1.08678936958,0.0,0.0,0.0,0.0,-40.0,120.0,0.899999976158
1475331294866325015,81,1475331292867887973,,0.0,0,0.0,0.0,0.0,-11.7781925201,12.4265460968,-0.884342730045,0.0,0.0,0.0,0.0,-40.0,120.0,0.899999976158
1475331296869898898,82,1475331294866019010,,0.0,0,0.0,0.0,0.0,-11.8889636993,11.8586359024,-1.29303824902,0.0,0.0,0.0,0.0,-40.0,120.0,0.899999976158
1475331298868579553,83,1475331296868944883,,0.0,0,0.0,0.0,0.0,-11.686126709,10.8521909714,-0.763295710087,0.0,0.0,0.0,0.0,-40.0,120.0,0.899999976158
1475331300869313513,84,1475331298867963075,,0.0,0,0.0,0.0,0.0,-10.4496097565,11.1757888794,-1.69833099842,0.0,0.0,0.0,0.0,-40.0,120.0,0.899999976158
1475331302869134019,85,1475331300868657112,,0.0,0,0.0,0.0,0.0,-10.3940229416,11.35962677,-0.86158901453,0.0,0.0,0.0,0.0,-40.0,120.0,0.899999976158
1475331304874786234,86,1475331302867580890,,0.0,0,0.0,0.0,0.0,-8.47155475616,10.4831876755,-0.339040458202,0.0,0.0,0.0,0.0,-40.0,120.0,0.899999976158
1475331306869419266,87,1475331304869401931,,0.0,0,0.0,0.0,0.0,-7.33095312119,10.1020584106,-1.18206501007,0.0,0.0,0.0,0.0,-40.0,120.0,0.899999976158
1475331308868006354,88,1475331306868292093,,0.0,0,0.0,0.0,0.0,-6.48012065887,9.13396167755,-1.71294248104,0.0,0.0,0.0,0.0,-40.0,120.0,0.899999976158
1475331310868087183,89,1475331308867003917,,0.0,0,0.0,0.0,0.0,-6.37752437592,9.06217861176,-0.943042874336,0.0,0.0,0.0,0.0,-40.0,120.0,0.899999976158
1475331312869784739,90,1475331310867652893,,0.0,0,0.0,0.0,0.0,-6.35406398773,9.68711853027,-0.179777428508,0.0,0.0,0.0,0.0,-40.0,120.0,0.899999976158
1475331314881821625,91,1475331312868436098,,0.0,0,0.0,0.0,0.0,-6.41245174408,9.47468852997,-1.83834338188,0.0,0.0,0.0,0.0,-40.0,120.0,0.899999976158
1475331316869317435,92,1475331314878915071,,0.0,0,0.0,0.0,0.0,-5.82234096527,9.29135894775,-0.345821142197,0.0,0.0,0.0,0.0,-40.0,120.0,0.899999976158
1475331318868338435,93,1475331316867780923,,0.0,0,0.0,0.0,0.0,-4.10332345963,10.3424911499,-0.580170631409,0.0,0.0,0.0,0.0,-40.0,120.0,0.899999976158
1475331320869509339,94,1475331318867755889,,0.0,0,0.0,0.0,0.0,-4.14356184006,9.94946098328,-1.83923101425,0.0,0.0,0.0,0.0,-40.0,120.0,0.899999976158
1475331322869302775,95,1475331320868294954,,0.0,0,0.0,0.0,0.0,-3.1206009388,9.89860439301,-0.597630083561,0.0,0.0,0.0,0.0,-40.0,120.0,0.899999976158
1475331324869674535,96,1475331322867487907,,0.0,0,0.0,0.0,0.0,-2.67842507362,11.6013050079,-0.301874399185,0.0,0.0,0.0,0.0,-40.0,120.0,0.899999976158
1475331326868413215,97,1475331324868896961,,0.0,0,0.0,0.0,0.0,-3.27364516258,10.7507638931,-0.450594931841,0.0,0.0,0.0,0.0,-40.0,120.0,0.899999976158
1475331328868658638,98,1475331326867794990,,0.0,0,0.0,0.0,0.0,-2.8670027256,12.2590723038,-0.0431451946497,0.0,0.0,0.0,0.0,-40.0,120.0,0.899999976158
1475331330869852640,99,1475331328868130922,,0.0,0,0.0,0.0,0.0,-3.54289531708,13.0116167068,-0.133961006999,0.0,0.0,0.0,0.0,-40.0,120.0,0.899999976158
1475331332868491156,100,1475331330867722034,,0.0,0,0.0,0.0,0.0,-2.55863881111,13.0648603439,-1.43967330456,0.0,0.0,0.0,0.0,-40.0,120.0,0.899999976158
1475331334868748468,101,1475331332867628097,,0.0,0,0.0,0.0,0.0,-2.3509209156,13.3668413162,-0.217230126262,0.0,0.0,0.0,0.0,-40.0,120.0,0.899999976158
1475331336868422988,102,1475331334868113040,,0.0,0,0.0,0.0,0.0,-1.77452111244,14.6519765854,-0.347131282091,0.0,0.0,0.0,0.0,-40.0,120.0,0.899999976158
1475331338870000820,103,1475331336868145942,,0.0,0,0.0,0.0,0.0,-2.97825288773,14.7985248566,-1.04445576668,0.0,0.0,0.0,0.0,-40.0,120.0,0.899999976158
1475331340869742143,104,1475331338867741107,,0.0,0,0.0,0.0,0.0,-2.17152309418,15.6105718613,-0.569876372814,0.0,0.0,0.0,0.0,-40.0,120.0,0.899999976158
1475331342867849267,105,1475331340868771076,,0.0,0,0.0,0.0,0.0,-1.72053289413,15.5118598938,-0.779647707939,0.0,0.0,0.0,0.0,-40.0,120.0,0.899999976158
1475331344868400929,106,1475331342867113113,,0.0,0,0.0,0.0,0.0,-2.04128646851,16.7911643982,-0.456592589617,0.0,0.0,0.0,0.0,-40.0,120.0,0.899999976158
1475331346869720862,107,1475331344868004083,,0.0,0,0.0,0.0,0.0,-0.964923977852,17.9468479156,-0.89422494173,0.0,0.0,0.0,0.0,-40.0,120.0,0.899999976158
1475331348869451083,108,1475331346868680953,,0.0,0,0.0,0.0,0.0,-0.744853854179,17.953660965,-0.935160517693,0.0,0.0,0.0,0.0,-40.0,120.0,0.899999976158
1475331350876818177,109,1475331348868650913,,0.0,0,0.0,0.0,0.0,-1.06349360943,18.9087924957,-0.245985582471,0.0,0.0,0.0,0.0,-40.0,120.0,0.899999976158
1475331352868673235,110,1475331350868313074,,0.0,0,0.0,0.0,0.0,-1.55920124054,17.8623256683,-2.01087379456,0.0,0.0,0.0,0.0,-40.0,120.0,0.899999976158
1475331354868449000,111,1475331352868083000,,0.0,0,0.0,0.0,0.0,-0.601924359798,19.2698516846,-0.782482087612,0.0,0.0,0.0,0.0,-40.0,120.0,0.899999976158
1475331356869794807,112,1475331354867875099,,0.0,0,0.0,0.0,0.0,-2.0478553772,19.001285553,-1.45874965191,0.0,0.0,0.0,0.0,-40.0,120.0,0.899999976158
1475331358869501307,113,1475331356868463993,,0.0,0,0.0,0.0,0.0,-1.96624326706,20.5489654541,-1.47195494175,0.0,0.0,0.0,0.0,-40.0,120.0,0.899999976158
1475331360868097352,114,1475331358868568897,,0.0,0,0.0,0.0,0.0,-2.78788018227,19.9841995239,-1.44757187366,0.0,0.0,0.0,0.0,-40.0,120.0,0.899999976158
1475331362868461125,115,1475331360867786884,,0.0,0,0.0,0.0,0.0,-3.1722843647,20.1527385712,-1.60284733772,0.0,0.0,0.0,0.0,-40.0,120.0,0.899999976158
1475331364868322677,116,1475331362867760896,,0.0,0,0.0,0.0,0.0,-3.56603980064,20.6189002991,-0.0898785889149,0.0,0.0,0.0,0.0,-40.0,120.0,0.899999976158
1475331366866951769,117,1475331364867692947,,0.0,0,0.0,0.0,0.0,-3.31768846512,21.4048709869,-1.94832909107,0.0,0.0,0.0,0.0,-40.0,120.0,0.899999976158
1475331368871142594,118,1475331366866460084,,0.0,0,0.0,0.0,0.0,-3.90185379982,21.5136184692,-0.817228853703,0.0,0.0,0.0,0.0,-40.0,120.0,0.899999976158
1475331370869537784,119,1475331368868371009,,0.0,0,0.0,0.0,0.0,-5.14090108871,20.8384609222,-1.14563131332,0.0,0.0,0.0,0.0,-40.0,120.0,0.899999976158
1475331372870741903,120,1475331370868755102,,0.0,0,0.0,0.0,0.0,-5.08229923248,21.6593017578,-0.507986962795,0.0,0.0,0.0,0.0,-40.0,120.0,0.899999976158
1475331374868741165,121,1475331372869992971,,0.0,0,0.0,0.0,0.0,-5.75064849854,21.2895565033,-1.29865109921,0.0,0.0,0.0,0.0,-40.0,120.0,0.899999976158
1475331376869022464,122,1475331374867465972,,0.0,0,0.0,0.0,0.0,-6.41837501526,21.2802906036,-0.819552779198,0.0,0.0,0.0,0.0,-40.0,120.0,0.899999976158
1475331378869722212,123,1475331376868247032,,0.0,0,0.0,0.0,0.0,-7.44421005249,22.279291153,-1.18766176701,0.0,0.0,0.0,0.0,-40.0,120.0,0.899999976158
1475331380871329471,124,1475331378868731975,,0.0,0,0.0,0.0,0.0,-7.63694810867,21.4300765991,-1.04287242889,0.0,0.0,0.0,0.0,-40.0,120.0,0.899999976158
1475331382870048107,125,1475331380869326114,,0.0,0,0.0,0.0,0.0,-9.22312831879,22.8925628662,-1.29271149635,0.0,0.0,0.0,0.0,-40.0,120.0,0.899999976158
1475331384870344648,126,1475331382868474006,,0.0,0,0.0,0.0,0.0,-8.96621227264,23.4805145264,0.252155065536,0.0,0.0,0.0,0.0,-40.0,120.0,0.899999976158
1475331386871290093,127,1475331384868860006,,0.0,0,0.0,0.0,0.0,-9.59003925323,23.0953235626,-0.835073649883,0.0,0.0,0.0,0.0,-40.0,120.0,0.899999976158
1475331388868831794,128,1475331386868968009,,0.0,0,0.0,0.0,0.0,-10.7581605911,23.7353515625,-0.844724059105,0.0,0.0,0.0,0.0,-40.0,120.0,0.899999976158
1475331390870989908,129,1475331388867830991,,0.0,0,0.0,0.0,0.0,-11.3420505524,23.7589225769,-1.27551436424,0.0,0.0,0.0,0.0,-40.0,120.0,0.899999976158
1475331392868230127,130,1475331390867872953,,0.0,0,0.0,0.0,0.0,-11.8586206436,23.8591117859,-1.70926213264,0.0,0.0,0.0,0.0,-40.0,120.0,0.899999976158
1475331394868406961,131,1475331392867911100,,0.0,0,0.0,0.0,0.0,-13.3558702469,25.3354644775,-1.55327582359,0.0,0.0,0.0,0.0,-40.0,120.0,0.899999976158
1475331396868896386,132,1475331394867993116,,0.0,0,0.0,0.0,0.0,-13.1059436798,24.63580513,-0.764113068581,0.0,0.0,0.0,0.0,-40.0,120.0,0.899999976158
1475331398869741401,133,1475331396868057966,,0.0,0,0.0,0.0,0.0,-14.0769634247,24.6833953857,-0.368444412947,0.0,0.0,0.0,0.0,-40.0,120.0,0.899999976158
1475331400871508286,134,1475331398867440938,,0.0,0,0.0,0.0,0.0,-13.8420553207,25.5023002625,-0.468693494797,0.0,0.0,0.0,0.0,-40.0,120.0,0.899999976158
1475331402870162439,135,1475331400868562936,,0.0,0,0.0,0.0,0.0,-15.5800962448,25.1893558502,-1.28970694542,0.0,0.0,0.0,0.0,-40.0,120.0,0.899999976158
1475331404867738307,136,1475331402869570016,,0.0,0,0.0,0.0,0.0,-15.1359243393,24.3287811279,-0.976750075817,0.0,0.0,0.0,0.0,-40.0,120.0,0.899999976158
1475331406870394649,137,1475331404866969108,,0.0,0,0.0,0.0,0.0,-17.0429573059,24.5197753906,-1.17007565498,0.0,0.0,0.0,0.0,-40.0,120.0,0.899999976158
1475331408868930175,138,1475331406867363929,,0.0,0,0.0,0.0,0.0,-16.1394901276,23.231760025,-0.912202060223,0.0,0.0,0.0,0.0,-40.0,120.0,0.899999976158
1475331410868761706,139,1475331408867883920,,0.0,0,0.0,0.0,0.0,-16.5893039703,24.3800525665,-0.987530648708,0.0,0.0,0.0,0.0,-40.0,120.0,0.899999976158
1475331412870781190,140,1475331410867736101,,0.0,0,0.0,0.0,0.0,-17.6169834137,22.9287281036,-0.473270237446,0.0,0.0,0.0,0.0,-40.0,120.0,0.899999976158
1475331414869189636,141,1475331412868325948,,0.0,0,0.0,0.0,0.0,-17.2731647491,22.2588844299,0.123487628996,0.0,0.0,0.0,0.0,-40.0,120.0,0.899999976158
1475331416872871263,142,1475331414868216991,,0.0,0,0.0,0.0,0.0,-17.7911643982,22.071931839,-0.339806526899,0.0,0.0,0.0,0.0,-40.0,120.0,0.899999976158
1475331418871188329,143,1475331416869467020,,0.0,0,0.0,0.0,0.0,-16.8708648682,20.7806568146,-0.942953288555,0.0,0.0,0.0,0.0,-40.0,120.0,0.899999976158
1475331420869738849,144,1475331418869699954,,0.0,0,0.0,0.0,0.0,-17.7624111176,20.6772842407,-0.817936182022,0.0,0.0,0.0,0.0,-40.0,120.0,0.899999976158
1475331422869037588,145,1475331420867475986,,0.0,0,0.0,0.0,0.0,-18.4084434509,20.1887588501,-0.788267493248,0.0,0.0,0.0,0.0,-40.0,120.0,0.899999976158
1475331424872407534,146,1475331422867536067,,0.0,0,0.0,0.0,0.0,-18.1673202515,19.6742839813,-1.15873682499,0.0,0.0,0.0,0.0,-40.0,120.0,0.899999976158
1475331426872745492,147,1475331424871545076,,0.0,0,0.0,0.0,0.0,-17.507478714,18.4972515106,-0.832734882832,0.0,0.0,0.0,0.0,-40.0,120.0,0.899999976158
1475331428867464302,148,1475331426871031045,,0.0,0,0.0,0.0,0.0,-17.614522934,18.7550449371,-1.14161908627,0.0,0.0,0.0,0.0,-40.0,120.0,0.899999976158
1475331430868486196,149,1475331428866666078,,0.0,0,0.0,0.0,0.0,-18.0190734863,18.1613540649,-1.29476416111,0.0,0.0,0.0,0.0,-40.0,120.0,0.899999976158
1475331432869428781,150,1475331430867887973,,0.0,0,0.0,0.0,0.0,-18.2301845551,18.1107025146,-1.59583771229,0.0,0.0,0.0,0.0,-40.0,120.0,0.899999976158
1475331434869002365,151,1475331432868602037,,0.0,0,0.0,0.0,0.0,-17.5627975464,17.8410072327,-0.913503825665,0.0,0.0,0.0,0.0,-40.0,120.0,0.899999976158
1475331436868372380,152,1475331434867846012,,0.0,0,0.0,0.0,0.0,-17.3766155243,17.0529918671,-0.475839585066,0.0,0.0,0.0,0.0,-40.0,120.0,0.899999976158
1475331438870824420,153,1475331436867996931,,0.0,0,0.0,0.0,0.0,-17.383441925,16.9584922791,-1.07447612286,0.0,0.0,0.0,0.0,-40.0,120.0,0.899999976158
1475331440868365935,154,1475331438867671012,,0.0,0,0.0,0.0,0.0,-17.3273029327,16.4103755951,-1.529717803,0.0,0.0,0.0,0.0,-40.0,120.0,0.899999976158
1475331442870096263,155,1475331440867789030,,0.0,0,0.0,0.0,0.0,-16.6426391602,16.0440540314,-1.49489426613,0.0,0.0,0.0,0.0,-40.0,120.0,0.899999976158
1475331444868164672,156,1475331442867409944,,0.0,0,0.0,0.0,0.0,-15.2156801224,15.8688430786,0.158955410123,0.0,0.0,0.0,0.0,-40.0,120.0,0.899999976158
1475331446868749928,157,1475331444867912054,,0.0,0,0.0,0.0,0.0,-15.4570398331,15.2054224014,-0.272649884224,0.0,0.0,0.0,0.0,-40.0,120.0,0.899999976158
1475331448868354066,158,1475331446868053913,,0.0,0,0.0,0.0,0.0,-14.9563808441,15.6292705536,-1.08069002628,0.0,0.0,0.0,0.0,-40.0,120.0,0.899999976158
1475331450869040706,159,1475331448867640018,,0.0,0,0.0,0.0,0.0,-14.5025053024,15.5497531891,-1.37389683723,0.0,0.0,0.0,0.0,-40.0,120.0,0.899999976158
1475331452867534217,160,1475331450868403911,,0.0,0,0.0,0.0,0.0,-14.2275247574,15.547249794,-1.39321124554,0.0,0.0,0.0,0.0,-40.0,120.0,0.899999976158
1475331454871507919,161,1475331452867058992,,0.0,0,0.0,0.0,0.0,-13.5709047318,14.8358945847,-0.810920953751,0.0,0.0,0.0,0.0,-40.0,120.0,0.899999976158
1475331456870192218,162,1475331454868669033,,0.0,0,0.0,0.0,0.0,-13.3023023605,14.8866691589,-0.15728046,0.0,0.0,0.0,0.0,-40.0,120.0,0.899999976158
1475331458869199732,163,1475331456867855072,,0.0,0,0.0,0.0,0.0,-12.490023613,13.9701509476,-0.563403904438,0.0,0.0,0.0,0.0,-40.0,120.0,0.899999976158
1475331460870032770,164,1475331458868038892,,0.0,0,0.0,0.0,0.0,-12.6916389465,13.1466417313,-0.640792906284,0.0,0.0,0.0,0.0,-40.0,120.0,0.899999976158
1475331462869332889,165,1475331460868247985,,0.0,0,0.0,0.0,0.0,-10.2391862869,13.7320642471,-1.27978086472,0.0,0.0,0.0,0.0,-40.0,120.0,0.899999976158
1475331464869759531,166,1475331462868349075,,0.0,0,0.0,0.0,0.0,-10.0000038147,13.1637582779,-1.03517150879,0.0,0.0,0.0,0.0,-40.0,120.0,0.899999976158
1475331466869443466,167,1475331464867741107,,0.0,0,0.0,0.0,0.0,-9.85313034058,13.067027092,-1.24363648891,0.0,0.0,0.0,0.0,-40.0,120.0,0.899999976158
1475331468868329913,168,1475331466867875099,,0.0,0,0.0,0.0,0.0,-8.76001548767,12.568154335,-0.401418834925,0.0,0.0,0.0,0.0,-40.0,120.0,0.899999976158
1475331470869489229,169,1475331468868037939,,0.0,0,0.0,0.0,0.0,-7.7868103981,12.2961521149,-0.47010281682,0.0,0.0,0.0,0.0,-40.0,120.0,0.899999976158
1475331472868532695,170,1475331470867506980,,0.0,0,0.0,0.0,0.0,-7.24818944931,11.6267728806,-0.443751037121,0.0,0.0,0.0,0.0,-40.0,120.0,0.899999976158
1475331474870191692,171,1475331472867908000,,0.0,0,0.0,0.0,0.0,-6.66503953934,10.7268400192,-1.16313230991,0.0,0.0,0.0,0.0,-40.0,120.0,0.899999976158
1475331476869133461,172,1475331474868316888,,0.0,0,0.0,0.0,0.0,-5.30595874786,10.0423851013,-0.271943360567,0.0,0.0,0.0,0.0,-40.0,120.0,0.899999976158
1475331478868019684,173,1475331476868307113,,0.0,0,0.0,0.0,0.0,-4.87274503708,10.7739467621,-0.689071714878,0.0,0.0,0.0,0.0,-40.0,120.0,0.899999976158
1475331480868874084,174,1475331478867714881,,0.0,0,0.0,0.0,0.0,-5.04730796814,10.7029209137,-1.20029079914,0.0,0.0,0.0,0.0,-40.0,120.0,0.899999976158
1475331482868412744,175,1475331480868311882,,0.0,0,0.0,0.0,0.0,-3.86939167976,11.3475542068,-0.92851626873,0.0,0.0,0.0,0.0,-40.0,120.0,0.899999976158
1475331484869396701,176,1475331482867459058,,0.0,0,0.0,0.0,0.0,-3.03677773476,10.586145401,-1.11066031456,0.0,0.0,0.0,0.0,-40.0,120.0,0.899999976158
1475331486872048724,177,1475331484868171930,,0.0,0,0.0,0.0,0.0,-2.80849695206,11.8443822861,-0.670648813248,0.0,0.0,0.0,0.0,-40.0,120.0,0.899999976158
1475331488868491138,178,1475331486871675014,,0.0,0,0.0,0.0,0.0,-1.70790934563,11.8366355896,-1.44444680214,0.0,0.0,0.0,0.0,-40.0,120.0,0.899999976158
1475331490867970509,179,1475331488867825984,,0.0,0,0.0,0.0,0.0,-2.65223884583,12.6018257141,-0.471595913172,0.0,0.0,0.0,0.0,-40.0,120.0,0.899999976158
1475331492868388497,180,1475331490867475032,,0.0,0,0.0,0.0,0.0,-2.27000308037,12.802986145,-0.541106879711,0.0,0.0,0.0,0.0,-40.0,120.0,0.899999976158
1475331494868708345,181,1475331492867933988,,0.0,0,0.0,0.0,0.0,-2.04163599014,14.1767749786,-0.454881101847,0.0,0.0,0.0,0.0,-40.0,120.0,0.899999976158
1475331496868442902,182,1475331494868139028,,0.0,0,0.0,0.0,0.0,-1.93786334991,13.7047309875,-0.907324492931,0.0,0.0,0.0,0.0,-40.0,120.0,0.899999976158
1475331498868759482,183,1475331496868036985,,0.0,0,0.0,0.0,0.0,-2.45860004425,15.1659832001,-0.643335521221,0.0,0.0,0.0,0.0,-40.0,120.0,0.899999976158
1475331500870582185,184,1475331498867764949,,0.0,0,0.0,0.0,0.0,-1.56398940086,15.4057178497,-1.53241074085,0.0,0.0,0.0,0.0,-40.0,120.0,0.899999976158
1475331502870667954,185,1475331500868042945,,0.0,0,0.0,0.0,0.0,-1.26264226437,15.7700109482,-1.00984179974,0.0,0.0,0.0,0.0,-40.0,120.0,0.899999976158
1475331504869575271,186,1475331502869673967,,0.0,0,0.0,0.0,0.0,-2.10391926765,16.0703926086,-0.752955973148,0.0,0.0,0.0,0.0,-40.0,120.0,0.899999976158
1475331506869662391,187,1475331504868417024,,0.0,0,0.0,0.0,0.0,-1.78724384308,16.1993122101,0.270240813494,0.0,0.0,0.0,0.0,-40.0,120.0,0.899999976158
1475331508869702525,188,1475331506868012905,,0.0,0,0.0,0.0,0.0,-0.907919287682,18.3450202942,-1.12893378735,0.0,0.0,0.0,0.0,-40.0,120.0,0.899999976158
1475331510872973871,189,1475331508867511034,,0.0,0,0.0,0.0,0.0,-0.455313891172,18.5618438721,-0.677615821362,0.0,0.0,0.0,0.0,-40.0,120.0,0.899999976158
1475331512868062682,190,1475331510867937088,,0.0,0,0.0,0.0,0.0,-0.885217010975,18.4524230957,-0.648637533188,0.0,0.0,0.0,0.0,-40.0,120.0,0.899999976158
1475331514876903730,191,1475331512867813110,,0.0,0,0.0,0.0,0.0,-0.878243327141,19.8506011963,-1.34278547764,0.0,0.0,0.0,0.0,-40.0,120.0,0.899999976158
1475331516868231213,192,1475331514870786905,,0.0,0,0.0,0.0,0.0,-0.804571270943,19.0485839844,-0.283207446337,0.0,0.0,0.0,0.0,-40.0,120.0,0.899999976158
1475331518874633715,193,1475331516867604017,,0.0,0,0.0,0.0,0.0,-0.555906414986,21.2361679077,0.00860226713121,0.0,0.0,0.0,0.0,-40.0,120.0,0.899999976158
1475331520868751583,194,1475331518873281955,,0.0,0,0.0,0.0,0.0,-0.963939011097,20.7618427277,-1.2017506361,0.0,0.0,0.0,0.0,-40.0,120.0,0.899999976158
1475331522870082665,195,1475331520867718935,,0.0,0,0.0,0.0,0.0,-0.954410970211,22.013666153,-0.542766332626,0.0,0.0,0.0,0.0,-40.0,120.0,0.899999976158
1475331524870145521,196,1475331522867793083,,0.0,0,0.0,0.0,0.0,-1.40025258064,22.2181110382,-0.805439829826,0.0,0.0,0.0,0.0,-40.0,120.0,0.899999976158
1475331526869916011,197,1475331524868648052,,0.0,0,0.0,0.0,0.0,-2.03453850746,22.2832202911,-0.731976270676,0.0,0.0,0.0,0.0,-40.0,120.0,0.899999976158
1475331528869809766,198,1475331526868938922,,0.0,0,0.0,0.0,0.0,-3.01775598526,21.8406085968,-0.556085050106,0.0,0.0,0.0,0.0,-40.0,120.0,0.899999976158
1475331530868680944,199,1475331528867753982,,0.0,0,0.0,0.0,0.0,-2.10807085037,22.6341724396,-0.811124205589,0.0,0.0,0.0,0.0,-40.0,120.0,0.899999976158
1475331532870939547,200,1475331530867844104,,0.0,0,0.0,0.0,0.0,-3.05407094955,22.9451885223,-1.35353171825,0.0,0.0,0.0,0.0,-40.0,120.0,0.899999976158
1475331534869142886,201,1475331532868482112,,0.0,0,0.0,0.0,0.0,-2.76469612122,23.6636314392,-1.54588842392,0.0,0.0,0.0,0.0,-40.0,120.0,0.899999976158
1475331536868691948,202,1475331534867809057,,0.0,0,0.0,0.0,0.0,-3.93594813347,23.2857303619,-0.769919276237,0.0,0.0,0.0,0.0,-40.0,120.0,0.899999976158
1475331538871805176,203,1475331536868045091,,0.0,0,0.0,0.0,0.0,-3.89273428917,23.5108833313,-0.700033426285,0.0,0.0,0.0,0.0,-40.0,120.0,0.899999976158
1475331540868558667,204,1475331538867676019,,0.0,0,0.0,0.0,0.0,-5.54908132553,23.4273605347,-0.92001336813,0.0,0.0,0.0,0.0,-40.0,120.0,0.899999976158
1475331542869177067,205,1475331540868074893,,0.0,0,0.0,0.0,0.0,-6.02734327316,23.1440486908,-0.675375461578,0.0,0.0,0.0,0.0,-40.0,120.0,0.899999976158
1475331544868437953,206,1475331542868318080,,0.0,0,0.0,0.0,0.0,-6.79728078842,24.0165672302,-1.86550486088,0.0,0.0,0.0,0.0,-40.0,120.0,0.899999976158
1475331546868295908,207,1475331544868036985,,0.0,0,0.0,0.0,0.0,-6.56932449341,23.7326316833,-0.928192436695,0.0,0.0,0.0,0.0,-40.0,120.0,0.899999976158
1475331548870878650,208,1475331546867644071,,0.0,0,0.0,0.0,0.0,-7.48648548126,23.8705310822,-0.818877756596,0.0,0.0,0.0,0.0,-40.0,120.0,0.899999976158
1475331550868678307,209,1475331548868611097,,0.0,0,0.0,0.0,0.0,-8.56139087677,24.2177600861,-0.530948638916,0.0,0.0,0.0,0.0,-40.0,120.0,0.899999976158
1475331552869692996,210,1475331550868241071,,0.0,0,0.0,0.0,0.0,-9.147772789,25.4203548431,-0.36687502265,0.0,0.0,0.0,0.0,-40.0,120.0,0.899999976158
1475331554869095424,211,1475331552868794918,,0.0,0,0.0,0.0,0.0,-9.49081420898,24.3906879425,-0.910551190376,0.0,0.0,0.0,0.0,-40.0,120.0,0.899999976158
1475331556872951233,212,1475331554867894887,,0.0,0,0.0,0.0,0.0,-10.4159288406,25.6608181,-1.20731282234,0.0,0.0,0.0,0.0,-40.0,120.0,0.899999976158
1475331558869278214,213,1475331556867798089,,0.0,0,0.0,0.0,0.0,-11.0426559448,25.9612636566,-1.02329516411,0.0,0.0,0.0,0.0,-40.0,120.0,0.899999976158
1475331560868845474,214,1475331558868480920,,0.0,0,0.0,0.0,0.0,-11.5197067261,25.0774879456,-0.870967745781,0.0,0.0,0.0,0.0,-40.0,120.0,0.899999976158
1475331562869326326,215,1475331560867923021,,0.0,0,0.0,0.0,0.0,-12.53191185,26.5344085693,-1.13565051556,0.0,0.0,0.0,0.0,-40.0,120.0,0.899999976158
1475331564869784806,216,1475331562867600917,,0.0,0,0.0,0.0,0.0,-13.6643514633,26.6964969635,-1.29042983055,0.0,0.0,0.0,0.0,-40.0,120.0,0.899999976158
1475331566868927815,217,1475331564868264913,,0.0,0,0.0,0.0,0.0,-14.2583341599,27.1868343353,-0.934629976749,0.0,0.0,0.0,0.0,-40.0,120.0,0.899999976158
1475331568868899649,218,1475331566868065118,,0.0,0,0.0,0.0,0.0,-14.1488075256,27.1573486328,-0.43514674902,0.0,0.0,0.0,0.0,-40.0,120.0,0.899999976158
1475331570868301212,219,1475331568867912054,,0.0,0,0.0,0.0,0.0,-15.6573925018,26.3917217255,-0.818704545498,0.0,0.0,0.0,0.0,-40.0,120.0,0.899999976158
1475331572870776296,220,1475331570867604017,,0.0,0,0.0,0.0,0.0,-16.3964519501,26.2226142883,-1.00967419147,0.0,0.0,0.0,0.0,-40.0,120.0,0.899999976158
1475331574869207556,221,1475331572868727922,,0.0,0,0.0,0.0,0.0,-16.0235862732,26.2347564697,-1.40805888176,0.0,0.0,0.0,0.0,-40.0,120.0,0.899999976158
1475331576869105865,222,1475331574868520021,,0.0,0,0.0,0.0,0.0,-16.1738567352,24.8225479126,-0.967890501022,0.0,0.0,0.0,0.0,-40.0,120.0,0.899999976158
1475331578869517959,223,1475331576867137908,,0.0,0,0.0,0.0,0.0,-16.5887908936,24.3560237885,-0.600095391273,0.0,0.0,0.0,0.0,-40.0,120.0,0.899999976158
1475331580869069929,224,1475331578868174076,,0.0,0,0.0,0.0,0.0,-16.2887191772,24.2328453064,-1.69328057766,0.0,0.0,0.0,0.0,-40.0,120.0,0.899999976158
1475331582869311797,225,1475331580868185997,,0.0,0,0.0,0.0,0.0,-17.5564918518,23.4978141785,-0.559296607971,0.0,0.0,0.0,0.0,-40.0,120.0,0.899999976158
1475331584872241099,226,1475331582867840051,,0.0,0,0.0,0.0,0.0,-16.9326877594,22.9177856445,-1.78122615814,0.0,0.0,0.0,0.0,-40.0,120.0,0.899999976158
1475331586869602832,227,1475331584868176937,,0.0,0,0.0,0.0,0.0,-17.113193512,23.0196456909,-0.350566387177,0.0,0.0,0.0,0.0,-40.0,120.0,0.899999976158
1475331588870243989,228,1475331586867903947,,0.0,0,0.0,0.0,0.0,-17.3519821167,22.0708465576,-1.50735831261,0.0,0.0,0.0,0.0,-40.0,120.0,0.899999976158
1475331590869425658,229,1475331588868571996,,0.0,0,0.0,0.0,0.0,-17.8081111908,21.9959411621,-0.824046552181,0.0,0.0,0.0,0.0,-40.0,120.0,0.899999976158
1475331592868514208,230,1475331590868369102,,0.0,0,0.0,0.0,0.0,-18.0674743652,21.2186584473,-1.03465366364,0.0,0.0,0.0,0.0,-40.0,120.0,0.899999976158
1475331594868538738,231,1475331592868124008,,0.0,0,0.0,0.0,0.0,-17.802482605,20.1009712219,-0.78341960907,0.0,0.0,0.0,0.0,-40.0,120.0,0.899999976158
1475331596868534102,232,1475331594867717027,,0.0,0,0.0,0.0,0.0,-18.4064159393,20.3093223572,-1.21241807938,0.0,0.0,0.0,0.0,-40.0,120.0,0.899999976158
1475331598870843443,233,1475331596867965936,,0.0,0,0.0,0.0,0.0,-17.4875564575,19.4060382843,-1.12289273739,0.0,0.0,0.0,0.0,-40.0,120.0,0.899999976158
1475331600871959229,234,1475331598868895053,,0.0,0,0.0,0.0,0.0,-17.4045963287,19.0616664886,0.309563815594,0.0,0.0,0.0,0.0,-40.0,120.0,0.899999976158
1475331602867801101,235,1475331600869998931,,0.0,0,0.0,0.0,0.0,-17.7752285004,18.4623451233,-1.63576221466,0.0,0.0,0.0,0.0,-40.0,120.0,0.899999976158
1475331604868206244,236,1475331602867458105,,0.0,0,0.0,0.0,0.0,-17.1866912842,18.5305843353,-0.952497005463,0.0,0.0,0.0,0.0,-40.0,120.0,0.899999976158
1475331606869029202,237,1475331604867727994,,0.0,0,0.0,0.0,0.0,-16.3633289337,18.3277797699,-0.982245922089,0.0,0.0,0.0,0.0,-40.0,120.0,0.899999976158
1475331608868873951,238,1475331606867754936,,0.0,0,0.0,0.0,0.0,-16.9944496155,17.9136867523,-0.514944553375,0.0,0.0,0.0,0.0,-40.0,120.0,0.899999976158
1475331610871132554,239,1475331608867712020,,0.0,0,0.0,0.0,0.0,-16.0181617737,17.3954811096,-1.57339525223,0.0,0.0,0.0,0.0,-40.0,120.0,0.899999976158
1475331612869497803,240,1475331610869215011,,0.0,0,0.0,0.0,0.0,-15.0376586914,17.0227508545,-0.999458134174,0.0,0.0,0.0,0.0,-40.0,120.0,0.899999976158
1475331614870077710,241,1475331612868663072,,0.0,0,0.0,0.0,0.0,-15.3490047455,17.1227931976,-1.55151832104,0.0,0.0,0.0,0.0,-40.0,120.0,0.899999976158
1475331616868743590,242,1475331614869036912,,0.0,0,0.0,0.0,0.0,-15.0409221649,16.9234428406,-0.664749979973,0.0,0.0,0.0,0.0,-40.0,120.0,0.899999976158
1475331618872987830,243,1475331616867666959,,0.0,0,0.0,0.0,0.0,-14.5063076019,17.089679718,-0.433749675751,0.0,0.0,0.0,0.0,-40.0,120.0,0.899999976158
1475331620870659888,244,1475331618868438005,,0.0,0,0.0,0.0,0.0,-13.9625444412,17.2182922363,-1.51782989502,0.0,0.0,0.0,0.0,-40.0,120.0,0.899999976158
1475331622868736409,245,1475331620868284940,,0.0,0,0.0,0.0,0.0,-14.0070457458,15.9622945786,-0.840689122677,0.0,0.0,0.0,0.0,-40.0,120.0,0.899999976158
1475331624868936898,246,1475331622867645978,,0.0,0,0.0,0.0,0.0,-12.7969713211,17.1505908966,-0.390660643578,0.0,0.0,0.0,0.0,-40.0,120.0,0.899999976158
1475331626870558903,247,1475331624868426084,,0.0,0,0.0,0.0,0.0,-12.50278759,16.171661377,0.0734708234668,0.0,0.0,0.0,0.0,-40.0,120.0,0.899999976158
1475331628869092513,248,1475331626867613077,,0.0,0,0.0,0.0,0.0,-11.3879175186,15.8499364853,-1.00564908981,0.0,0.0,0.0,0.0,-40.0,120.0,0.899999976158
1475331630868327581,249,1475331628867593050,,0.0,0,0.0,0.0,0.0,-10.4889698029,15.6380147934,-0.796346902847,0.0,0.0,0.0,0.0,-40.0,120.0,0.899999976158
1475331632873555220,250,1475331630867824077,,0.0,0,0.0,0.0,0.0,-10.4227361679,15.2725391388,-1.39863753319,0.0,0.0,0.0,0.0,-40.0,120.0,0.899999976158
1475331634869402884,251,1475331632868839979,,0.0,0,0.0,0.0,0.0,-9.794962883,14.652510643,-1.15181279182,0.0,0.0,0.0,0.0,-40.0,120.0,0.899999976158
1475331636874054959,252,1475331634868139028,,0.0,0,0.0,0.0,0.0,-8.4635848999,14.5346813202,-0.722662031651,0.0,0.0,0.0,0.0,-40.0,120.0,0.899999976158
1475331638875660780,253,1475331636870579004,,0.0,0,0.0,0.0,0.0,-7.46359300613,14.7886352539,-0.77573210001,0.0,0.0,0.0,0.0,-40.0,120.0,0.899999976158
1475331640868527710,254,1475331638873198986,,0.0,0,0.0,0.0,0.0,-5.97902536392,12.8141727448,-0.975620508194,0.0,0.0,0.0,0.0,-40.0,120.0,0.899999976158
1475331642869381122,255,1475331640867960929,,0.0,0,0.0,0.0,0.0,-6.86939430237,13.4036159515,-0.909861147404,0.0,0.0,0.0,0.0,-40.0,120.0,0.899999976158
1475331644870030501,256,1475331642867834091,,0.0,0,0.0,0.0,0.0,-5.62780046463,13.2827386856,-0.649090886116,0.0,0.0,0.0,0.0,-40.0,120.0,0.899999976158
1475331646869562993,257,1475331644868978977,,0.0,0,0.0,0.0,0.0,-5.73702859879,13.1766290665,-1.41247904301,0.0,0.0,0.0,0.0,-40.0,120.0,0.899999976158
1475331648869896449,258,1475331646868624925,,0.0,0,0.0,0.0,0.0,-4.12669754028,13.1000347137,-1.69492149353,0.0,0.0,0.0,0.0,-40.0,120.0,0.899999976158
1475331650870340045,259,1475331648868535995,,0.0,0,0.0,0.0,0.0,-3.99069952965,12.3851661682,-1.17252314091,0.0,0.0,0.0,0.0,-40.0,120.0,0.899999976158
1475331652868644547,260,1475331650868091106,,0.0,0,0.0,0.0,0.0,-2.85179233551,12.9660043716,-1.66955840588,0.0,0.0,0.0,0.0,-40.0,120.0,0.899999976158
1475331654872393864,261,1475331652867628097,,0.0,0,0.0,0.0,0.0,-2.40848278999,13.7389669418,-0.755679547787,0.0,0.0,0.0,0.0,-40.0,120.0,0.899999976158
1475331656870758742,262,1475331654869091033,,0.0,0,0.0,0.0,0.0,-2.78767943382,13.8191308975,-0.868354082108,0.0,0.0,0.0,0.0,-40.0,120.0,0.899999976158
1475331658873051964,263,1475331656868629932,,0.0,0,0.0,0.0,0.0,-1.5679371357,14.5965929031,-1.2568911314,0.0,0.0,0.0,0.0,-40.0,120.0,0.899999976158
1475331660869075038,264,1475331658868772029,,0.0,0,0.0,0.0,0.0,-1.77106130123,15.7994165421,-1.77458846569,0.0,0.0,0.0,0.0,-40.0,120.0,0.899999976158
1475331662872163709,265,1475331660868519067,,0.0,0,0.0,0.0,0.0,-0.999053299427,15.9219751358,-0.587833821774,0.0,0.0,0.0,0.0,-40.0,120.0,0.899999976158
1475331664870678421,266,1475331662871001005,,0.0,0,0.0,0.0,0.0,-1.83239483833,15.4169473648,-0.759738862514,0.0,0.0,0.0,0.0,-40.0,120.0,0.899999976158
1475331666871259680,267,1475331664867696046,,0.0,0,0.0,0.0,0.0,-1.12393498421,16.6578178406,-1.64032542706,0.0,0.0,0.0,0.0,-40.0,120.0,0.899999976158
1475331668870284495,268,1475331666869323015,,0.0,0,0.0,0.0,0.0,-1.10764873028,16.7168502808,-1.12908065319,0.0,0.0,0.0,0.0,-40.0,120.0,0.899999976158
1475331670869725391,269,1475331668869179010,,0.0,0,0.0,0.0,0.0,-2.1305668354,16.8445243835,-0.594280719757,0.0,0.0,0.0,0.0,-40.0,120.0,0.899999976158
1475331672880994651,270,1475331670867641925,,0.0,0,0.0,0.0,0.0,-2.12417435646,17.9041671753,-1.11621856689,0.0,0.0,0.0,0.0,-40.0,120.0,0.899999976158
1475331674881250070,271,1475331672874969005,,0.0,0,0.0,0.0,0.0,-1.30301368237,18.6692123413,0.102410547435,0.0,0.0,0.0,0.0,-40.0,120.0,0.899999976158
1475331676869194398,272,1475331674868145942,,0.0,0,0.0,0.0,0.0,-0.343702346087,18.5039844513,-1.91991436481,0.0,0.0,0.0,0.0,-40.0,120.0,0.899999976158
1475331678869219221,273,1475331676868376016,,0.0,0,0.0,0.0,0.0,-0.466830909252,19.3156108856,-1.05998170376,0.0,0.0,0.0,0.0,-40.0,120.0,0.899999976158
1475331680870319417,274,1475331678868525981,,0.0,0,0.0,0.0,0.0,-0.931168675423,20.2118377686,-1.34885454178,0.0,0.0,0.0,0.0,-40.0,120.0,0.899999976158
1475331682868438214,275,1475331680868664026,,0.0,0,0.0,0.0,0.0,-1.35562193394,20.5429325104,-0.41982293129,0.0,0.0,0.0,0.0,-40.0,120.0,0.899999976158
1475331684869700789,276,1475331682868094921,,0.0,0,0.0,0.0,0.0,0.275808930397,21.8242416382,-1.32950437069,0.0,0.0,0.0,0.0,-40.0,120.0,0.899999976158
1475331686868901754,277,1475331684869054079,,0.0,0,0.0,0.0,0.0,-0.186725363135,21.7586860657,-1.52145063877,0.0,0.0,0.0,0.0,-40.0,120.0,0.899999976158
1475331688868741976,278,1475331686867897033,,0.0,0,0.0,0.0,0.0,-0.189533248544,22.9198875427,0.0740634128451,0.0,0.0,0.0,0.0,-40.0,120.0,0.899999976158
1475331690869991922,279,1475331688868428945,,0.0,0,0.0,0.0,0.0,-0.254356324673,22.9644069672,-1.26201140881,0.0,0.0,0.0,0.0,-40.0,120.0,0.899999976158
1475331692868333267,280,1475331690868752956,,0.0,0,0.0,0.0,0.0,-0.32149708271,23.350479126,-1.28305828571,0.0,0.0,0.0,0.0,-40.0,120.0,0.899999976158
1475331694868336845,281,1475331692867933988,,0.0,0,0.0,0.0,0.0,-0.267091780901,23.8452548981,-1.17500221729,0.0,0.0,0.0,0.0,-40.0,120.0,0.899999976158
1475331696868313167,282,1475331694867960929,,0.0,0,0.0,0.0,0.0,-0.932047963142,24.190952301,-1.14256727695,0.0,0.0,0.0,0.0,-40.0,120.0,0.899999976158
1475331698869452149,283,1475331696867912054,,0.0,0,0.0,0.0,0.0,-1.88399636745,24.1749973297,-0.558735013008,0.0,0.0,0.0,0.0,-40.0,120.0,0.899999976158
1475331700868053256,284,1475331698868607044,,0.0,0,0.0,0.0,0.0,-2.14236187935,24.6845684052,-1.16684246063,0.0,0.0,0.0,0.0,-40.0,120.0,0.899999976158
1475331702868197409,285,1475331700867768049,,0.0,0,0.0,0.0,0.0,-1.98388516903,23.7901973724,-0.807921111584,0.0,0.0,0.0,0.0,-40.0,120.0,0.899999976158
1475331704868631897,286,1475331702867892980,,0.0,0,0.0,0.0,0.0,-3.40428948402,24.3940601349,-1.59596025944,0.0,0.0,0.0,0.0,-40.0,120.0,0.899999976158
1475331706871765740,287,1475331704868113040,,0.0,0,0.0,0.0,0.0,-3.61408996582,24.5250968933,-1.97924315929,0.0,0.0,0.0,0.0,-40.0,120.0,0.899999976158
1475331708869455427,288,1475331706869360923,,0.0,0,0.0,0.0,0.0,-4.54716825485,24.9462089539,-1.5243858099,0.0,0.0,0.0,0.0,-40.0,120.0,0.899999976158
1475331710869757740,289,1475331708868777036,,0.0,0,0.0,0.0,0.0,-4.49090433121,24.8237323761,-1.37022769451,0.0,0.0,0.0,0.0,-40.0,120.0,0.899999976158
1475331712869588984,290,1475331710868256092,,0.0,0,0.0,0.0,0.0,-5.0116815567,24.7936458588,-1.32412970066,0.0,0.0,0.0,0.0,-40.0,120.0,0.899999976158
1475331714868262289,291,1475331712868824005,,0.0,0,0.0,0.0,0.0,-6.00919771194,25.3071708679,-1.76718068123,0.0,0.0,0.0,0.0,-40.0,120.0,0.899999976158
1475331716868568937,292,1475331714867913007,,0.0,0,0.0,0.0,0.0,-7.44765853882,25.7840232849,-1.59523546696,0.0,0.0,0.0,0.0,-40.0,120.0,0.899999976158
1475331718870779530,293,1475331716868103981,,0.0,0,0.0,0.0,0.0,-7.83783245087,25.5064849854,-1.64677751064,0.0,0.0,0.0,0.0,-40.0,120.0,0.899999976158
1475331720867117084,294,1475331718869877099,,0.0,0,0.0,0.0,0.0,-7.74524307251,26.2836341858,-1.60831999779,0.0,0.0,0.0,0.0,-40.0,120.0,0.899999976158
1475331722868673735,295,1475331720866477012,,0.0,0,0.0,0.0,0.0,-9.47655677795,27.0052242279,-0.297346949577,0.0,0.0,0.0,0.0,-40.0,120.0,0.899999976158
1475331724869506445,296,1475331722867468118,,0.0,0,0.0,0.0,0.0,-10.370300293,27.0444736481,-0.0559866800904,0.0,0.0,0.0,0.0,-40.0,120.0,0.899999976158
1475331726868893691,297,1475331724867681980,,0.0,0,0.0,0.0,0.0,-9.27564334869,28.1433391571,-0.458463728428,0.0,0.0,0.0,0.0,-40.0,120.0,0.899999976158
1475331728869046920,298,1475331726867835998,,0.0,0,0.0,0.0,0.0,-11.6451234818,28.2924385071,-0.453638195992,0.0,0.0,0.0,0.0,-40.0,120.0,0.899999976158
1475331730870066802,299,1475331728868585109,,0.0,0,0.0,0.0,0.0,-10.6652460098,28.1121292114,-0.510254859924,0.0,0.0,0.0,0.0,-40.0,120.0,0.899999976158
1475331732868412065,300,1475331730868268966,,0.0,0,0.0,0.0,0.0,-12.4786891937,28.3045043945,-0.217884644866,0.0,0.0,0.0,0.0,-40.0,120.0,0.899999976158
1475331734868174796,301,1475331732868139028,,0.0,0,0.0,0.0,0.0,-13.0180587769,28.611120224,-0.486005753279,0.0,0.0,0.0,0.0,-40.0,120.0,0.899999976158
1475331736868335991,302,1475331734867850065,,0.0,0,0.0,0.0,0.0,-13.4938573837,29.2817363739,-0.896480560303,0.0,0.0,0.0,0.0,-40.0,120.0,0.899999976158
1475331738868875690,303,1475331736867527961,,0.0,0,0.0,0.0,0.0,-13.4123926163,27.7498226166,-1.12600910664,0.0,0.0,0.0,0.0,-40.0,120.0,0.899999976158
1475331740870210646,304,1475331738868199110,,0.0,0,0.0,0.0,0.0,-14.4775047302,28.673324585,-0.927833795547,0.0,0.0,0.0,0.0,-40.0,120.0,0.899999976158
1475331742871370992,305,1475331740868654966,,0.0,0,0.0,0.0,0.0,-14.9367237091,28.1324806213,-1.36620461941,0.0,0.0,0.0,0.0,-40.0,120.0,0.899999976158
1475331744868900768,306,1475331742869532108,,0.0,0,0.0,0.0,0.0,-15.3097238541,27.8868560791,-1.38074851036,0.0,0.0,0.0,0.0,-40.0,120.0,0.899999976158
1475331746869629830,307,1475331744868207931,,0.0,0,0.0,0.0,0.0,-15.955075264,27.9429302216,-0.573619604111,0.0,0.0,0.0,0.0,-40.0,120.0,0.899999976158
1475331748867993164,308,1475331746868020057,,0.0,0,0.0,0.0,0.0,-16.5596179962,26.5911521912,-0.636699676514,0.0,0.0,0.0,0.0,-40.0,120.0,0.899999976158
1475331750868242744,309,1475331748867746114,,0.0,0,0.0,0.0,0.0,-16.6890182495,26.9702739716,-1.13979446888,0.0,0.0,0.0,0.0,-40.0,120.0,0.899999976158
1475331752869496951,310,1475331750867613077,,0.0,0,0.0,0.0,0.0,-16.4009361267,26.0397968292,-1.4588650465,0.0,0.0,0.0,0.0,-40.0,120.0,0.899999976158
1475331754871723153,311,1475331752867949962,,0.0,0,0.0,0.0,0.0,-15.9003648758,25.5927715302,-1.48024141788,0.0,0.0,0.0,0.0,-40.0,120.0,0.899999976158
1475331756868115526,312,1475331754867913961,,0.0,0,0.0,0.0,0.0,-15.8789596558,24.4777297974,-1.65627789497,0.0,0.0,0.0,0.0,-40.0,120.0,0.899999976158
1475331758870039944,313,1475331756867856025,,0.0,0,0.0,0.0,0.0,-16.0566539764,25.006937027,-1.0369540453,0.0,0.0,0.0,0.0,-40.0,120.0,0.899999976158
1475331760868262679,314,1475331758868105888,,0.0,0,0.0,0.0,0.0,-16.3714313507,24.1123905182,-1.16751015186,0.0,0.0,0.0,0.0,-40.0,120.0,0.899999976158
1475331762869987638,315,1475331760868006944,,0.0,0,0.0,0.0,0.0,-17.2855758667,22.9827022552,-0.831314921379,0.0,0.0,0.0,0.0,-40.0,120.0,0.899999976158
1475331764869324280,316,1475331762868789911,,0.0,0,0.0,0.0,0.0,-16.8712882996,22.4625339508,-1.26351201534,0.0,0.0,0.0,0.0,-40.0,120.0,0.899999976158
1475331766872374925,317,1475331764868352890,,0.0,0,0.0,0.0,0.0,-16.7787876129,22.1784496307,-1.23218929768,0.0,0.0,0.0,0.0,-40.0,120.0,0.899999976158
1475331768868254582,318,1475331766869430065,,0.0,0,0.0,0.0,0.0,-17.0969314575,21.9494876862,-0.955226302147,0.0,0.0,0.0,0.0,-40.0,120.0,0.899999976158
1475331770868807080,319,1475331768867649078,,0.0,0,0.0,0.0,0.0,-17.3312263489,21.1983032227,-0.645864784718,0.0,0.0,0.0,0.0,-40.0,120.0,0.899999976158
1475331772869471798,320,1475331770868190050,,0.0,0,0.0,0.0,0.0,-17.3474235535,20.6100196838,-1.00574743748,0.0,0.0,0.0,0.0,-40.0,120.0,0.899999976158
1475331774869301010,321,1475331772868278026,,0.0,0,0.0,0.0,0.0,-17.2454929352,19.7160205841,-1.97583270073,0.0,0.0,0.0,0.0,-40.0,120.0,0.899999976158
1475331776869512689,322,1475331774867870092,,0.0,0,0.0,0.0,0.0,-16.2702655792,20.2180328369,-1.00650131702,0.0,0.0,0.0,0.0,-40.0,120.0,0.899999976158
1475331778868349238,323,1475331776868314981,,0.0,0,0.0,0.0,0.0,-16.6478328705,19.7434005737,-0.715535700321,0.0,0.0,0.0,0.0,-40.0,120.0,0.899999976158
1475331780868556653,324,1475331778867661952,,0.0,0,0.0,0.0,0.0,-15.4740972519,19.0879898071,-1.01817452908,0.0,0.0,0.0,0.0,-40.0,120.0,0.899999976158
1475331782868271476,325,1475331780867782115,,0.0,0,0.0,0.0,0.0,-15.0380992889,19.3610477448,-0.718462467194,0.0,0.0,0.0,0.0,-40.0,120.0,0.899999976158
1475331784868840168,326,1475331782867732048,,0.0,0,0.0,0.0,0.0,-14.4240531921,17.9941082001,-1.08875858784,0.0,0.0,0.0,0.0,-40.0,120.0,0.899999976158
1475331786870069825,327,1475331784867746114,,0.0,0,0.0,0.0,0.0,-14.2283668518,18.8633041382,-0.380765557289,0.0,0.0,0.0,0.0,-40.0,120.0,0.899999976158
1475331788868219392,328,1475331786867923974,,0.0,0,0.0,0.0,0.0,-14.7313051224,18.7707118988,-0.668789505959,0.0,0.0,0.0,0.0,-40.0,120.0,0.899999976158
1475331790867751722,329,1475331788867901086,,0.0,0,0.0,0.0,0.0,-13.7554578781,19.1411037445,-0.440996110439,0.0,0.0,0.0,0.0,-40.0,120.0,0.899999976158
1475331792868757182,330,1475331790867496967,,0.0,0,0.0,0.0,0.0,-13.345541954,18.2639427185,-1.58904707432,0.0,0.0,0.0,0.0,-40.0,120.0,0.899999976158
1475331794868932491,331,1475331792868040084,,0.0,0,0.0,0.0,0.0,-12.5479154587,18.6061916351,-0.872916102409,0.0,0.0,0.0,0.0,-40.0,120.0,0.899999976158
1475331796869901684,332,1475331794868284940,,0.0,0,0.0,0.0,0.0,-12.7210550308,18.2796936035,-0.645381629467,0.0,0.0,0.0,0.0,-40.0,120.0,0.899999976158
1475331798868445144,333,1475331796868680000,,0.0,0,0.0,0.0,0.0,-12.1130189896,17.960395813,-0.653230369091,0.0,0.0,0.0,0.0,-40.0,120.0,0.899999976158
1475331800870599242,334,1475331798867903947,,0.0,0,0.0,0.0,0.0,-9.95701313019,17.5353946686,-0.462719142437,0.0,0.0,0.0,0.0,-40.0,120.0,0.899999976158
1475331802885699500,335,1475331800868607997,,0.0,0,0.0,0.0,0.0,-9.2273273468,17.4698352814,-1.09342670441,0.0,0.0,0.0,0.0,-40.0,120.0,0.899999976158
1475331804868421400,336,1475331802883620023,,0.0,0,0.0,0.0,0.0,-9.12507915497,16.8314571381,-0.231179460883,0.0,0.0,0.0,0.0,-40.0,120.0,0.899999976158
1475331806868645648,337,1475331804868052005,,0.0,0,0.0,0.0,0.0,-8.02100086212,16.5564441681,-1.25362563133,0.0,0.0,0.0,0.0,-40.0,120.0,0.899999976158
1475331808868497544,338,1475331806868108987,,0.0,0,0.0,0.0,0.0,-8.02981281281,16.1132602692,-0.533929824829,0.0,0.0,0.0,0.0,-40.0,120.0,0.899999976158
1475331810868751499,339,1475331808867938041,,0.0,0,0.0,0.0,0.0,-6.67913484573,15.6229200363,-1.18689787388,0.0,0.0,0.0,0.0,-40.0,120.0,0.899999976158
1475331812875438892,340,1475331810868010044,,0.0,0,0.0,0.0,0.0,-5.52280044556,15.4005298615,-0.860568642616,0.0,0.0,0.0,0.0,-40.0,120.0,0.899999976158
1475331814869465146,341,1475331812868163108,,0.0,0,0.0,0.0,0.0,-4.94328355789,15.2324066162,-0.764497578144,0.0,0.0,0.0,0.0,-40.0,120.0,0.899999976158
1475331816869702831,342,1475331814868824005,,0.0,0,0.0,0.0,0.0,-4.29702854156,15.3716945648,-0.608456075191,0.0,0.0,0.0,0.0,-40.0,120.0,0.899999976158
1475331818875650832,343,1475331816867863893,,0.0,0,0.0,0.0,0.0,-4.2390499115,13.9803943634,-0.656805992126,0.0,0.0,0.0,0.0,-40.0,120.0,0.899999976158
1475331820886037291,344,1475331818868840932,,0.0,0,0.0,0.0,0.0,-3.97453141212,14.6155138016,-1.24834144115,0.0,0.0,0.0,0.0,-40.0,120.0,0.899999976158
1475331822874459244,345,1475331820884325027,,0.0,0,0.0,0.0,0.0,-3.17486262321,14.2360801697,-0.818077147007,0.0,0.0,0.0,0.0,-40.0,120.0,0.899999976158
1475331824871106249,346,1475331822867726087,,0.0,0,0.0,0.0,0.0,-3.66948723793,13.0107355118,-0.574740171432,0.0,0.0,0.0,0.0,-40.0,120.0,0.899999976158
1475331826872151580,347,1475331824870167016,,0.0,0,0.0,0.0,0.0,-3.1355946064,12.6094322205,-1.26174199581,0.0,0.0,0.0,0.0,-40.0,120.0,0.899999976158
1475331828870321758,348,1475331826869210004,,0.0,0,0.0,0.0,0.0,-3.87825775146,11.9547748566,-1.31692826748,0.0,0.0,0.0,0.0,-40.0,120.0,0.899999976158
1475331830868902106,349,1475331828867707014,,0.0,0,0.0,0.0,0.0,-3.48474121094,11.3053159714,-1.01963436604,0.0,0.0,0.0,0.0,-40.0,120.0,0.899999976158
1475331832869283416,350,1475331830868109941,,0.0,0,0.0,0.0,0.0,-3.83527541161,11.2951087952,-0.965512037277,0.0,0.0,0.0,0.0,-40.0,120.0,0.899999976158
1475331834869099241,351,1475331832868216991,,0.0,0,0.0,0.0,0.0,-4.20509052277,10.5373449326,-1.37040567398,0.0,0.0,0.0,0.0,-40.0,120.0,0.899999976158
1475331836868299731,352,1475331834868036031,,0.0,0,0.0,0.0,0.0,-4.41554307938,9.97633361816,-0.760618984699,0.0,0.0,0.0,0.0,-40.0,120.0,0.899999976158
1475331838867907687,353,1475331836867687940,,0.0,0,0.0,0.0,0.0,-6.37526893616,10.3950042725,-1.0745036602,0.0,0.0,0.0,0.0,-40.0,120.0,0.899999976158
1475331840868325432,354,1475331838867448091,,0.0,0,0.0,0.0,0.0,-6.41273450851,10.0498447418,-0.441991984844,0.0,0.0,0.0,0.0,-40.0,120.0,0.899999976158
1475331842868682016,355,1475331840868016958,,0.0,0,0.0,0.0,0.0,-5.85652112961,10.6784620285,-0.918111860752,0.0,0.0,0.0,0.0,-40.0,120.0,0.899999976158
1475331844869814157,356,1475331842867857933,,0.0,0,0.0,0.0,0.0,-7.33167171478,9.88458061218,-1.21625339985,0.0,0.0,0.0,0.0,-40.0,120.0,0.899999976158
1475331846868736479,357,1475331844868767023,,0.0,0,0.0,0.0,0.0,-7.1716094017,10.5132360458,-1.07612156868,0.0,0.0,0.0,0.0,-40.0,120.0,0.899999976158
1475331848868607486,358,1475331846867820024,,0.0,0,0.0,0.0,0.0,-8.37730884552,10.8631019592,-1.29469263554,0.0,0.0,0.0,0.0,-40.0,120.0,0.899999976158
1475331850868811038,359,1475331848868221998,,0.0,0,0.0,0.0,0.0,-8.65515232086,9.65866851807,-1.28110086918,0.0,0.0,0.0,0.0,-40.0,120.0,0.899999976158
1475331852869858870,360,1475331850868056058,,0.0,0,0.0,0.0,0.0,-8.5225353241,10.6069526672,-1.00848650932,0.0,0.0,0.0,0.0,-40.0,120.0,0.899999976158
1475331854868804907,361,1475331852869268894,,0.0,0,0.0,0.0,0.0,-8.90326881409,11.0218467712,-1.36321747303,0.0,0.0,0.0,0.0,-40.0,120.0,0.899999976158
1475331856868524031,362,1475331854868396997,,0.0,0,0.0,0.0,0.0,-10.0977392197,11.3417730331,-1.74205720425,0.0,0.0,0.0,0.0,-40.0,120.0,0.899999976158
1475331858870126446,363,1475331856867497920,,0.0,0,0.0,0.0,0.0,-10.3357648849,11.7865095139,-0.722836732864,0.0,0.0,0.0,0.0,-40.0,120.0,0.899999976158
1475331860870458219,364,1475331858869045972,,0.0,0,0.0,0.0,0.0,-11.0181646347,11.9545822144,-0.568899273872,0.0,0.0,0.0,0.0,-40.0,120.0,0.899999976158
1475331862868979262,365,1475331860868148088,,0.0,0,0.0,0.0,0.0,-11.3662319183,12.9056415558,-0.525755286217,0.0,0.0,0.0,0.0,-40.0,120.0,0.899999976158
1475331864868040987,366,1475331862867888927,,0.0,0,0.0,0.0,0.0,-11.574877739,12.5592403412,-1.20453941822,0.0,0.0,0.0,0.0,-40.0,120.0,0.899999976158
1475331866868979430,367,1475331864867490053,,0.0,0,0.0,0.0,0.0,-12.4452772141,13.2670001984,-1.34378397465,0.0,0.0,0.0,0.0,-40.0,120.0,0.899999976158
1475331868868420586,368,1475331866867724895,,0.0,0,0.0,0.0,0.0,-12.5548620224,13.1168518066,-1.07552719116,0.0,0.0,0.0,0.0,-40.0,120.0,0.899999976158
1475331870868412043,369,1475331868867911100,,0.0,0,0.0,0.0,0.0,-13.1218938828,13.6128797531,-0.605946302414,0.0,0.0,0.0,0.0,-40.0,120.0,0.899999976158
1475331872868525380,370,1475331870867714881,,0.0,0,0.0,0.0,0.0,-14.2671165466,14.606379509,-0.92159807682,0.0,0.0,0.0,0.0,-40.0,120.0,0.899999976158
1475331874868518492,371,1475331872868016004,,0.0,0,0.0,0.0,0.0,-13.5342283249,13.8790254593,-1.23604214191,0.0,0.0,0.0,0.0,-40.0,120.0,0.899999976158
1475331876868406287,372,1475331874867927074,,0.0,0,0.0,0.0,0.0,-13.5846309662,15.3684425354,-0.275949239731,0.0,0.0,0.0,0.0,-40.0,120.0,0.899999976158
1475331878868774500,373,1475331876868046998,,0.0,0,0.0,0.0,0.0,-13.7467660904,15.7708683014,0.136990353465,0.0,0.0,0.0,0.0,-40.0,120.0,0.899999976158
1475331880868698241,374,1475331878868400096,,0.0,0,0.0,0.0,0.0,-13.3929109573,16.1368980408,0.374566078186,0.0,0.0,0.0,0.0,-40.0,120.0,0.899999976158
1475331882868736945,375,1475331880868102073,,0.0,0,0.0,0.0,0.0,-12.9647111893,17.0104923248,-1.27970123291,0.0,0.0,0.0,0.0,-40.0,120.0,0.899999976158
1475331884869146059,376,1475331882867876052,,0.0,0,0.0,0.0,0.0,-12.2281522751,16.8449897766,-0.931086421013,0.0,0.0,0.0,0.0,-40.0,120.0,0.899999976158
1475331886870658480,377,1475331884868665933,,0.0,0,0.0,0.0,0.0,-11.7620515823,17.6802215576,-1.32483935356,0.0,0.0,0.0,0.0,-40.0,120.0,0.899999976158
1475331888869659864,378,1475331886868895053,,0.0,0,0.0,0.0,0.0,-11.789100647,18.3774833679,-0.686256885529,0.0,0.0,0.0,0.0,-40.0,120.0,0.899999976158
1475331890870529065,379,1475331888869162082,,0.0,0,0.0,0.0,0.0,-11.09116745,18.2322463989,-0.650440216064,0.0,0.0,0.0,0.0,-40.0,120.0,0.899999976158
1475331892888904109,380,1475331890867773056,,0.0,0,0.0,0.0,0.0,-10.0210170746,18.4449615479,-1.18623125553,0.0,0.0,0.0,0.0,-40.0,120.0,0.899999976158
1475331894868549225,381,1475331892886184930,,0.0,0,0.0,0.0,0.0,-9.72383785248,19.6718482971,-0.446904718876,0.0,0.0,0.0,0.0,-40.0,120.0,0.899999976158
1475331896868918530,382,1475331894867741107,,0.0,0,0.0,0.0,0.0,-9.24527740479,20.9078369141,-1.06985509396,0.0,0.0,0.0,0.0,-40.0,120.0,0.899999976158
1475331898869772866,383,1475331896867844104,,0.0,0,0.0,0.0,0.0,-9.55918312073,21.4092121124,-0.160164058208,0.0,0.0,0.0,0.0,-40.0,120.0,0.899999976158
1475331900869576542,384,1475331898867970943,,0.0,0,0.0,0.0,0.0,-9.19225978851,21.8202991486,-1.38100969791,0.0,0.0,0.0,0.0,-40.0,120.0,0.899999976158
1475331902868302585,385,1475331900867865085,,0.0,0,0.0,0.0,0.0,-8.53941059113,21.6982555389,-1.27031683922,0.0,0.0,0.0,0.0,-40.0,120.0,0.899999976158
1475331904869540636,386,1475331902867897033,,0.0,0,0.0,0.0,0.0,-8.13681316376,22.4207344055,-1.0122551918,0.0,0.0,0.0,0.0,-40.0,120.0,0.899999976158
1475331906868466253,387,1475331904868874073,,0.0,0,0.0,0.0,0.0,-8.99007797241,24.0221328735,-1.22967541218,0.0,0.0,0.0,0.0,-40.0,120.0,0.899999976158
1475331908871902462,388,1475331906867614030,,0.0,0,0.0,0.0,0.0,-8.08657836914,24.6127796173,-0.617773592472,0.0,0.0,0.0,0.0,-40.0,120.0,0.899999976158
1475331910870117559,389,1475331908870812892,,0.0,0,0.0,0.0,0.0,-7.77954721451,25.1905994415,-2.16902709007,0.0,0.0,0.0,0.0,-40.0,120.0,0.899999976158
1475331912868273029,390,1475331910867917060,,0.0,0,0.0,0.0,0.0,-7.78642892838,25.9204769135,-2.11734127998,0.0,0.0,0.0,0.0,-40.0,120.0,0.899999976158
1475331914868145656,391,1475331912867453098,,0.0,0,0.0,0.0,0.0,-7.53601026535,25.9627399445,-0.990739107132,0.0,0.0,0.0,0.0,-40.0,120.0,0.899999976158
1475331916870840586,392,1475331914867815971,,0.0,0,0.0,0.0,0.0,-6.03179311752,26.8676452637,-1.29326105118,0.0,0.0,0.0,0.0,-40.0,120.0,0.899999976158
1475331918869101228,393,1475331916870126008,,0.0,0,0.0,0.0,0.0,-7.12318754196,25.5357246399,-0.534913897514,0.0,0.0,0.0,0.0,-40.0,120.0,0.899999976158
1475331920870139564,394,1475331918868031978,,0.0,0,0.0,0.0,0.0,-5.12072706223,25.585981369,-0.868922114372,0.0,0.0,0.0,0.0,-40.0,120.0,0.899999976158
1475331922870794665,395,1475331920869580984,,0.0,0,0.0,0.0,0.0,-5.45715904236,26.03764534,-1.43724346161,0.0,0.0,0.0,0.0,-40.0,120.0,0.899999976158
1475331924868371530,396,1475331922868731975,,0.0,0,0.0,0.0,0.0,-5.17912054062,25.1346321106,-0.784776806831,0.0,0.0,0.0,0.0,-40.0,120.0,0.899999976158
1475331926868339057,397,1475331924867937088,,0.0,0,0.0,0.0,0.0,-4.69364690781,24.5716991425,-1.06750059128,0.0,0.0,0.0,0.0,-40.0,120.0,0.899999976158
1475331928868579055,398,1475331926867580890,,0.0,0,0.0,0.0,0.0,-4.92948675156,23.9035644531,-0.657302081585,0.0,0.0,0.0,0.0,-40.0,120.0,0.899999976158
1475331930868572191,399,1475331928867698907,,0.0,0,0.0,0.0,0.0,-4.23686695099,23.4965515137,-1.408223629,0.0,0.0,0.0,0.0,-40.0,120.0,0.899999976158
1475331932868144475,400,1475331930868330955,,0.0,0,0.0,0.0,0.0,-4.1022567749,23.7486743927,-1.35354328156,0.0,0.0,0.0,0.0,-40.0,120.0,0.899999976158
1475331934870325919,401,1475331932866959095,,0.0,0,0.0,0.0,0.0,-4.22536659241,22.7835102081,-0.576274096966,0.0,0.0,0.0,0.0,-40.0,120.0,0.899999976158
1475331936868331515,402,1475331934868226051,,0.0,0,0.0,0.0,0.0,-5.15281009674,22.0689792633,-1.11594605446,0.0,0.0,0.0,0.0,-40.0,120.0,0.899999976158
1475331938868075079,403,1475331936867747068,,0.0,0,0.0,0.0,0.0,-4.31843852997,21.936920166,-1.41199731827,0.0,0.0,0.0,0.0,-40.0,120.0,0.899999976158
1475331940868698277,404,1475331938867440938,,0.0,0,0.0,0.0,0.0,-4.80447435379,21.0205974579,-0.697992384434,0.0,0.0,0.0,0.0,-40.0,120.0,0.899999976158
1475331942870692443,405,1475331940868012905,,0.0,0,0.0,0.0,0.0,-4.74688005447,20.8452396393,-0.540575802326,0.0,0.0,0.0,0.0,-40.0,120.0,0.899999976158
1475331944871735396,406,1475331942869410037,,0.0,0,0.0,0.0,0.0,-5.35111713409,20.4676094055,0.0194723177701,0.0,0.0,0.0,0.0,-40.0,120.0,0.899999976158
1475331946889283062,407,1475331944868786096,,0.0,0,0.0,0.0,0.0,-5.05258464813,20.0010738373,-0.991906106472,0.0,0.0,0.0,0.0,-40.0,120.0,0.899999976158
1475331948870788688,408,1475331946886573076,,0.0,0,0.0,0.0,0.0,-5.55067014694,19.3382129669,-1.23011648655,0.0,0.0,0.0,0.0,-40.0,120.0,0.899999976158
1475331950868847410,409,1475331948868618011,,0.0,0,0.0,0.0,0.0,-6.242415905,18.4431266785,-1.44928228855,0.0,0.0,0.0,0.0,-40.0,120.0,0.899999976158
1475331952868948448,410,1475331950868238925,,0.0,0,0.0,0.0,0.0,-5.78789615631,18.154914856,-1.14427614212,0.0,0.0,0.0,0.0,-40.0,120.0,0.899999976158
1475331954869110932,411,1475331952867553949,,0.0,0,0.0,0.0,0.0,-6.45293283463,17.6180820465,-1.27098119259,0.0,0.0,0.0,0.0,-40.0,120.0,0.899999976158
1475331956869630072,412,1475331954868329048,,0.0,0,0.0,0.0,0.0,-6.22270441055,17.4285449982,-1.59346306324,0.0,0.0,0.0,0.0,-40.0,120.0,0.899999976158
1475331958867718263,413,1475331956868443965,,0.0,0,0.0,0.0,0.0,-7.51151943207,16.0621910095,0.057023525238,0.0,0.0,0.0,0.0,-40.0,120.0,0.899999976158
1475331960869338915,414,1475331958867429971,,0.0,0,0.0,0.0,0.0,-7.90549373627,15.497674942,-0.494635790586,0.0,0.0,0.0,0.0,-40.0,120.0,0.899999976158
1475331962868990481,415,1475331960868758916,,0.0,0,0.0,0.0,0.0,-7.72890043259,14.9131650925,-1.86027145386,0.0,0.0,0.0,0.0,-40.0,120.0,0.899999976158
1475331964868721750,416,1475331962868582010,,0.0,0,0.0,0.0,0.0,-8.41403961182,13.5322160721,-0.0958880707622,0.0,0.0,0.0,0.0,-40.0,120.0,0.899999976158
1475331966868608440,417,1475331964868134975,,0.0,0,0.0,0.0,0.0,-7.77185440063,12.8615570068,-0.851554334164,0.0,0.0,0.0,0.0,-40.0,120.0,0.899999976158
1475331968870118377,418,1475331966868391036,,0.0,0,0.0,0.0,0.0,-8.58138179779,11.5193862915,-0.620538055897,0.0,0.0,0.0,0.0,-40.0,120.0,0.899999976158
1475331970869316390,419,1475331968868495941,,0.0,0,0.0,0.0,0.0,-8.64057254791,10.6527233124,-1.63578569889,0.0,0.0,0.0,0.0,-40.0,120.0,0.899999976158
1475331972868769853,420,1475331970868057012,,0.0,0,0.0,0.0,0.0,-8.33214664459,10.8291778564,-1.29231107235,0.0,0.0,0.0,0.0,-40.0,120.0,0.899999976158
1475331974869492956,421,1475331972867913007,,0.0,0,0.0,0.0,0.0,-8.74657726288,10.2227106094,-0.959567785263,0.0,0.0,0.0,0.0,-40.0,120.0,0.899999976158
1475331976869372812,422,1475331974868035078,,0.0,0,0.0,0.0,0.0,-8.52453804016,9.57141971588,-1.50610744953,0.0,0.0,0.0,0.0,-40.0,120.0,0.899999976158
1475331978869198694,423,1475331976868848085,,0.0,0,0.0,0.0,0.0,-10.0836248398,9.20823192596,-0.531174957752,0.0,0.0,0.0,0.0,-40.0,120.0,0.899999976158
1475331980868596413,424,1475331978867630958,,0.0,0,0.0,0.0,0.0,-9.92552089691,9.2458782196,-0.710576415062,0.0,0.0,0.0,0.0,-40.0,120.0,0.899999976158
1475331982868545301,425,1475331980868314027,,0.0,0,0.0,0.0,0.0,-10.7803316116,9.4332408905,-1.37000846863,0.0,0.0,0.0,0.0,-40.0,120.0,0.899999976158
1475331984869882154,426,1475331982868030071,,0.0,0,0.0,0.0,0.0,-12.1664915085,10.1838178635,-0.980952262878,0.0,0.0,0.0,0.0,-40.0,120.0,0.899999976158
1475331986868840862,427,1475331984869015932,,0.0,0,0.0,0.0,0.0,-11.471827507,10.7838993073,-1.0714622736,0.0,0.0,0.0,0.0,-40.0,120.0,0.899999976158
1475331988870012355,428,1475331986867861986,,0.0,0,0.0,0.0,0.0,-12.4905776978,9.90760421753,-0.974199295044,0.0,0.0,0.0,0.0,-40.0,120.0,0.899999976158
1475331990869837312,429,1475331988867896080,,0.0,0,0.0,0.0,0.0,-12.8053779602,11.5262441635,-0.605290830135,0.0,0.0,0.0,0.0,-40.0,120.0,0.899999976158
1475331992870303379,430,1475331990868921041,,0.0,0,0.0,0.0,0.0,-13.2031774521,11.818977356,-1.06447982788,0.0,0.0,0.0,0.0,-40.0,120.0,0.899999976158
1475331994869004191,431,1475331992869683980,,0.0,0,0.0,0.0,0.0,-14.3506355286,12.8654413223,-1.02313017845,0.0,0.0,0.0,0.0,-40.0,120.0,0.899999976158
1475331996868645198,432,1475331994868352890,,0.0,0,0.0,0.0,0.0,-15.1641378403,12.2543802261,-0.32031494379,0.0,0.0,0.0,0.0,-40.0,120.0,0.899999976158
1475331998870314107,433,1475331996868235111,,0.0,0,0.0,0.0,0.0,-15.0755882263,13.1631641388,0.0762111246586,0.0,0.0,0.0,0.0,-40.0,120.0,0.899999976158
1475332000869659733,434,1475331998868665933,,0.0,0,0.0,0.0,0.0,-14.9697141647,13.4971570969,-0.688036262989,0.0,0.0,0.0,0.0,-40.0,120.0,0.899999976158
1475332002869126305,435,1475332000868637084,,0.0,0,0.0,0.0,0.0,-15.4190063477,13.2109241486,-0.445164442062,0.0,0.0,0.0,0.0,-40.0,120.0,0.899999976158
1475332004872719942,436,1475332002867825984,,0.0,0,0.0,0.0,0.0,-15.5541324615,14.5280685425,-1.34488737583,0.0,0.0,0.0,0.0,-40.0,120.0,0.899999976158
1475332006869032945,437,1475332004868357896,,0.0,0,0.0,0.0,0.0,-15.9488420486,15.1778821945,-1.26589250565,0.0,0.0,0.0,0.0,-40.0,120.0,0.899999976158
1475332008870262838,438,1475332006868431091,,0.0,0,0.0,0.0,0.0,-16.0838775635,15.2646007538,-1.94684827328,0.0,0.0,0.0,0.0,-40.0,120.0,0.899999976158
1475332010871820354,439,1475332008868210077,,0.0,0,0.0,0.0,0.0,-16.1321983337,16.6818943024,-1.04838001728,0.0,0.0,0.0,0.0,-40.0,120.0,0.899999976158
1475332012871604650,440,1475332010870029926,,0.0,0,0.0,0.0,0.0,-15.8473320007,17.1677112579,-0.547936081886,0.0,0.0,0.0,0.0,-40.0,120.0,0.899999976158
1475332014868560819,441,1475332012868182897,,0.0,0,0.0,0.0,0.0,-15.066652298,17.3025550842,-1.13453233242,0.0,0.0,0.0,0.0,-40.0,120.0,0.899999976158
1475332016869352094,442,1475332014867938995,,0.0,0,0.0,0.0,0.0,-14.8262042999,17.4305057526,-1.59246611595,0.0,0.0,0.0,0.0,-40.0,120.0,0.899999976158
1475332018868271576,443,1475332016867794036,,0.0,0,0.0,0.0,0.0,-14.0751867294,17.124792099,-0.23273023963,0.0,0.0,0.0,0.0,-40.0,120.0,0.899999976158
1475332020868267052,444,1475332018867608070,,0.0,0,0.0,0.0,0.0,-13.4100885391,19.5418453217,-0.559223175049,0.0,0.0,0.0,0.0,-40.0,120.0,0.899999976158
1475332022868679562,445,1475332020867810964,,0.0,0,0.0,0.0,0.0,-12.635181427,18.7223567963,-1.08706903458,0.0,0.0,0.0,0.0,-40.0,120.0,0.899999976158
1475332024869703357,446,1475332022868275880,,0.0,0,0.0,0.0,0.0,-13.7613048553,20.5583343506,-1.23808026314,0.0,0.0,0.0,0.0,-40.0,120.0,0.899999976158
1475332026868118848,447,1475332024869237899,,0.0,0,0.0,0.0,0.0,-12.8436861038,19.8108692169,-1.33261239529,0.0,0.0,0.0,0.0,-40.0,120.0,0.899999976158
1475332028868937688,448,1475332026867532968,,0.0,0,0.0,0.0,0.0,-11.9956817627,21.6193828583,-1.01248598099,0.0,0.0,0.0,0.0,-40.0,120.0,0.899999976158
1475332030868659028,449,1475332028868069887,,0.0,0,0.0,0.0,0.0,-11.4920358658,21.592048645,-1.7626979351,0.0,0.0,0.0,0.0,-40.0,120.0,0.899999976158
1475332032868738576,450,1475332030867676973,,0.0,0,0.0,0.0,0.0,-11.8620452881,23.7354488373,-1.11767089367,0.0,0.0,0.0,0.0,-40.0,120.0,0.899999976158
1475332034870434543,451,1475332032868387937,,0.0,0,0.0,0.0,0.0,-10.2448835373,23.4754772186,-0.763448178768,0.0,0.0,0.0,0.0,-40.0,120.0,0.899999976158
1475332036870402319,452,1475332034869806051,,0.0,0,0.0,0.0,0.0,-10.7306499481,24.7837524414,-1.04807293415,0.0,0.0,0.0,0.0,-40.0,120.0,0.899999976158
1475332038868225876,453,1475332036868690013,,0.0,0,0.0,0.0,0.0,-10.8112411499,25.9385585785,-1.1914305687,0.0,0.0,0.0,0.0,-40.0,120.0,0.899999976158
1475332040868462418,454,1475332038867429018,,0.0,0,0.0,0.0,0.0,-11.7235155106,25.7682647705,-0.87908500433,0.0,0.0,0.0,0.0,-40.0,120.0,0.899999976158
1475332042868797278,455,1475332040868258953,,0.0,0,0.0,0.0,0.0,-9.61249160767,26.5078582764,-0.573975861073,0.0,0.0,0.0,0.0,-40.0,120.0,0.899999976158
1475332044869117871,456,1475332042868242025,,0.0,0,0.0,0.0,0.0,-8.99331569672,26.5758838654,-1.70645642281,0.0,0.0,0.0,0.0,-40.0,120.0,0.899999976158
1475332046869166183,457,1475332044868545055,,0.0,0,0.0,0.0,0.0,-8.93093013763,27.3963947296,-0.376362174749,0.0,0.0,0.0,0.0,-40.0,120.0,0.899999976158
1475332048870491400,458,1475332046868483066,,0.0,0,0.0,0.0,0.0,-8.61492061615,27.0256271362,-0.776508569717,0.0,0.0,0.0,0.0,-40.0,120.0,0.899999976158
1475332050869185650,459,1475332048868905067,,0.0,0,0.0,0.0,0.0,-8.28055763245,25.9153785706,-0.83009147644,0.0,0.0,0.0,0.0,-40.0,120.0,0.899999976158
1475332052868275541,460,1475332050867602109,,0.0,0,0.0,0.0,0.0,-7.66681861877,25.9170684814,-0.74200707674,0.0,0.0,0.0,0.0,-40.0,120.0,0.899999976158
1475332054868903615,461,1475332052867963075,,0.0,0,0.0,0.0,0.0,-7.07983827591,25.3276462555,0.214044257998,0.0,0.0,0.0,0.0,-40.0,120.0,0.899999976158
1475332056871381174,462,1475332054867754936,,0.0,0,0.0,0.0,0.0,-6.97164487839,25.5500507355,-0.613965153694,0.0,0.0,0.0,0.0,-40.0,120.0,0.899999976158
1475332058872202434,463,1475332056869242906,,0.0,0,0.0,0.0,0.0,-6.76299667358,24.7194805145,-1.43313229084,0.0,0.0,0.0,0.0,-40.0,120.0,0.899999976158
1475332060870557429,464,1475332058868134021,,0.0,0,0.0,0.0,0.0,-6.56220912933,24.2392444611,-0.744682312012,0.0,0.0,0.0,0.0,-40.0,120.0,0.899999976158
1475332062869410779,465,1475332060869054079,,0.0,0,0.0,0.0,0.0,-6.82445430756,23.8876800537,-0.292184740305,0.0,0.0,0.0,0.0,-40.0,120.0,0.899999976158
1475332064870638116,466,1475332062868201971,,0.0,0,0.0,0.0,0.0,-6.96523714066,22.7671298981,-0.885273218155,0.0,0.0,0.0,0.0,-40.0,120.0,0.899999976158
1475332066874725552,467,1475332064868642091,,0.0,0,0.0,0.0,0.0,-7.03877830505,23.8838005066,-0.176371902227,0.0,0.0,0.0,0.0,-40.0,120.0,0.899999976158
1475332068868861776,468,1475332066868679046,,0.0,0,0.0,0.0,0.0,-7.38788700104,22.3718185425,-0.518427848816,0.0,0.0,0.0,0.0,-40.0,120.0,0.899999976158
1475332070869356632,469,1475332068868242025,,0.0,0,0.0,0.0,0.0,-8.24697113037,22.6578559875,-1.480235219,0.0,0.0,0.0,0.0,-40.0,120.0,0.899999976158
1475332072869793672,470,1475332070867942094,,0.0,0,0.0,0.0,0.0,-7.86017513275,21.9067440033,-0.445781499147,0.0,0.0,0.0,0.0,-40.0,120.0,0.899999976158
1475332074870191136,471,1475332072868068933,,0.0,0,0.0,0.0,0.0,-8.50716972351,22.2327747345,-0.870743691921,0.0,0.0,0.0,0.0,-40.0,120.0,0.899999976158
1475332076869829326,472,1475332074868685960,,0.0,0,0.0,0.0,0.0,-7.89135599136,21.5398330688,-0.996264696121,0.0,0.0,0.0,0.0,-40.0,120.0,0.899999976158
1475332078873573515,473,1475332076868664979,,0.0,0,0.0,0.0,0.0,-8.74615001678,20.3737373352,-0.754182398319,0.0,0.0,0.0,0.0,-40.0,120.0,0.899999976158
1475332080868367483,474,1475332078869383096,,0.0,0,0.0,0.0,0.0,-8.07052707672,19.9640235901,-1.13376247883,0.0,0.0,0.0,0.0,-40.0,120.0,0.899999976158
1475332082874190501,475,1475332080867659091,,0.0,0,0.0,0.0,0.0,-9.45404052734,18.7922782898,-0.567702651024,0.0,0.0,0.0,0.0,-40.0,120.0,0.899999976158
1475332084871007206,476,1475332082868793964,,0.0,0,0.0,0.0,0.0,-8.67558574677,18.2834186554,-1.27999722958,0.0,0.0,0.0,0.0,-40.0,120.0,0.899999976158
1475332086870749329,477,1475332084867913007,,0.0,0,0.0,0.0,0.0,-10.190413475,17.7610530853,-1.05030846596,0.0,0.0,0.0,0.0,-40.0,120.0,0.899999976158
1475332088871443913,478,1475332086867816925,,0.0,0,0.0,0.0,0.0,-9.40787124634,16.247467041,-1.16996669769,0.0,0.0,0.0,0.0,-40.0,120.0,0.899999976158
1475332090871691497,479,1475332088869821071,,0.0,0,0.0,0.0,0.0,-10.348277092,15.1018486023,-1.20046007633,0.0,0.0,0.0,0.0,-40.0,120.0,0.899999976158
1475332092867932796,480,1475332090870435953,,0.0,0,0.0,0.0,0.0,-10.7492036819,15.3777723312,-0.959696471691,0.0,0.0,0.0,0.0,-40.0,120.0,0.899999976158
1475332094871475484,481,1475332092867517948,,0.0,0,0.0,0.0,0.0,-10.4191513062,14.8630361557,-1.0361353159,0.0,0.0,0.0,0.0,-40.0,120.0,0.899999976158
1475332096869770169,482,1475332094868742942,,0.0,0,0.0,0.0,0.0,-10.297369957,12.9671974182,-1.46875858307,0.0,0.0,0.0,0.0,-40.0,120.0,0.899999976158
1475332098871751035,483,1475332096868815898,,0.0,0,0.0,0.0,0.0,-10.9773492813,13.3584241867,-1.00348031521,0.0,0.0,0.0,0.0,-40.0,120.0,0.899999976158
1475332100868219762,484,1475332098869556903,,0.0,0,0.0,0.0,0.0,-10.3154878616,13.1565322876,-0.851626634598,0.0,0.0,0.0,0.0,-40.0,120.0,0.899999976158
1475332102870979540,485,1475332100867717981,,0.0,0,0.0,0.0,0.0,-11.9280605316,11.5096473694,-0.850719094276,0.0,0.0,0.0,0.0,-40.0,120.0,0.899999976158
1475332104867967661,486,1475332102868386030,,0.0,0,0.0,0.0,0.0,-11.8749713898,11.3643283844,-1.24802422523,0.0,0.0,0.0,0.0,-40.0,120.0,0.899999976158
1475332106868177878,487,1475332104867521047,,0.0,0,0.0,0.0,0.0,-12.4252109528,10.9906406403,-0.874198079109,0.0,0.0,0.0,0.0,-40.0,120.0,0.899999976158
1475332108870134643,488,1475332106867866039,,0.0,0,0.0,0.0,0.0,-13.2470426559,9.75410556793,-1.70842456818,0.0,0.0,0.0,0.0,-40.0,120.0,0.899999976158
1475332110868966301,489,1475332108869448900,,0.0,0,0.0,0.0,0.0,-13.7073965073,10.7652616501,-0.613310396671,0.0,0.0,0.0,0.0,-40.0,120.0,0.899999976158
1475332112869623154,490,1475332110868355989,,0.0,0,0.0,0.0,0.0,-13.7822971344,10.7991380692,-1.08241927624,0.0,0.0,0.0,0.0,-40.0,120.0,0.899999976158
1475332114869339786,491,1475332112867691993,,0.0,0,0.0,0.0,0.0,-14.064573288,11.5770931244,-0.545549631119,0.0,0.0,0.0,0.0,-40.0,120.0,0.899999976158
1475332116870000851,492,1475332114868206024,,0.0,0,0.0,0.0,0.0,-14.7954673767,12.0926961899,-1.77629733086,0.0,0.0,0.0,0.0,-40.0,120.0,0.899999976158
1475332118872897343,493,1475332116868215084,,0.0,0,0.0,0.0,0.0,-15.2354354858,12.3415784836,-1.5515203476,0.0,0.0,0.0,0.0,-40.0,120.0,0.899999976158
1475332120872447179,494,1475332118872529983,,0.0,0,0.0,0.0,0.0,-15.9258556366,12.8525590897,-1.42824614048,0.0,0.0,0.0,0.0,-40.0,120.0,0.899999976158
1475332122869598877,495,1475332120868837118,,0.0,0,0.0,0.0,0.0,-16.2419166565,13.5798177719,-0.874814093113,0.0,0.0,0.0,0.0,-40.0,120.0,0.899999976158
1475332124869055224,496,1475332122866882085,,0.0,0,0.0,0.0,0.0,-16.2076854706,13.8040447235,-1.05542528629,0.0,0.0,0.0,0.0,-40.0,120.0,0.899999976158
1475332126872180594,497,1475332124867836952,,0.0,0,0.0,0.0,0.0,-17.045009613,14.1188745499,-0.591289401054,0.0,0.0,0.0,0.0,-40.0,120.0,0.899999976158
1475332128868900797,498,1475332126867585897,,0.0,0,0.0,0.0,0.0,-17.7300701141,14.3333940506,-1.39853453636,0.0,0.0,0.0,0.0,-40.0,120.0,0.899999976158
1475332130869514238,499,1475332128867635011,,0.0,0,0.0,0.0,0.0,-17.051651001,15.2561836243,-1.30435049534,0.0,0.0,0.0,0.0,-40.0,120.0,0.899999976158
1475332132869415385,500,1475332130867655992,,0.0,0,0.0,0.0,0.0,-18.2150917053,15.3581609726,-0.712102293968,0.0,0.0,0.0,0.0,-40.0,120.0,0.899999976158
1475332134868749063,501,1475332132868609905,,0.0,0,0.0,0.0,0.0,-17.9255599976,15.9564905167,-0.650838315487,0.0,0.0,0.0,0.0,-40.0,120.0,0.899999976158
1475332136872979333,502,1475332134867686986,,0.0,0,0.0,0.0,0.0,-17.3275508881,16.1248588562,-0.789829432964,0.0,0.0,0.0,0.0,-40.0,120.0,0.899999976158
1475332138873113799,503,1475332136871798992,,0.0,0,0.0,0.0,0.0,-18.2655067444,17.6235599518,-1.30829906464,0.0,0.0,0.0,0.0,-40.0,120.0,0.899999976158
1475332140873274957,504,1475332138868077993,,0.0,0,0.0,0.0,0.0,-17.4372463226,17.4035453796,-0.982702314854,0.0,0.0,0.0,0.0,-40.0,120.0,0.899999976158
1475332142871410455,505,1475332140872740983,,0.0,0,0.0,0.0,0.0,-18.1785640717,17.2865486145,-0.841716349125,0.0,0.0,0.0,0.0,-40.0,120.0,0.899999976158
1475332144870008552,506,1475332142870841026,,0.0,0,0.0,0.0,0.0,-16.9141902924,17.6393280029,-1.13632106781,0.0,0.0,0.0,0.0,-40.0,120.0,0.899999976158
1475332146869299662,507,1475332144869164943,,0.0,0,0.0,0.0,0.0,-15.5363645554,18.6216125488,-1.32791149616,0.0,0.0,0.0,0.0,-40.0,120.0,0.899999976158
1475332148869264713,508,1475332146868594884,,0.0,0,0.0,0.0,0.0,-16.0523071289,20.4513053894,-1.77138245106,0.0,0.0,0.0,0.0,-40.0,120.0,0.899999976158
1475332150867991439,509,1475332148867533922,,0.0,0,0.0,0.0,0.0,-15.0934534073,19.7756233215,-0.844387292862,0.0,0.0,0.0,0.0,-40.0,120.0,0.899999976158
1475332152869959495,510,1475332150867558002,,0.0,0,0.0,0.0,0.0,-14.2789392471,20.5544109344,-1.45436728001,0.0,0.0,0.0,0.0,-40.0,120.0,0.899999976158
1475332154869760911,511,1475332152868830919,,0.0,0,0.0,0.0,0.0,-14.4960584641,22.0314254761,-0.660685896873,0.0,0.0,0.0,0.0,-40.0,120.0,0.899999976158
1475332156874316075,512,1475332154867754936,,0.0,0,0.0,0.0,0.0,-14.0374679565,22.5674095154,-0.0309763439,0.0,0.0,0.0,0.0,-40.0,120.0,0.899999976158
1475332158870100646,513,1475332156872566938,,0.0,0,0.0,0.0,0.0,-14.1663818359,23.7210426331,-0.749023258686,0.0,0.0,0.0,0.0,-40.0,120.0,0.899999976158
1475332160868635885,514,1475332158868249893,,0.0,0,0.0,0.0,0.0,-13.4857797623,23.5864372253,-0.369561672211,0.0,0.0,0.0,0.0,-40.0,120.0,0.899999976158
1475332162869209958,515,1475332160867804050,,0.0,0,0.0,0.0,0.0,-13.4035863876,24.003818512,-0.140644297004,0.0,0.0,0.0,0.0,-40.0,120.0,0.899999976158
1475332164869316521,516,1475332162868113994,,0.0,0,0.0,0.0,0.0,-14.1144752502,25.2893505096,-1.06065511703,0.0,0.0,0.0,0.0,-40.0,120.0,0.899999976158
1475332166868925149,517,1475332164868798971,,0.0,0,0.0,0.0,0.0,-13.7410564423,26.8444709778,-1.42032408714,0.0,0.0,0.0,0.0,-40.0,120.0,0.899999976158
1475332168869443535,518,1475332166868653059,,0.0,0,0.0,0.0,0.0,-13.2354354858,26.6477069855,-0.914531946182,0.0,0.0,0.0,0.0,-40.0,120.0,0.899999976158
1475332170868465902,519,1475332168868360996,,0.0,0,0.0,0.0,0.0,-12.5338344574,27.995677948,-0.810096740723,0.0,0.0,0.0,0.0,-40.0,120.0,0.899999976158
1475332172868542278,520,1475332170867825984,,0.0,0,0.0,0.0,0.0,-12.118183136,27.6396427155,-0.934309303761,0.0,0.0,0.0,0.0,-40.0,120.0,0.899999976158
1475332174868045759,521,1475332172867815017,,0.0,0,0.0,0.0,0.0,-11.6621732712,28.0954303741,-0.745990216732,0.0,0.0,0.0,0.0,-40.0,120.0,0.899999976158
1475332176869928359,522,1475332174867656946,,0.0,0,0.0,0.0,0.0,-11.5688066483,27.5199451447,-1.23416233063,0.0,0.0,0.0,0.0,-40.0,120.0,0.899999976158
1475332178869911499,523,1475332176868025064,,0.0,0,0.0,0.0,0.0,-10.7783317566,28.1564445496,-0.438020676374,0.0,0.0,0.0,0.0,-40.0,120.0,0.899999976158
1475332180872707373,524,1475332178868583917,,0.0,0,0.0,0.0,0.0,-10.4871110916,27.509437561,-1.02642500401,0.0,0.0,0.0,0.0,-40.0,120.0,0.899999976158
1475332182869362018,525,1475332180869113922,,0.0,0,0.0,0.0,0.0,-9.02954387665,27.5438499451,-1.00446593761,0.0,0.0,0.0,0.0,-40.0,120.0,0.899999976158
1475332184872407785,526,1475332182868459939,,0.0,0,0.0,0.0,0.0,-10.1391763687,26.8157653809,-0.854022622108,0.0,0.0,0.0,0.0,-40.0,120.0,0.899999976158
1475332186873294938,527,1475332184871469974,,0.0,0,0.0,0.0,0.0,-9.36490917206,26.6856822968,-0.689213395119,0.0,0.0,0.0,0.0,-40.0,120.0,0.899999976158
1475332188869726916,528,1475332186867826938,,0.0,0,0.0,0.0,0.0,-9.56156253815,26.1942062378,-0.0332284979522,0.0,0.0,0.0,0.0,-40.0,120.0,0.899999976158
1475332190871251812,529,1475332188867881059,,0.0,0,0.0,0.0,0.0,-8.193400383,25.8688488007,-1.10750925541,0.0,0.0,0.0,0.0,-40.0,120.0,0.899999976158
1475332192873597903,530,1475332190869328022,,0.0,0,0.0,0.0,0.0,-9.06655025482,24.4715862274,-1.59368646145,0.0,0.0,0.0,0.0,-40.0,120.0,0.899999976158
1475332194868693705,531,1475332192870043039,,0.0,0,0.0,0.0,0.0,-9.8752040863,23.9083461761,-0.585455954075,0.0,0.0,0.0,0.0,-40.0,120.0,0.899999976158
1475332196870108543,532,1475332194868139028,,0.0,0,0.0,0.0,0.0,-9.62781524658,23.556930542,-0.419781148434,0.0,0.0,0.0,0.0,-40.0,120.0,0.899999976158
1475332198868296414,533,1475332196868961095,,0.0,0,0.0,0.0,0.0,-9.957447052,22.9263648987,-1.20796322823,0.0,0.0,0.0,0.0,-40.0,120.0,0.899999976158
1475332200868752716,534,1475332198867995023,,0.0,0,0.0,0.0,0.0,-9.59234428406,23.9816513062,-0.238964572549,0.0,0.0,0.0,0.0,-40.0,120.0,0.899999976158
1475332202872497720,535,1475332200867893934,,0.0,0,0.0,0.0,0.0,-10.2344903946,21.9224262238,-0.966874241829,0.0,0.0,0.0,0.0,-40.0,120.0,0.899999976158
1475332204869293088,536,1475332202868390083,,0.0,0,0.0,0.0,0.0,-10.7486810684,22.0075836182,-0.712205648422,0.0,0.0,0.0,0.0,-40.0,120.0,0.899999976158
1475332206870038702,537,1475332204868169069,,0.0,0,0.0,0.0,0.0,-11.5883951187,21.5424423218,-1.64637255669,0.0,0.0,0.0,0.0,-40.0,120.0,0.899999976158
1475332208868707628,538,1475332206869532108,,0.0,0,0.0,0.0,0.0,-10.073381424,21.4590740204,-1.1793743372,0.0,0.0,0.0,0.0,-40.0,120.0,0.899999976158
1475332210868721792,539,1475332208867556095,,0.0,0,0.0,0.0,0.0,-11.1561441422,20.5928726196,-1.78192222118,0.0,0.0,0.0,0.0,-40.0,120.0,0.899999976158
1475332212868626149,540,1475332210868031978,,0.0,0,0.0,0.0,0.0,-11.3923511505,19.862663269,-1.45146524906,0.0,0.0,0.0,0.0,-40.0,120.0,0.899999976158
1475332214868552264,541,1475332212868179082,,0.0,0,0.0,0.0,0.0,-11.3968467712,18.6040935516,-1.53486847878,0.0,0.0,0.0,0.0,-40.0,120.0,0.899999976158
1475332216868972482,542,1475332214867537021,,0.0,0,0.0,0.0,0.0,-11.7107572556,18.6303920746,-1.79742920399,0.0,0.0,0.0,0.0,-40.0,120.0,0.899999976158
1475332218870789875,543,1475332216867988109,,0.0,0,0.0,0.0,0.0,-11.2684745789,17.84557724,-1.35493671894,0.0,0.0,0.0,0.0,-40.0,120.0,0.899999976158
1475332220869504226,544,1475332218868961095,,0.0,0,0.0,0.0,0.0,-11.1208286285,16.070734024,-0.560942411423,0.0,0.0,0.0,0.0,-40.0,120.0,0.899999976158
1475332222870691174,545,1475332220867640972,,0.0,0,0.0,0.0,0.0,-12.1848917007,15.6111698151,-0.402419418097,0.0,0.0,0.0,0.0,-40.0,120.0,0.899999976158
1475332224870814190,546,1475332222869968891,,0.0,0,0.0,0.0,0.0,-12.4655675888,15.5452861786,-1.91375219822,0.0,0.0,0.0,0.0,-40.0,120.0,0.899999976158
1475332226869603560,547,1475332224868505954,,0.0,0,0.0,0.0,0.0,-13.4045467377,14.3043575287,-1.61650085449,0.0,0.0,0.0,0.0,-40.0,120.0,0.899999976158
1475332228867937014,548,1475332226868985891,,0.0,0,0.0,0.0,0.0,-13.060210228,13.6191921234,-0.579680919647,0.0,0.0,0.0,0.0,-40.0,120.0,0.899999976158
1475332230868798784,549,1475332228867372035,,0.0,0,0.0,0.0,0.0,-14.203915596,12.4688491821,-0.855255961418,0.0,0.0,0.0,0.0,-40.0,120.0,0.899999976158
1475332232869224344,550,1475332230868505001,,0.0,0,0.0,0.0,0.0,-13.7670536041,12.0047655106,-1.40127146244,0.0,0.0,0.0,0.0,-40.0,120.0,0.899999976158
1475332234869774402,551,1475332232868510961,,0.0,0,0.0,0.0,0.0,-13.0258655548,12.0204696655,-1.59963822365,0.0,0.0,0.0,0.0,-40.0,120.0,0.899999976158
1475332236869386586,552,1475332234868242979,,0.0,0,0.0,0.0,0.0,-13.6180324554,11.4815540314,-0.938676118851,0.0,0.0,0.0,0.0,-40.0,120.0,0.899999976158
1475332238869138958,553,1475332236867885112,,0.0,0,0.0,0.0,0.0,-12.8759269714,10.7641248703,-1.58324611187,0.0,0.0,0.0,0.0,-40.0,120.0,0.899999976158
1475332240870476337,554,1475332238867791891,,0.0,0,0.0,0.0,0.0,-12.1106004715,9.44498634338,-1.66439080238,0.0,0.0,0.0,0.0,-40.0,120.0,0.899999976158
1475332242869173815,555,1475332240868952035,,0.0,0,0.0,0.0,0.0,-11.3631849289,9.12006759644,-0.804299175739,0.0,0.0,0.0,0.0,-40.0,120.0,0.899999976158
1475332244869614333,556,1475332242868371963,,0.0,0,0.0,0.0,0.0,-11.3690452576,9.71965694427,0.692752718925,0.0,0.0,0.0,0.0,-40.0,120.0,0.899999976158
1475332246869391429,557,1475332244868084907,,0.0,0,0.0,0.0,0.0,-10.3431158066,9.2145357132,-0.618019878864,0.0,0.0,0.0,0.0,-40.0,120.0,0.899999976158
1475332248869446185,558,1475332246867851972,,0.0,0,0.0,0.0,0.0,-10.1048641205,9.78972053528,-0.998832762241,0.0,0.0,0.0,0.0,-40.0,120.0,0.899999976158
1475332250868195296,559,1475332248867785930,,0.0,0,0.0,0.0,0.0,-10.3305540085,8.5326051712,-0.687824845314,0.0,0.0,0.0,0.0,-40.0,120.0,0.899999976158
1475332252868588815,560,1475332250867526054,,0.0,0,0.0,0.0,0.0,-9.47746944427,8.46149349213,-0.832177937031,0.0,0.0,0.0,0.0,-40.0,120.0,0.899999976158
1475332254869234350,561,1475332252867558002,,0.0,0,0.0,0.0,0.0,-8.5461473465,9.15772819519,-0.745642364025,0.0,0.0,0.0,0.0,-40.0,120.0,0.899999976158
1475332256869835250,562,1475332254868865013,,0.0,0,0.0,0.0,0.0,-8.05714988708,9.12173557281,-1.68846833706,0.0,0.0,0.0,0.0,-40.0,120.0,0.899999976158
1475332258870905339,563,1475332256868537902,,0.0,0,0.0,0.0,0.0,-7.94097423553,9.05561542511,-0.383418977261,0.0,0.0,0.0,0.0,-40.0,120.0,0.899999976158
1475332260869107592,564,1475332258868767023,,0.0,0,0.0,0.0,0.0,-8.15033435822,8.28758049011,-0.489520817995,0.0,0.0,0.0,0.0,-40.0,120.0,0.899999976158
1475332262871224238,565,1475332260868246078,,0.0,0,0.0,0.0,0.0,-6.98432970047,8.41874694824,-1.77792084217,0.0,0.0,0.0,0.0,-40.0,120.0,0.899999976158
1475332264887180504,566,1475332262869000911,,0.0,0,0.0,0.0,0.0,-6.65548753738,8.05874252319,-1.51786994934,0.0,0.0,0.0,0.0,-40.0,120.0,0.899999976158
1475332266871792610,567,1475332264885500907,,0.0,0,0.0,0.0,0.0,-6.45067167282,8.2807226181,-1.76267874241,0.0,0.0,0.0,0.0,-40.0,120.0,0.899999976158
1475332268868972879,568,1475332266868663072,,0.0,0,0.0,0.0,0.0,-6.56900072098,8.13386440277,-1.75929570198,0.0,0.0,0.0,0.0,-40.0,120.0,0.899999976158
