%time,field.header.seq,field.header.stamp,field.header.frame_id,field.pose.pose.position.x,field.pose.pose.position.y,field.pose.pose.position.z,field.pose.pose.orientation.x,field.pose.pose.orientation.y,field.pose.pose.orientation.z,field.pose.pose.orientation.w,field.pose.covariance0,field.pose.covariance1,field.pose.covariance2,field.pose.covariance3,field.pose.covariance4,field.pose.covariance5,field.pose.covariance6,field.pose.covariance7,field.pose.covariance8,field.pose.covariance9,field.pose.covariance10,field.pose.covariance11,field.pose.covariance12,field.pose.covariance13,field.pose.covariance14,field.pose.covariance15,field.pose.covariance16,field.pose.covariance17,field.pose.covariance18,field.pose.covariance19,field.pose.covariance20,field.pose.covariance21,field.pose.covariance22,field.pose.covariance23,field.pose.covariance24,field.pose.covariance25,field.pose.covariance26,field.pose.covariance27,field.pose.covariance28,field.pose.covariance29,field.pose.covariance30,field.pose.covariance31,field.pose.covariance32,field.pose.covariance33,field.pose.covariance34,field.pose.covariance35
1474475389393561745,32,1474475389395376022,gps_origin,-32.5682849053,-40.1569693484,0.0,0.0,0.0,0.0,0.0,0.405,0.0,0.0,0.0,0.0,0.0,0.0,0.405,0.0,0.0,0.0,0.0,0.0,0.0,0.0,0.0,0.0,0.0,0.0,0.0,0.0,0.0,0.0,0.0,0.0,0.0,0.0,0.0,0.0,0.0,0.0,0.0,0.0,0.0,0.0,0.0
1474475390399488284,33,1474475390398921145,gps_origin,-32.5682856475,-40.0140619852,0.0,0.0,0.0,0.0,0.0,0.405,0.0,0.0,0.0,0.0,0.0,0.0,0.405,0.0,0.0,0.0,0.0,0.0,0.0,0.0,0.0,0.0,0.0,0.0,0.0,0.0,0.0,0.0,0.0,0.0,0.0,0.0,0.0,0.0,0.0,0.0,0.0,0.0,0.0,0.0,0.0
1474475391385417609,34,1474475391393864710,gps_origin,-32.7533333326,-40.0140629482,0.0,0.0,0.0,0.0,0.0,0.405,0.0,0.0,0.0,0.0,0.0,0.0,0.405,0.0,0.0,0.0,0.0,0.0,0.0,0.0,0.0,0.0,0.0,0.0,0.0,0.0,0.0,0.0,0.0,0.0,0.0,0.0,0.0,0.0,0.0,0.0,0.0,0.0,0.0,0.0,0.0
1474475392381222388,35,1474475392383742763,gps_origin,-32.7533333326,-40.0140629482,0.0,0.0,0.0,0.0,0.0,0.405,0.0,0.0,0.0,0.0,0.0,0.0,0.405,0.0,0.0,0.0,0.0,0.0,0.0,0.0,0.0,0.0,0.0,0.0,0.0,0.0,0.0,0.0,0.0,0.0,0.0,0.0,0.0,0.0,0.0,0.0,0.0,0.0,0.0,0.0,0.0
1474475393387272214,36,1474475393394207457,gps_origin,-32.9383817585,-39.8711565413,0.0,0.0,0.0,0.0,0.0,0.405,0.0,0.0,0.0,0.0,0.0,0.0,0.405,0.0,0.0,0.0,0.0,0.0,0.0,0.0,0.0,0.0,0.0,0.0,0.0,0.0,0.0,0.0,0.0,0.0,0.0,0.0,0.0,0.0,0.0,0.0,0.0,0.0,0.0,0.0,0.0
1474475394393258058,37,1474475394392762018,gps_origin,-32.9383817585,-39.8711565413,0.0,0.0,0.0,0.0,0.0,0.405,0.0,0.0,0.0,0.0,0.0,0.0,0.405,0.0,0.0,0.0,0.0,0.0,0.0,0.0,0.0,0.0,0.0,0.0,0.0,0.0,0.0,0.0,0.0,0.0,0.0,0.0,0.0,0.0,0.0,0.0,0.0,0.0,0.0,0.0,0.0
1474475395389987542,38,1474475395393261762,gps_origin,-32.9383824949,-39.7282491712,0.0,0.0,0.0,0.0,0.0,0.405,0.0,0.0,0.0,0.0,0.0,0.0,0.405,0.0,0.0,0.0,0.0,0.0,0.0,0.0,0.0,0.0,0.0,0.0,0.0,0.0,0.0,0.0,0.0,0.0,0.0,0.0,0.0,0.0,0.0,0.0,0.0,0.0,0.0,0.0,0.0
1474475396395943858,39,1474475396398655693,gps_origin,-33.1234301785,-39.7282501274,0.0,0.0,0.0,0.0,0.0,0.405,0.0,0.0,0.0,0.0,0.0,0.0,0.405,0.0,0.0,0.0,0.0,0.0,0.0,0.0,0.0,0.0,0.0,0.0,0.0,0.0,0.0,0.0,0.0,0.0,0.0,0.0,0.0,0.0,0.0,0.0,0.0,0.0,0.0,0.0,0.0
1474475396395943858,0,1474475396398655693,gps_origin,-33.1234301785,-39.7282501274,0.0,0.0,0.0,0.0,0.0,0.405,0.0,0.0,0.0,0.0,0.0,0.0,0.405,0.0,0.0,0.0,0.0,0.0,0.0,0.0,0.0,0.0,0.0,0.0,0.0,0.0,0.0,0.0,0.0,0.0,0.0,0.0,0.0,0.0,0.0,0.0,0.0,0.0,0.0,0.0,0.0
1474475397391681893,40,1474475397396924595,gps_origin,-33.1234301785,-39.7282501274,0.0,0.0,0.0,0.0,0.0,0.405,0.0,0.0,0.0,0.0,0.0,0.0,0.405,0.0,0.0,0.0,0.0,0.0,0.0,0.0,0.0,0.0,0.0,0.0,0.0,0.0,0.0,0.0,0.0,0.0,0.0,0.0,0.0,0.0,0.0,0.0,0.0,0.0,0.0,0.0,0.0
1474475397391681893,1,1474475397396924595,gps_origin,-33.1234301785,-39.7282501274,0.0,0.0,0.0,0.0,0.0,0.405,0.0,0.0,0.0,0.0,0.0,0.0,0.405,0.0,0.0,0.0,0.0,0.0,0.0,0.0,0.0,0.0,0.0,0.0,0.0,0.0,0.0,0.0,0.0,0.0,0.0,0.0,0.0,0.0,0.0,0.0,0.0,0.0,0.0,0.0,0.0
1474475398407643163,41,1474475398406467666,gps_origin,-33.3084785975,-39.5853437067,0.0,0.0,0.0,0.0,0.0,0.405,0.0,0.0,0.0,0.0,0.0,0.0,0.405,0.0,0.0,0.0,0.0,0.0,0.0,0.0,0.0,0.0,0.0,0.0,0.0,0.0,0.0,0.0,0.0,0.0,0.0,0.0,0.0,0.0,0.0,0.0,0.0,0.0,0.0,0.0,0.0
1474475399383745399,42,1474475399386206674,gps_origin,-33.3084785975,-39.5853437067,0.0,0.0,0.0,0.0,0.0,0.405,0.0,0.0,0.0,0.0,0.0,0.0,0.405,0.0,0.0,0.0,0.0,0.0,0.0,0.0,0.0,0.0,0.0,0.0,0.0,0.0,0.0,0.0,0.0,0.0,0.0,0.0,0.0,0.0,0.0,0.0,0.0,0.0,0.0,0.0,0.0
1474475400389926244,2,1474475400395166937,gps_origin,-33.3084785975,-39.5853437067,0.0,0.0,0.0,0.0,0.0,0.405,0.0,0.0,0.0,0.0,0.0,0.0,0.405,0.0,0.0,0.0,0.0,0.0,0.0,0.0,0.0,0.0,0.0,0.0,0.0,0.0,0.0,0.0,0.0,0.0,0.0,0.0,0.0,0.0,0.0,0.0,0.0,0.0,0.0,0.0,0.0
1474475400399984039,43,1474475400395166937,gps_origin,-33.3084785975,-39.5853437067,0.0,0.0,0.0,0.0,0.0,0.405,0.0,0.0,0.0,0.0,0.0,0.0,0.405,0.0,0.0,0.0,0.0,0.0,0.0,0.0,0.0,0.0,0.0,0.0,0.0,0.0,0.0,0.0,0.0,0.0,0.0,0.0,0.0,0.0,0.0,0.0,0.0,0.0,0.0,0.0,0.0
1474475401386510470,44,1474475401393929671,gps_origin,-33.3084785975,-39.5853437067,0.0,0.0,0.0,0.0,0.0,0.405,0.0,0.0,0.0,0.0,0.0,0.0,0.405,0.0,0.0,0.0,0.0,0.0,0.0,0.0,0.0,0.0,0.0,0.0,0.0,0.0,0.0,0.0,0.0,0.0,0.0,0.0,0.0,0.0,0.0,0.0,0.0,0.0,0.0,0.0,0.0
1474475402393200782,45,1474475402397538446,gps_origin,-33.4935262821,-39.5853446595,0.0,0.0,0.0,0.0,0.0,0.405,0.0,0.0,0.0,0.0,0.0,0.0,0.405,0.0,0.0,0.0,0.0,0.0,0.0,0.0,0.0,0.0,0.0,0.0,0.0,0.0,0.0,0.0,0.0,0.0,0.0,0.0,0.0,0.0,0.0,0.0,0.0,0.0,0.0,0.0,0.0
1474475403399639954,46,1474475403401855842,gps_origin,-33.6785739665,-39.5853456123,0.0,0.0,0.0,0.0,0.0,0.405,0.0,0.0,0.0,0.0,0.0,0.0,0.405,0.0,0.0,0.0,0.0,0.0,0.0,0.0,0.0,0.0,0.0,0.0,0.0,0.0,0.0,0.0,0.0,0.0,0.0,0.0,0.0,0.0,0.0,0.0,0.0,0.0,0.0,0.0,0.0
1474475403399639954,3,1474475403401855842,gps_origin,-33.6785739665,-39.5853456123,0.0,0.0,0.0,0.0,0.0,0.405,0.0,0.0,0.0,0.0,0.0,0.0,0.405,0.0,0.0,0.0,0.0,0.0,0.0,0.0,0.0,0.0,0.0,0.0,0.0,0.0,0.0,0.0,0.0,0.0,0.0,0.0,0.0,0.0,0.0,0.0,0.0,0.0,0.0,0.0,0.0
1474475404386364223,47,1474475404393470276,gps_origin,-33.8636216521,-39.5853465651,0.0,0.0,0.0,0.0,0.0,0.405,0.0,0.0,0.0,0.0,0.0,0.0,0.405,0.0,0.0,0.0,0.0,0.0,0.0,0.0,0.0,0.0,0.0,0.0,0.0,0.0,0.0,0.0,0.0,0.0,0.0,0.0,0.0,0.0,0.0,0.0,0.0,0.0,0.0,0.0,0.0
1474475405392955202,48,1474475405391693388,gps_origin,-33.8636209175,-39.7282539523,0.0,0.0,0.0,0.0,0.0,0.405,0.0,0.0,0.0,0.0,0.0,0.0,0.405,0.0,0.0,0.0,0.0,0.0,0.0,0.0,0.0,0.0,0.0,0.0,0.0,0.0,0.0,0.0,0.0,0.0,0.0,0.0,0.0,0.0,0.0,0.0,0.0,0.0,0.0,0.0,0.0
1474475405392955202,4,1474475405391693388,gps_origin,-33.8636209175,-39.7282539523,0.0,0.0,0.0,0.0,0.0,0.405,0.0,0.0,0.0,0.0,0.0,0.0,0.405,0.0,0.0,0.0,0.0,0.0,0.0,0.0,0.0,0.0,0.0,0.0,0.0,0.0,0.0,0.0,0.0,0.0,0.0,0.0,0.0,0.0,0.0,0.0,0.0,0.0,0.0,0.0,0.0
1474475406389110234,49,1474475406395430298,gps_origin,-34.0486693358,-39.5853475179,0.0,0.0,0.0,0.0,0.0,0.405,0.0,0.0,0.0,0.0,0.0,0.0,0.405,0.0,0.0,0.0,0.0,0.0,0.0,0.0,0.0,0.0,0.0,0.0,0.0,0.0,0.0,0.0,0.0,0.0,0.0,0.0,0.0,0.0,0.0,0.0,0.0,0.0,0.0,0.0,0.0
1474475407386686079,50,1474475407393280376,gps_origin,-34.2337170199,-39.5853484707,0.0,0.0,0.0,0.0,0.0,0.435,0.0,0.0,0.0,0.0,0.0,0.0,0.435,0.0,0.0,0.0,0.0,0.0,0.0,0.0,0.0,0.0,0.0,0.0,0.0,0.0,0.0,0.0,0.0,0.0,0.0,0.0,0.0,0.0,0.0,0.0,0.0,0.0,0.0,0.0,0.0
1474475408383189457,51,1474475408385435041,gps_origin,-34.4187647052,-39.5853494235,0.0,0.0,0.0,0.0,0.0,0.405,0.0,0.0,0.0,0.0,0.0,0.0,0.405,0.0,0.0,0.0,0.0,0.0,0.0,0.0,0.0,0.0,0.0,0.0,0.0,0.0,0.0,0.0,0.0,0.0,0.0,0.0,0.0,0.0,0.0,0.0,0.0,0.0,0.0,0.0,0.0
1474475408383189457,5,1474475408385435041,gps_origin,-34.4187647052,-39.5853494235,0.0,0.0,0.0,0.0,0.0,0.405,0.0,0.0,0.0,0.0,0.0,0.0,0.405,0.0,0.0,0.0,0.0,0.0,0.0,0.0,0.0,0.0,0.0,0.0,0.0,0.0,0.0,0.0,0.0,0.0,0.0,0.0,0.0,0.0,0.0,0.0,0.0,0.0,0.0,0.0,0.0
1474475409379307763,52,1474475409386871009,gps_origin,-34.4187654371,-39.4424420259,0.0,0.0,0.0,0.0,0.0,0.405,0.0,0.0,0.0,0.0,0.0,0.0,0.405,0.0,0.0,0.0,0.0,0.0,0.0,0.0,0.0,0.0,0.0,0.0,0.0,0.0,0.0,0.0,0.0,0.0,0.0,0.0,0.0,0.0,0.0,0.0,0.0,0.0,0.0,0.0,0.0
1474475410375457411,53,1474475410379996489,gps_origin,-34.6038131208,-39.4424429752,0.0,0.0,0.0,0.0,0.0,0.405,0.0,0.0,0.0,0.0,0.0,0.0,0.405,0.0,0.0,0.0,0.0,0.0,0.0,0.0,0.0,0.0,0.0,0.0,0.0,0.0,0.0,0.0,0.0,0.0,0.0,0.0,0.0,0.0,0.0,0.0,0.0,0.0,0.0,0.0,0.0
1474475411392269623,54,1474475411396563590,gps_origin,-34.7888608055,-39.4424439245,0.0,0.0,0.0,0.0,0.0,0.405,0.0,0.0,0.0,0.0,0.0,0.0,0.405,0.0,0.0,0.0,0.0,0.0,0.0,0.0,0.0,0.0,0.0,0.0,0.0,0.0,0.0,0.0,0.0,0.0,0.0,0.0,0.0,0.0,0.0,0.0,0.0,0.0,0.0,0.0,0.0
1474475411392269623,6,1474475411396563590,gps_origin,-34.7888608055,-39.4424439245,0.0,0.0,0.0,0.0,0.0,0.405,0.0,0.0,0.0,0.0,0.0,0.0,0.405,0.0,0.0,0.0,0.0,0.0,0.0,0.0,0.0,0.0,0.0,0.0,0.0,0.0,0.0,0.0,0.0,0.0,0.0,0.0,0.0,0.0,0.0,0.0,0.0,0.0,0.0,0.0,0.0
1474475412398354727,55,1474475412403059878,gps_origin,-34.7888615341,-39.29953652,0.0,0.0,0.0,0.0,0.0,0.405,0.0,0.0,0.0,0.0,0.0,0.0,0.405,0.0,0.0,0.0,0.0,0.0,0.0,0.0,0.0,0.0,0.0,0.0,0.0,0.0,0.0,0.0,0.0,0.0,0.0,0.0,0.0,0.0,0.0,0.0,0.0,0.0,0.0,0.0,0.0
1474475412398354727,7,1474475412403059878,gps_origin,-34.7888615341,-39.29953652,0.0,0.0,0.0,0.0,0.0,0.405,0.0,0.0,0.0,0.0,0.0,0.0,0.405,0.0,0.0,0.0,0.0,0.0,0.0,0.0,0.0,0.0,0.0,0.0,0.0,0.0,0.0,0.0,0.0,0.0,0.0,0.0,0.0,0.0,0.0,0.0,0.0,0.0,0.0,0.0,0.0
1474475413404268555,56,1474475413403623264,gps_origin,-34.9739099454,-39.156630058,0.0,0.0,0.0,0.0,0.0,0.405,0.0,0.0,0.0,0.0,0.0,0.0,0.405,0.0,0.0,0.0,0.0,0.0,0.0,0.0,0.0,0.0,0.0,0.0,0.0,0.0,0.0,0.0,0.0,0.0,0.0,0.0,0.0,0.0,0.0,0.0,0.0,0.0,0.0,0.0,0.0
1474475413404268555,8,1474475413403623264,gps_origin,-34.9739099454,-39.156630058,0.0,0.0,0.0,0.0,0.0,0.405,0.0,0.0,0.0,0.0,0.0,0.0,0.405,0.0,0.0,0.0,0.0,0.0,0.0,0.0,0.0,0.0,0.0,0.0,0.0,0.0,0.0,0.0,0.0,0.0,0.0,0.0,0.0,0.0,0.0,0.0,0.0,0.0,0.0,0.0,0.0
1474475414381875048,57,1474475414386423446,gps_origin,-35.1589576288,-39.1566310005,0.0,0.0,0.0,0.0,0.0,0.405,0.0,0.0,0.0,0.0,0.0,0.0,0.405,0.0,0.0,0.0,0.0,0.0,0.0,0.0,0.0,0.0,0.0,0.0,0.0,0.0,0.0,0.0,0.0,0.0,0.0,0.0,0.0,0.0,0.0,0.0,0.0,0.0,0.0,0.0,0.0
1474475414381875048,9,1474475414386423446,gps_origin,-35.1589576288,-39.1566310005,0.0,0.0,0.0,0.0,0.0,0.405,0.0,0.0,0.0,0.0,0.0,0.0,0.405,0.0,0.0,0.0,0.0,0.0,0.0,0.0,0.0,0.0,0.0,0.0,0.0,0.0,0.0,0.0,0.0,0.0,0.0,0.0,0.0,0.0,0.0,0.0,0.0,0.0,0.0,0.0,0.0
1474475415421184619,58,1474475415423827419,gps_origin,-35.1589583522,-39.0137235891,0.0,0.0,0.0,0.0,0.0,0.405,0.0,0.0,0.0,0.0,0.0,0.0,0.405,0.0,0.0,0.0,0.0,0.0,0.0,0.0,0.0,0.0,0.0,0.0,0.0,0.0,0.0,0.0,0.0,0.0,0.0,0.0,0.0,0.0,0.0,0.0,0.0,0.0,0.0,0.0,0.0
1474475415421184619,10,1474475415423827419,gps_origin,-35.1589583522,-39.0137235891,0.0,0.0,0.0,0.0,0.0,0.405,0.0,0.0,0.0,0.0,0.0,0.0,0.405,0.0,0.0,0.0,0.0,0.0,0.0,0.0,0.0,0.0,0.0,0.0,0.0,0.0,0.0,0.0,0.0,0.0,0.0,0.0,0.0,0.0,0.0,0.0,0.0,0.0,0.0,0.0,0.0
1474475416428682600,59,1474475416432988730,gps_origin,-35.1589590732,-38.8708161778,0.0,0.0,0.0,0.0,0.0,0.405,0.0,0.0,0.0,0.0,0.0,0.0,0.405,0.0,0.0,0.0,0.0,0.0,0.0,0.0,0.0,0.0,0.0,0.0,0.0,0.0,0.0,0.0,0.0,0.0,0.0,0.0,0.0,0.0,0.0,0.0,0.0,0.0,0.0,0.0,0.0
1474475417425073975,60,1474475417426397063,gps_origin,-35.3440074754,-38.7279096986,0.0,0.0,0.0,0.0,0.0,0.405,0.0,0.0,0.0,0.0,0.0,0.0,0.405,0.0,0.0,0.0,0.0,0.0,0.0,0.0,0.0,0.0,0.0,0.0,0.0,0.0,0.0,0.0,0.0,0.0,0.0,0.0,0.0,0.0,0.0,0.0,0.0,0.0,0.0,0.0,0.0
1474475417425073975,11,1474475417426397063,gps_origin,-35.3440074754,-38.7279096986,0.0,0.0,0.0,0.0,0.0,0.405,0.0,0.0,0.0,0.0,0.0,0.0,0.405,0.0,0.0,0.0,0.0,0.0,0.0,0.0,0.0,0.0,0.0,0.0,0.0,0.0,0.0,0.0,0.0,0.0,0.0,0.0,0.0,0.0,0.0,0.0,0.0,0.0,0.0,0.0,0.0
1474475418400897294,61,1474475418403731172,gps_origin,-35.344008904,-38.4420948689,0.0,0.0,0.0,0.0,0.0,0.405,0.0,0.0,0.0,0.0,0.0,0.0,0.405,0.0,0.0,0.0,0.0,0.0,0.0,0.0,0.0,0.0,0.0,0.0,0.0,0.0,0.0,0.0,0.0,0.0,0.0,0.0,0.0,0.0,0.0,0.0,0.0,0.0,0.0,0.0,0.0
1474475418400897294,12,1474475418403731172,gps_origin,-35.344008904,-38.4420948689,0.0,0.0,0.0,0.0,0.0,0.405,0.0,0.0,0.0,0.0,0.0,0.0,0.405,0.0,0.0,0.0,0.0,0.0,0.0,0.0,0.0,0.0,0.0,0.0,0.0,0.0,0.0,0.0,0.0,0.0,0.0,0.0,0.0,0.0,0.0,0.0,0.0,0.0,0.0,0.0,0.0
1474475419397659737,62,1474475419400545395,gps_origin,-35.1589619307,-38.2991865323,0.0,0.0,0.0,0.0,0.0,0.405,0.0,0.0,0.0,0.0,0.0,0.0,0.405,0.0,0.0,0.0,0.0,0.0,0.0,0.0,0.0,0.0,0.0,0.0,0.0,0.0,0.0,0.0,0.0,0.0,0.0,0.0,0.0,0.0,0.0,0.0,0.0,0.0,0.0,0.0,0.0
1474475420383694043,63,1474475420387857997,gps_origin,-35.1589626381,-38.1562791209,0.0,0.0,0.0,0.0,0.0,0.405,0.0,0.0,0.0,0.0,0.0,0.0,0.405,0.0,0.0,0.0,0.0,0.0,0.0,0.0,0.0,0.0,0.0,0.0,0.0,0.0,0.0,0.0,0.0,0.0,0.0,0.0,0.0,0.0,0.0,0.0,0.0,0.0,0.0,0.0,0.0
1474475420383694043,13,1474475420387857997,gps_origin,-35.1589626381,-38.1562791209,0.0,0.0,0.0,0.0,0.0,0.405,0.0,0.0,0.0,0.0,0.0,0.0,0.405,0.0,0.0,0.0,0.0,0.0,0.0,0.0,0.0,0.0,0.0,0.0,0.0,0.0,0.0,0.0,0.0,0.0,0.0,0.0,0.0,0.0,0.0,0.0,0.0,0.0,0.0,0.0,0.0
1474475421390463369,64,1474475421391827564,gps_origin,-35.1589626381,-38.1562791209,0.0,0.0,0.0,0.0,0.0,0.405,0.0,0.0,0.0,0.0,0.0,0.0,0.405,0.0,0.0,0.0,0.0,0.0,0.0,0.0,0.0,0.0,0.0,0.0,0.0,0.0,0.0,0.0,0.0,0.0,0.0,0.0,0.0,0.0,0.0,0.0,0.0,0.0,0.0,0.0,0.0
1474475422386802423,65,1474475422391598983,gps_origin,-34.9739156601,-38.0133707946,0.0,0.0,0.0,0.0,0.0,0.405,0.0,0.0,0.0,0.0,0.0,0.0,0.405,0.0,0.0,0.0,0.0,0.0,0.0,0.0,0.0,0.0,0.0,0.0,0.0,0.0,0.0,0.0,0.0,0.0,0.0,0.0,0.0,0.0,0.0,0.0,0.0,0.0,0.0,0.0,0.0
1474475423392818427,66,1474475423392424705,gps_origin,-34.9739163627,-37.8704633867,0.0,0.0,0.0,0.0,0.0,0.405,0.0,0.0,0.0,0.0,0.0,0.0,0.405,0.0,0.0,0.0,0.0,0.0,0.0,0.0,0.0,0.0,0.0,0.0,0.0,0.0,0.0,0.0,0.0,0.0,0.0,0.0,0.0,0.0,0.0,0.0,0.0,0.0,0.0,0.0,0.0
1474475424419860524,67,1474475424422997702,gps_origin,-34.9739163627,-37.8704633867,0.0,0.0,0.0,0.0,0.0,0.405,0.0,0.0,0.0,0.0,0.0,0.0,0.405,0.0,0.0,0.0,0.0,0.0,0.0,0.0,0.0,0.0,0.0,0.0,0.0,0.0,0.0,0.0,0.0,0.0,0.0,0.0,0.0,0.0,0.0,0.0,0.0,0.0,0.0,0.0,0.0
1474475424419860524,14,1474475424422997702,gps_origin,-34.9739163627,-37.8704633867,0.0,0.0,0.0,0.0,0.0,0.405,0.0,0.0,0.0,0.0,0.0,0.0,0.405,0.0,0.0,0.0,0.0,0.0,0.0,0.0,0.0,0.0,0.0,0.0,0.0,0.0,0.0,0.0,0.0,0.0,0.0,0.0,0.0,0.0,0.0,0.0,0.0,0.0,0.0,0.0,0.0
1474475425416503150,68,1474475425424460249,gps_origin,-34.6038223902,-37.5846467616,0.0,0.0,0.0,0.0,0.0,0.405,0.0,0.0,0.0,0.0,0.0,0.0,0.405,0.0,0.0,0.0,0.0,0.0,0.0,0.0,0.0,0.0,0.0,0.0,0.0,0.0,0.0,0.0,0.0,0.0,0.0,0.0,0.0,0.0,0.0,0.0,0.0,0.0,0.0,0.0,0.0
1474475425416503150,15,1474475425424460249,gps_origin,-34.6038223902,-37.5846467616,0.0,0.0,0.0,0.0,0.0,0.405,0.0,0.0,0.0,0.0,0.0,0.0,0.405,0.0,0.0,0.0,0.0,0.0,0.0,0.0,0.0,0.0,0.0,0.0,0.0,0.0,0.0,0.0,0.0,0.0,0.0,0.0,0.0,0.0,0.0,0.0,0.0,0.0,0.0,0.0,0.0
1474475426434176797,69,1474475426438090418,gps_origin,-34.418775401,-37.4417384594,0.0,0.0,0.0,0.0,0.0,0.405,0.0,0.0,0.0,0.0,0.0,0.0,0.405,0.0,0.0,0.0,0.0,0.0,0.0,0.0,0.0,0.0,0.0,0.0,0.0,0.0,0.0,0.0,0.0,0.0,0.0,0.0,0.0,0.0,0.0,0.0,0.0,0.0,0.0,0.0,0.0
1474475426434176797,16,1474475426438090418,gps_origin,-34.418775401,-37.4417384594,0.0,0.0,0.0,0.0,0.0,0.405,0.0,0.0,0.0,0.0,0.0,0.0,0.405,0.0,0.0,0.0,0.0,0.0,0.0,0.0,0.0,0.0,0.0,0.0,0.0,0.0,0.0,0.0,0.0,0.0,0.0,0.0,0.0,0.0,0.0,0.0,0.0,0.0,0.0,0.0,0.0
1474475427400539525,70,1474475427402402612,gps_origin,-33.8636330395,-37.2988283685,0.0,0.0,0.0,0.0,0.0,0.405,0.0,0.0,0.0,0.0,0.0,0.0,0.405,0.0,0.0,0.0,0.0,0.0,0.0,0.0,0.0,0.0,0.0,0.0,0.0,0.0,0.0,0.0,0.0,0.0,0.0,0.0,0.0,0.0,0.0,0.0,0.0,0.0,0.0,0.0,0.0
1474475427400539525,17,1474475427402402612,gps_origin,-33.8636330395,-37.2988283685,0.0,0.0,0.0,0.0,0.0,0.405,0.0,0.0,0.0,0.0,0.0,0.0,0.405,0.0,0.0,0.0,0.0,0.0,0.0,0.0,0.0,0.0,0.0,0.0,0.0,0.0,0.0,0.0,0.0,0.0,0.0,0.0,0.0,0.0,0.0,0.0,0.0,0.0,0.0,0.0,0.0
1474475428417728822,71,1474475428424899081,gps_origin,-33.4935376693,-37.2988265729,0.0,0.0,0.0,0.0,0.0,0.425,0.0,0.0,0.0,0.0,0.0,0.0,0.425,0.0,0.0,0.0,0.0,0.0,0.0,0.0,0.0,0.0,0.0,0.0,0.0,0.0,0.0,0.0,0.0,0.0,0.0,0.0,0.0,0.0,0.0,0.0,0.0,0.0,0.0,0.0,0.0
1474475429393593768,72,1474475429395517519,gps_origin,-33.1234429893,-37.1559174039,0.0,0.0,0.0,0.0,0.0,0.405,0.0,0.0,0.0,0.0,0.0,0.0,0.405,0.0,0.0,0.0,0.0,0.0,0.0,0.0,0.0,0.0,0.0,0.0,0.0,0.0,0.0,0.0,0.0,0.0,0.0,0.0,0.0,0.0,0.0,0.0,0.0,0.0,0.0,0.0,0.0
1474475429393593768,18,1474475429395517519,gps_origin,-33.1234429893,-37.1559174039,0.0,0.0,0.0,0.0,0.0,0.405,0.0,0.0,0.0,0.0,0.0,0.0,0.405,0.0,0.0,0.0,0.0,0.0,0.0,0.0,0.0,0.0,0.0,0.0,0.0,0.0,0.0,0.0,0.0,0.0,0.0,0.0,0.0,0.0,0.0,0.0,0.0,0.0,0.0,0.0,0.0
1474475430390216854,73,1474475430395378253,gps_origin,-32.938395993,-37.0130091395,0.0,0.0,0.0,0.0,0.0,0.405,0.0,0.0,0.0,0.0,0.0,0.0,0.405,0.0,0.0,0.0,0.0,0.0,0.0,0.0,0.0,0.0,0.0,0.0,0.0,0.0,0.0,0.0,0.0,0.0,0.0,0.0,0.0,0.0,0.0,0.0,0.0,0.0,0.0,0.0,0.0
1474475430390216854,19,1474475430395378253,gps_origin,-32.938395993,-37.0130091395,0.0,0.0,0.0,0.0,0.0,0.405,0.0,0.0,0.0,0.0,0.0,0.0,0.405,0.0,0.0,0.0,0.0,0.0,0.0,0.0,0.0,0.0,0.0,0.0,0.0,0.0,0.0,0.0,0.0,0.0,0.0,0.0,0.0,0.0,0.0,0.0,0.0,0.0,0.0,0.0,0.0
1474475431416938995,74,1474475431417094271,gps_origin,-32.7533489904,-36.870100882,0.0,0.0,0.0,0.0,0.0,0.405,0.0,0.0,0.0,0.0,0.0,0.0,0.405,0.0,0.0,0.0,0.0,0.0,0.0,0.0,0.0,0.0,0.0,0.0,0.0,0.0,0.0,0.0,0.0,0.0,0.0,0.0,0.0,0.0,0.0,0.0,0.0,0.0,0.0,0.0,0.0
1474475432384443865,75,1474475432390370218,gps_origin,-32.3832543029,-36.7271917473,0.0,0.0,0.0,0.0,0.0,0.405,0.0,0.0,0.0,0.0,0.0,0.0,0.405,0.0,0.0,0.0,0.0,0.0,0.0,0.0,0.0,0.0,0.0,0.0,0.0,0.0,0.0,0.0,0.0,0.0,0.0,0.0,0.0,0.0,0.0,0.0,0.0,0.0,0.0,0.0,0.0
1474475432384443865,20,1474475432390370218,gps_origin,-32.3832543029,-36.7271917473,0.0,0.0,0.0,0.0,0.0,0.405,0.0,0.0,0.0,0.0,0.0,0.0,0.405,0.0,0.0,0.0,0.0,0.0,0.0,0.0,0.0,0.0,0.0,0.0,0.0,0.0,0.0,0.0,0.0,0.0,0.0,0.0,0.0,0.0,0.0,0.0,0.0,0.0,0.0,0.0,0.0
1474475433381699881,76,1474475433381991120,gps_origin,-32.1982066181,-36.7271908633,0.0,0.0,0.0,0.0,0.0,0.425,0.0,0.0,0.0,0.0,0.0,0.0,0.425,0.0,0.0,0.0,0.0,0.0,0.0,0.0,0.0,0.0,0.0,0.0,0.0,0.0,0.0,0.0,0.0,0.0,0.0,0.0,0.0,0.0,0.0,0.0,0.0,0.0,0.0,0.0,0.0
1474475433381699881,21,1474475433381991120,gps_origin,-32.1982066181,-36.7271908633,0.0,0.0,0.0,0.0,0.0,0.425,0.0,0.0,0.0,0.0,0.0,0.0,0.425,0.0,0.0,0.0,0.0,0.0,0.0,0.0,0.0,0.0,0.0,0.0,0.0,0.0,0.0,0.0,0.0,0.0,0.0,0.0,0.0,0.0,0.0,0.0,0.0,0.0,0.0,0.0,0.0
1474475434388687054,77,1474475434401023727,gps_origin,-32.0131596108,-36.5842826265,0.0,0.0,0.0,0.0,0.0,0.405,0.0,0.0,0.0,0.0,0.0,0.0,0.405,0.0,0.0,0.0,0.0,0.0,0.0,0.0,0.0,0.0,0.0,0.0,0.0,0.0,0.0,0.0,0.0,0.0,0.0,0.0,0.0,0.0,0.0,0.0,0.0,0.0,0.0,0.0,0.0
1474475434398891175,22,1474475434401023727,gps_origin,-32.0131596108,-36.5842826265,0.0,0.0,0.0,0.0,0.0,0.405,0.0,0.0,0.0,0.0,0.0,0.0,0.405,0.0,0.0,0.0,0.0,0.0,0.0,0.0,0.0,0.0,0.0,0.0,0.0,0.0,0.0,0.0,0.0,0.0,0.0,0.0,0.0,0.0,0.0,0.0,0.0,0.0,0.0,0.0,0.0
1474475435426086220,78,1474475435431219699,gps_origin,-32.0131596108,-36.5842826265,0.0,0.0,0.0,0.0,0.0,0.405,0.0,0.0,0.0,0.0,0.0,0.0,0.405,0.0,0.0,0.0,0.0,0.0,0.0,0.0,0.0,0.0,0.0,0.0,0.0,0.0,0.0,0.0,0.0,0.0,0.0,0.0,0.0,0.0,0.0,0.0,0.0,0.0,0.0,0.0,0.0
1474475435426086220,23,1474475435431219699,gps_origin,-32.0131596108,-36.5842826265,0.0,0.0,0.0,0.0,0.0,0.405,0.0,0.0,0.0,0.0,0.0,0.0,0.405,0.0,0.0,0.0,0.0,0.0,0.0,0.0,0.0,0.0,0.0,0.0,0.0,0.0,0.0,0.0,0.0,0.0,0.0,0.0,0.0,0.0,0.0,0.0,0.0,0.0,0.0,0.0,0.0
1474475436412249333,79,1474475436421323185,gps_origin,-31.8281126022,-36.4413743965,0.0,0.0,0.0,0.0,0.0,0.405,0.0,0.0,0.0,0.0,0.0,0.0,0.405,0.0,0.0,0.0,0.0,0.0,0.0,0.0,0.0,0.0,0.0,0.0,0.0,0.0,0.0,0.0,0.0,0.0,0.0,0.0,0.0,0.0,0.0,0.0,0.0,0.0,0.0,0.0,0.0
1474475436412249333,24,1474475436421323185,gps_origin,-31.8281126022,-36.4413743965,0.0,0.0,0.0,0.0,0.0,0.405,0.0,0.0,0.0,0.0,0.0,0.0,0.405,0.0,0.0,0.0,0.0,0.0,0.0,0.0,0.0,0.0,0.0,0.0,0.0,0.0,0.0,0.0,0.0,0.0,0.0,0.0,0.0,0.0,0.0,0.0,0.0,0.0,0.0,0.0,0.0
1474475437400033670,80,1474475437400377101,gps_origin,-31.6430649177,-36.4413735194,0.0,0.0,0.0,0.0,0.0,0.405,0.0,0.0,0.0,0.0,0.0,0.0,0.405,0.0,0.0,0.0,0.0,0.0,0.0,0.0,0.0,0.0,0.0,0.0,0.0,0.0,0.0,0.0,0.0,0.0,0.0,0.0,0.0,0.0,0.0,0.0,0.0,0.0,0.0,0.0,0.0
1474475437400033670,25,1474475437400377101,gps_origin,-31.6430649177,-36.4413735194,0.0,0.0,0.0,0.0,0.0,0.405,0.0,0.0,0.0,0.0,0.0,0.0,0.405,0.0,0.0,0.0,0.0,0.0,0.0,0.0,0.0,0.0,0.0,0.0,0.0,0.0,0.0,0.0,0.0,0.0,0.0,0.0,0.0,0.0,0.0,0.0,0.0,0.0,0.0,0.0,0.0
1474475438417299008,81,1474475438423291575,gps_origin,-31.6430655918,-36.2984661734,0.0,0.0,0.0,0.0,0.0,0.405,0.0,0.0,0.0,0.0,0.0,0.0,0.405,0.0,0.0,0.0,0.0,0.0,0.0,0.0,0.0,0.0,0.0,0.0,0.0,0.0,0.0,0.0,0.0,0.0,0.0,0.0,0.0,0.0,0.0,0.0,0.0,0.0,0.0,0.0,0.0
1474475439394359274,82,1474475439399347526,gps_origin,-31.4580179062,-36.2984652997,0.0,0.0,0.0,0.0,0.0,0.405,0.0,0.0,0.0,0.0,0.0,0.0,0.405,0.0,0.0,0.0,0.0,0.0,0.0,0.0,0.0,0.0,0.0,0.0,0.0,0.0,0.0,0.0,0.0,0.0,0.0,0.0,0.0,0.0,0.0,0.0,0.0,0.0,0.0,0.0,0.0
1474475440390661660,83,1474475440393385543,gps_origin,-31.2729708915,-36.1555570868,0.0,0.0,0.0,0.0,0.0,0.435,0.0,0.0,0.0,0.0,0.0,0.0,0.435,0.0,0.0,0.0,0.0,0.0,0.0,0.0,0.0,0.0,0.0,0.0,0.0,0.0,0.0,0.0,0.0,0.0,0.0,0.0,0.0,0.0,0.0,0.0,0.0,0.0,0.0,0.0,0.0
1474475440390661660,26,1474475440393385543,gps_origin,-31.2729708915,-36.1555570868,0.0,0.0,0.0,0.0,0.0,0.435,0.0,0.0,0.0,0.0,0.0,0.0,0.435,0.0,0.0,0.0,0.0,0.0,0.0,0.0,0.0,0.0,0.0,0.0,0.0,0.0,0.0,0.0,0.0,0.0,0.0,0.0,0.0,0.0,0.0,0.0,0.0,0.0,0.0,0.0,0.0
1474475441377634099,84,1474475441382415462,gps_origin,-31.2729708915,-36.1555570868,0.0,0.0,0.0,0.0,0.0,0.405,0.0,0.0,0.0,0.0,0.0,0.0,0.405,0.0,0.0,0.0,0.0,0.0,0.0,0.0,0.0,0.0,0.0,0.0,0.0,0.0,0.0,0.0,0.0,0.0,0.0,0.0,0.0,0.0,0.0,0.0,0.0,0.0,0.0,0.0,0.0
1474475442395851461,85,1474475442399891451,gps_origin,-31.2729715594,-36.0126497477,0.0,0.0,0.0,0.0,0.0,0.405,0.0,0.0,0.0,0.0,0.0,0.0,0.405,0.0,0.0,0.0,0.0,0.0,0.0,0.0,0.0,0.0,0.0,0.0,0.0,0.0,0.0,0.0,0.0,0.0,0.0,0.0,0.0,0.0,0.0,0.0,0.0,0.0,0.0,0.0,0.0
1474475442395851461,27,1474475442399891451,gps_origin,-31.2729715594,-36.0126497477,0.0,0.0,0.0,0.0,0.0,0.405,0.0,0.0,0.0,0.0,0.0,0.0,0.405,0.0,0.0,0.0,0.0,0.0,0.0,0.0,0.0,0.0,0.0,0.0,0.0,0.0,0.0,0.0,0.0,0.0,0.0,0.0,0.0,0.0,0.0,0.0,0.0,0.0,0.0,0.0,0.0
1474475443392720194,86,1474475443400708894,gps_origin,-31.0879245405,-35.8697415452,0.0,0.0,0.0,0.0,0.0,0.405,0.0,0.0,0.0,0.0,0.0,0.0,0.405,0.0,0.0,0.0,0.0,0.0,0.0,0.0,0.0,0.0,0.0,0.0,0.0,0.0,0.0,0.0,0.0,0.0,0.0,0.0,0.0,0.0,0.0,0.0,0.0,0.0,0.0,0.0,0.0
1474475443392720194,28,1474475443400708894,gps_origin,-31.0879245405,-35.8697415452,0.0,0.0,0.0,0.0,0.0,0.405,0.0,0.0,0.0,0.0,0.0,0.0,0.405,0.0,0.0,0.0,0.0,0.0,0.0,0.0,0.0,0.0,0.0,0.0,0.0,0.0,0.0,0.0,0.0,0.0,0.0,0.0,0.0,0.0,0.0,0.0,0.0,0.0,0.0,0.0,0.0
1474475444389095609,87,1474475444390287554,gps_origin,-31.0879245405,-35.8697415452,0.0,0.0,0.0,0.0,0.0,0.425,0.0,0.0,0.0,0.0,0.0,0.0,0.425,0.0,0.0,0.0,0.0,0.0,0.0,0.0,0.0,0.0,0.0,0.0,0.0,0.0,0.0,0.0,0.0,0.0,0.0,0.0,0.0,0.0,0.0,0.0,0.0,0.0,0.0,0.0,0.0
1474475445375742551,88,1474475445384429886,gps_origin,-31.0879245405,-35.8697415452,0.0,0.0,0.0,0.0,0.0,0.435,0.0,0.0,0.0,0.0,0.0,0.0,0.435,0.0,0.0,0.0,0.0,0.0,0.0,0.0,0.0,0.0,0.0,0.0,0.0,0.0,0.0,0.0,0.0,0.0,0.0,0.0,0.0,0.0,0.0,0.0,0.0,0.0,0.0,0.0,0.0
1474475445375742551,29,1474475445384429886,gps_origin,-31.0879245405,-35.8697415452,0.0,0.0,0.0,0.0,0.0,0.435,0.0,0.0,0.0,0.0,0.0,0.0,0.435,0.0,0.0,0.0,0.0,0.0,0.0,0.0,0.0,0.0,0.0,0.0,0.0,0.0,0.0,0.0,0.0,0.0,0.0,0.0,0.0,0.0,0.0,0.0,0.0,0.0,0.0,0.0,0.0
1474475446379353584,89,1474475446384502266,gps_origin,-30.9028768546,-35.8697406818,0.0,0.0,0.0,0.0,0.0,0.44,0.0,0.0,0.0,0.0,0.0,0.0,0.44,0.0,0.0,0.0,0.0,0.0,0.0,0.0,0.0,0.0,0.0,0.0,0.0,0.0,0.0,0.0,0.0,0.0,0.0,0.0,0.0,0.0,0.0,0.0,0.0,0.0,0.0,0.0,0.0
1474475447384321963,90,1474475447393515094,gps_origin,-30.9028775176,-35.7268333496,0.0,0.0,0.0,0.0,0.0,0.435,0.0,0.0,0.0,0.0,0.0,0.0,0.435,0.0,0.0,0.0,0.0,0.0,0.0,0.0,0.0,0.0,0.0,0.0,0.0,0.0,0.0,0.0,0.0,0.0,0.0,0.0,0.0,0.0,0.0,0.0,0.0,0.0,0.0,0.0,0.0
1474475447394381149,30,1474475447393515094,gps_origin,-30.9028775176,-35.7268333496,0.0,0.0,0.0,0.0,0.0,0.435,0.0,0.0,0.0,0.0,0.0,0.0,0.435,0.0,0.0,0.0,0.0,0.0,0.0,0.0,0.0,0.0,0.0,0.0,0.0,0.0,0.0,0.0,0.0,0.0,0.0,0.0,0.0,0.0,0.0,0.0,0.0,0.0,0.0,0.0,0.0
1474475448388244811,91,1474475448391427892,gps_origin,-30.7178298336,-35.7268324897,0.0,0.0,0.0,0.0,0.0,0.405,0.0,0.0,0.0,0.0,0.0,0.0,0.405,0.0,0.0,0.0,0.0,0.0,0.0,0.0,0.0,0.0,0.0,0.0,0.0,0.0,0.0,0.0,0.0,0.0,0.0,0.0,0.0,0.0,0.0,0.0,0.0,0.0,0.0,0.0,0.0
1474475448388244811,31,1474475448391427892,gps_origin,-30.7178298336,-35.7268324897,0.0,0.0,0.0,0.0,0.0,0.405,0.0,0.0,0.0,0.0,0.0,0.0,0.405,0.0,0.0,0.0,0.0,0.0,0.0,0.0,0.0,0.0,0.0,0.0,0.0,0.0,0.0,0.0,0.0,0.0,0.0,0.0,0.0,0.0,0.0,0.0,0.0,0.0,0.0,0.0,0.0
1474475449375397021,92,1474475449383878564,gps_origin,-30.7178298336,-35.7268324897,0.0,0.0,0.0,0.0,0.0,0.405,0.0,0.0,0.0,0.0,0.0,0.0,0.405,0.0,0.0,0.0,0.0,0.0,0.0,0.0,0.0,0.0,0.0,0.0,0.0,0.0,0.0,0.0,0.0,0.0,0.0,0.0,0.0,0.0,0.0,0.0,0.0,0.0,0.0,0.0,0.0
1474475449375397021,32,1474475449383878564,gps_origin,-30.7178298336,-35.7268324897,0.0,0.0,0.0,0.0,0.0,0.405,0.0,0.0,0.0,0.0,0.0,0.0,0.405,0.0,0.0,0.0,0.0,0.0,0.0,0.0,0.0,0.0,0.0,0.0,0.0,0.0,0.0,0.0,0.0,0.0,0.0,0.0,0.0,0.0,0.0,0.0,0.0,0.0,0.0,0.0,0.0
1474475450388167464,33,1474475450393946736,gps_origin,-30.7178298336,-35.7268324897,0.0,0.0,0.0,0.0,0.0,0.405,0.0,0.0,0.0,0.0,0.0,0.0,0.405,0.0,0.0,0.0,0.0,0.0,0.0,0.0,0.0,0.0,0.0,0.0,0.0,0.0,0.0,0.0,0.0,0.0,0.0,0.0,0.0,0.0,0.0,0.0,0.0,0.0,0.0,0.0,0.0
1474475450398227068,93,1474475450393946736,gps_origin,-30.7178298336,-35.7268324897,0.0,0.0,0.0,0.0,0.0,0.405,0.0,0.0,0.0,0.0,0.0,0.0,0.405,0.0,0.0,0.0,0.0,0.0,0.0,0.0,0.0,0.0,0.0,0.0,0.0,0.0,0.0,0.0,0.0,0.0,0.0,0.0,0.0,0.0,0.0,0.0,0.0,0.0,0.0,0.0,0.0
1474475451372967176,94,1474475451377615374,gps_origin,-30.5327828083,-35.5839243044,0.0,0.0,0.0,0.0,0.0,0.435,0.0,0.0,0.0,0.0,0.0,0.0,0.435,0.0,0.0,0.0,0.0,0.0,0.0,0.0,0.0,0.0,0.0,0.0,0.0,0.0,0.0,0.0,0.0,0.0,0.0,0.0,0.0,0.0,0.0,0.0,0.0,0.0,0.0,0.0,0.0
1474475451372967176,34,1474475451377615374,gps_origin,-30.5327828083,-35.5839243044,0.0,0.0,0.0,0.0,0.0,0.435,0.0,0.0,0.0,0.0,0.0,0.0,0.435,0.0,0.0,0.0,0.0,0.0,0.0,0.0,0.0,0.0,0.0,0.0,0.0,0.0,0.0,0.0,0.0,0.0,0.0,0.0,0.0,0.0,0.0,0.0,0.0,0.0,0.0,0.0,0.0
1474475452392493168,95,1474475452393971903,gps_origin,-30.5327828083,-35.5839243044,0.0,0.0,0.0,0.0,0.0,0.425,0.0,0.0,0.0,0.0,0.0,0.0,0.425,0.0,0.0,0.0,0.0,0.0,0.0,0.0,0.0,0.0,0.0,0.0,0.0,0.0,0.0,0.0,0.0,0.0,0.0,0.0,0.0,0.0,0.0,0.0,0.0,0.0,0.0,0.0,0.0
1474475453376204992,96,1474475453382975800,gps_origin,-30.5327828083,-35.5839243044,0.0,0.0,0.0,0.0,0.0,0.405,0.0,0.0,0.0,0.0,0.0,0.0,0.405,0.0,0.0,0.0,0.0,0.0,0.0,0.0,0.0,0.0,0.0,0.0,0.0,0.0,0.0,0.0,0.0,0.0,0.0,0.0,0.0,0.0,0.0,0.0,0.0,0.0,0.0,0.0,0.0
1474475453376204992,35,1474475453382975800,gps_origin,-30.5327828083,-35.5839243044,0.0,0.0,0.0,0.0,0.0,0.405,0.0,0.0,0.0,0.0,0.0,0.0,0.405,0.0,0.0,0.0,0.0,0.0,0.0,0.0,0.0,0.0,0.0,0.0,0.0,0.0,0.0,0.0,0.0,0.0,0.0,0.0,0.0,0.0,0.0,0.0,0.0,0.0,0.0,0.0,0.0
1474475454389385814,97,1474475454391426478,gps_origin,-30.5327828083,-35.5839243044,0.0,0.0,0.0,0.0,0.0,0.405,0.0,0.0,0.0,0.0,0.0,0.0,0.405,0.0,0.0,0.0,0.0,0.0,0.0,0.0,0.0,0.0,0.0,0.0,0.0,0.0,0.0,0.0,0.0,0.0,0.0,0.0,0.0,0.0,0.0,0.0,0.0,0.0,0.0,0.0,0.0
1474475455384655553,98,1474475455390701967,gps_origin,-30.5327828083,-35.5839243044,0.0,0.0,0.0,0.0,0.0,0.405,0.0,0.0,0.0,0.0,0.0,0.0,0.405,0.0,0.0,0.0,0.0,0.0,0.0,0.0,0.0,0.0,0.0,0.0,0.0,0.0,0.0,0.0,0.0,0.0,0.0,0.0,0.0,0.0,0.0,0.0,0.0,0.0,0.0,0.0,0.0
1474475456388034205,99,1474475456391170352,gps_origin,-30.3477351231,-35.5839234479,0.0,0.0,0.0,0.0,0.0,0.405,0.0,0.0,0.0,0.0,0.0,0.0,0.405,0.0,0.0,0.0,0.0,0.0,0.0,0.0,0.0,0.0,0.0,0.0,0.0,0.0,0.0,0.0,0.0,0.0,0.0,0.0,0.0,0.0,0.0,0.0,0.0,0.0,0.0,0.0,0.0
1474475457384975330,100,1474475457387721937,gps_origin,-30.3477351231,-35.5839234479,0.0,0.0,0.0,0.0,0.0,0.425,0.0,0.0,0.0,0.0,0.0,0.0,0.425,0.0,0.0,0.0,0.0,0.0,0.0,0.0,0.0,0.0,0.0,0.0,0.0,0.0,0.0,0.0,0.0,0.0,0.0,0.0,0.0,0.0,0.0,0.0,0.0,0.0,0.0,0.0,0.0
1474475458389974208,101,1474475458389287359,gps_origin,-30.3477351231,-35.5839234479,0.0,0.0,0.0,0.0,0.0,0.405,0.0,0.0,0.0,0.0,0.0,0.0,0.405,0.0,0.0,0.0,0.0,0.0,0.0,0.0,0.0,0.0,0.0,0.0,0.0,0.0,0.0,0.0,0.0,0.0,0.0,0.0,0.0,0.0,0.0,0.0,0.0,0.0,0.0,0.0,0.0
1474475458389974208,36,1474475458389287359,gps_origin,-30.3477351231,-35.5839234479,0.0,0.0,0.0,0.0,0.0,0.405,0.0,0.0,0.0,0.0,0.0,0.0,0.405,0.0,0.0,0.0,0.0,0.0,0.0,0.0,0.0,0.0,0.0,0.0,0.0,0.0,0.0,0.0,0.0,0.0,0.0,0.0,0.0,0.0,0.0,0.0,0.0,0.0,0.0,0.0,0.0
1474475459385466992,102,1474475459388688136,gps_origin,-30.3477351231,-35.5839234479,0.0,0.0,0.0,0.0,0.0,0.405,0.0,0.0,0.0,0.0,0.0,0.0,0.405,0.0,0.0,0.0,0.0,0.0,0.0,0.0,0.0,0.0,0.0,0.0,0.0,0.0,0.0,0.0,0.0,0.0,0.0,0.0,0.0,0.0,0.0,0.0,0.0,0.0,0.0,0.0,0.0
1474475460372451591,37,1474475460381473432,gps_origin,-30.3477357805,-35.441016126,0.0,0.0,0.0,0.0,0.0,0.405,0.0,0.0,0.0,0.0,0.0,0.0,0.405,0.0,0.0,0.0,0.0,0.0,0.0,0.0,0.0,0.0,0.0,0.0,0.0,0.0,0.0,0.0,0.0,0.0,0.0,0.0,0.0,0.0,0.0,0.0,0.0,0.0,0.0,0.0,0.0
1474475460382511249,103,1474475460381473432,gps_origin,-30.3477357805,-35.441016126,0.0,0.0,0.0,0.0,0.0,0.405,0.0,0.0,0.0,0.0,0.0,0.0,0.405,0.0,0.0,0.0,0.0,0.0,0.0,0.0,0.0,0.0,0.0,0.0,0.0,0.0,0.0,0.0,0.0,0.0,0.0,0.0,0.0,0.0,0.0,0.0,0.0,0.0,0.0,0.0,0.0
1474475461425254906,104,1474475461432370907,gps_origin,-30.3477357805,-35.441016126,0.0,0.0,0.0,0.0,0.0,0.405,0.0,0.0,0.0,0.0,0.0,0.0,0.405,0.0,0.0,0.0,0.0,0.0,0.0,0.0,0.0,0.0,0.0,0.0,0.0,0.0,0.0,0.0,0.0,0.0,0.0,0.0,0.0,0.0,0.0,0.0,0.0,0.0,0.0,0.0,0.0
1474475462387971840,105,1474475462393908652,gps_origin,-30.3477357805,-35.441016126,0.0,0.0,0.0,0.0,0.0,0.405,0.0,0.0,0.0,0.0,0.0,0.0,0.405,0.0,0.0,0.0,0.0,0.0,0.0,0.0,0.0,0.0,0.0,0.0,0.0,0.0,0.0,0.0,0.0,0.0,0.0,0.0,0.0,0.0,0.0,0.0,0.0,0.0,0.0,0.0,0.0
1474475463385159040,106,1474475463389274204,gps_origin,-30.3477357805,-35.441016126,0.0,0.0,0.0,0.0,0.0,0.405,0.0,0.0,0.0,0.0,0.0,0.0,0.405,0.0,0.0,0.0,0.0,0.0,0.0,0.0,0.0,0.0,0.0,0.0,0.0,0.0,0.0,0.0,0.0,0.0,0.0,0.0,0.0,0.0,0.0,0.0,0.0,0.0,0.0,0.0,0.0
1474475463385159040,38,1474475463389274204,gps_origin,-30.3477357805,-35.441016126,0.0,0.0,0.0,0.0,0.0,0.405,0.0,0.0,0.0,0.0,0.0,0.0,0.405,0.0,0.0,0.0,0.0,0.0,0.0,0.0,0.0,0.0,0.0,0.0,0.0,0.0,0.0,0.0,0.0,0.0,0.0,0.0,0.0,0.0,0.0,0.0,0.0,0.0,0.0,0.0,0.0
1474475464382825373,107,1474475464388875560,gps_origin,-30.3477364355,-35.2981088041,0.0,0.0,0.0,0.0,0.0,0.405,0.0,0.0,0.0,0.0,0.0,0.0,0.405,0.0,0.0,0.0,0.0,0.0,0.0,0.0,0.0,0.0,0.0,0.0,0.0,0.0,0.0,0.0,0.0,0.0,0.0,0.0,0.0,0.0,0.0,0.0,0.0,0.0,0.0,0.0,0.0
1474475465384302589,108,1474475465390112883,gps_origin,-30.3477357805,-35.441016126,0.0,0.0,0.0,0.0,0.0,0.405,0.0,0.0,0.0,0.0,0.0,0.0,0.405,0.0,0.0,0.0,0.0,0.0,0.0,0.0,0.0,0.0,0.0,0.0,0.0,0.0,0.0,0.0,0.0,0.0,0.0,0.0,0.0,0.0,0.0,0.0,0.0,0.0,0.0,0.0,0.0
1474475465384302589,39,1474475465390112883,gps_origin,-30.3477357805,-35.441016126,0.0,0.0,0.0,0.0,0.0,0.405,0.0,0.0,0.0,0.0,0.0,0.0,0.405,0.0,0.0,0.0,0.0,0.0,0.0,0.0,0.0,0.0,0.0,0.0,0.0,0.0,0.0,0.0,0.0,0.0,0.0,0.0,0.0,0.0,0.0,0.0,0.0,0.0,0.0,0.0,0.0
1474475466390840759,109,1474475466391044468,gps_origin,-30.1626880944,-35.4410152729,0.0,0.0,0.0,0.0,0.0,0.405,0.0,0.0,0.0,0.0,0.0,0.0,0.405,0.0,0.0,0.0,0.0,0.0,0.0,0.0,0.0,0.0,0.0,0.0,0.0,0.0,0.0,0.0,0.0,0.0,0.0,0.0,0.0,0.0,0.0,0.0,0.0,0.0,0.0,0.0,0.0
1474475467383953754,110,1474475467390600078,gps_origin,-30.1626880944,-35.4410152729,0.0,0.0,0.0,0.0,0.0,0.405,0.0,0.0,0.0,0.0,0.0,0.0,0.405,0.0,0.0,0.0,0.0,0.0,0.0,0.0,0.0,0.0,0.0,0.0,0.0,0.0,0.0,0.0,0.0,0.0,0.0,0.0,0.0,0.0,0.0,0.0,0.0,0.0,0.0,0.0,0.0
1474475468389481576,111,1474475468388762182,gps_origin,-30.1626880944,-35.4410152729,0.0,0.0,0.0,0.0,0.0,0.405,0.0,0.0,0.0,0.0,0.0,0.0,0.405,0.0,0.0,0.0,0.0,0.0,0.0,0.0,0.0,0.0,0.0,0.0,0.0,0.0,0.0,0.0,0.0,0.0,0.0,0.0,0.0,0.0,0.0,0.0,0.0,0.0,0.0,0.0,0.0
1474475469384658615,112,1474475469390498728,gps_origin,-30.1626887493,-35.2981079544,0.0,0.0,0.0,0.0,0.0,0.405,0.0,0.0,0.0,0.0,0.0,0.0,0.405,0.0,0.0,0.0,0.0,0.0,0.0,0.0,0.0,0.0,0.0,0.0,0.0,0.0,0.0,0.0,0.0,0.0,0.0,0.0,0.0,0.0,0.0,0.0,0.0,0.0,0.0,0.0,0.0
1474475470388195478,113,1474475470388988544,gps_origin,-29.9776410661,-35.2981071048,0.0,0.0,0.0,0.0,0.0,0.425,0.0,0.0,0.0,0.0,0.0,0.0,0.425,0.0,0.0,0.0,0.0,0.0,0.0,0.0,0.0,0.0,0.0,0.0,0.0,0.0,0.0,0.0,0.0,0.0,0.0,0.0,0.0,0.0,0.0,0.0,0.0,0.0,0.0,0.0,0.0
1474475471376943591,114,1474475471385424322,gps_origin,-30.3477390281,-34.7264795163,0.0,0.0,0.0,0.0,0.0,0.405,0.0,0.0,0.0,0.0,0.0,0.0,0.405,0.0,0.0,0.0,0.0,0.0,0.0,0.0,0.0,0.0,0.0,0.0,0.0,0.0,0.0,0.0,0.0,0.0,0.0,0.0,0.0,0.0,0.0,0.0,0.0,0.0,0.0,0.0,0.0
1474475472378127466,115,1474475472379223543,gps_origin,-30.5327898955,-34.0119437253,0.0,0.0,0.0,0.0,0.0,0.405,0.0,0.0,0.0,0.0,0.0,0.0,0.405,0.0,0.0,0.0,0.0,0.0,0.0,0.0,0.0,0.0,0.0,0.0,0.0,0.0,0.0,0.0,0.0,0.0,0.0,0.0,0.0,0.0,0.0,0.0,0.0,0.0,0.0,0.0,0.0
1474475473385692949,116,1474475473386743027,gps_origin,-30.5327936254,-33.154499773,0.0,0.0,0.0,0.0,0.0,0.405,0.0,0.0,0.0,0.0,0.0,0.0,0.405,0.0,0.0,0.0,0.0,0.0,0.0,0.0,0.0,0.0,0.0,0.0,0.0,0.0,0.0,0.0,0.0,0.0,0.0,0.0,0.0,0.0,0.0,0.0,0.0,0.0,0.0,0.0,0.0
1474475474372331599,117,1474475474379326540,gps_origin,-30.5327966617,-32.4399631461,0.0,0.0,0.0,0.0,0.0,0.405,0.0,0.0,0.0,0.0,0.0,0.0,0.405,0.0,0.0,0.0,0.0,0.0,0.0,0.0,0.0,0.0,0.0,0.0,0.0,0.0,0.0,0.0,0.0,0.0,0.0,0.0,0.0,0.0,0.0,0.0,0.0,0.0,0.0,0.0,0.0
1474475475385906047,118,1474475475385297841,gps_origin,-30.5327984519,-32.01124117,0.0,0.0,0.0,0.0,0.0,0.405,0.0,0.0,0.0,0.0,0.0,0.0,0.405,0.0,0.0,0.0,0.0,0.0,0.0,0.0,0.0,0.0,0.0,0.0,0.0,0.0,0.0,0.0,0.0,0.0,0.0,0.0,0.0,0.0,0.0,0.0,0.0,0.0,0.0,0.0,0.0
1474475476411329270,119,1474475476415105219,gps_origin,-30.347753116,-31.4396111119,0.0,0.0,0.0,0.0,0.0,0.405,0.0,0.0,0.0,0.0,0.0,0.0,0.405,0.0,0.0,0.0,0.0,0.0,0.0,0.0,0.0,0.0,0.0,0.0,0.0,0.0,0.0,0.0,0.0,0.0,0.0,0.0,0.0,0.0,0.0,0.0,0.0,0.0,0.0,0.0,0.0
1474475476411329270,40,1474475476415105219,gps_origin,-30.347753116,-31.4396111119,0.0,0.0,0.0,0.0,0.0,0.405,0.0,0.0,0.0,0.0,0.0,0.0,0.405,0.0,0.0,0.0,0.0,0.0,0.0,0.0,0.0,0.0,0.0,0.0,0.0,0.0,0.0,0.0,0.0,0.0,0.0,0.0,0.0,0.0,0.0,0.0,0.0,0.0,0.0,0.0,0.0
1474475477376641096,120,1474475477382600649,gps_origin,-30.1627083075,-30.7250737626,0.0,0.0,0.0,0.0,0.0,0.435,0.0,0.0,0.0,0.0,0.0,0.0,0.435,0.0,0.0,0.0,0.0,0.0,0.0,0.0,0.0,0.0,0.0,0.0,0.0,0.0,0.0,0.0,0.0,0.0,0.0,0.0,0.0,0.0,0.0,0.0,0.0,0.0,0.0,0.0,0.0
1474475478391529249,121,1474475478398836132,gps_origin,-30.1627105616,-30.1534444886,0.0,0.0,0.0,0.0,0.0,0.405,0.0,0.0,0.0,0.0,0.0,0.0,0.405,0.0,0.0,0.0,0.0,0.0,0.0,0.0,0.0,0.0,0.0,0.0,0.0,0.0,0.0,0.0,0.0,0.0,0.0,0.0,0.0,0.0,0.0,0.0,0.0,0.0,0.0,0.0,0.0
1474475479389232033,122,1474475479395217720,gps_origin,-29.9776650899,-29.5818145026,0.0,0.0,0.0,0.0,0.0,0.435,0.0,0.0,0.0,0.0,0.0,0.0,0.435,0.0,0.0,0.0,0.0,0.0,0.0,0.0,0.0,0.0,0.0,0.0,0.0,0.0,0.0,0.0,0.0,0.0,0.0,0.0,0.0,0.0,0.0,0.0,0.0,0.0,0.0,0.0,0.0
1474475480388523559,123,1474475480396698187,gps_origin,-29.792619034,-29.1530918558,0.0,0.0,0.0,0.0,0.0,0.405,0.0,0.0,0.0,0.0,0.0,0.0,0.405,0.0,0.0,0.0,0.0,0.0,0.0,0.0,0.0,0.0,0.0,0.0,0.0,0.0,0.0,0.0,0.0,0.0,0.0,0.0,0.0,0.0,0.0,0.0,0.0,0.0,0.0,0.0,0.0
1474475481387862938,124,1474475481394416412,gps_origin,-29.7926201084,-28.8672772326,0.0,0.0,0.0,0.0,0.0,0.405,0.0,0.0,0.0,0.0,0.0,0.0,0.405,0.0,0.0,0.0,0.0,0.0,0.0,0.0,0.0,0.0,0.0,0.0,0.0,0.0,0.0,0.0,0.0,0.0,0.0,0.0,0.0,0.0,0.0,0.0,0.0,0.0,0.0,0.0,0.0
1474475482400473583,125,1474475482401198059,gps_origin,-29.6075734878,-28.5814619214,0.0,0.0,0.0,0.0,0.0,0.405,0.0,0.0,0.0,0.0,0.0,0.0,0.405,0.0,0.0,0.0,0.0,0.0,0.0,0.0,0.0,0.0,0.0,0.0,0.0,0.0,0.0,0.0,0.0,0.0,0.0,0.0,0.0,0.0,0.0,0.0,0.0,0.0,0.0,0.0,0.0
1474475483416051995,126,1474475483416474530,gps_origin,-29.4225263305,-28.4385539287,0.0,0.0,0.0,0.0,0.0,0.435,0.0,0.0,0.0,0.0,0.0,0.0,0.435,0.0,0.0,0.0,0.0,0.0,0.0,0.0,0.0,0.0,0.0,0.0,0.0,0.0,0.0,0.0,0.0,0.0,0.0,0.0,0.0,0.0,0.0,0.0,0.0,0.0,0.0,0.0,0.0
1474475483416051995,41,1474475483416474530,gps_origin,-29.4225263305,-28.4385539287,0.0,0.0,0.0,0.0,0.0,0.435,0.0,0.0,0.0,0.0,0.0,0.0,0.435,0.0,0.0,0.0,0.0,0.0,0.0,0.0,0.0,0.0,0.0,0.0,0.0,0.0,0.0,0.0,0.0,0.0,0.0,0.0,0.0,0.0,0.0,0.0,0.0,0.0,0.0,0.0,0.0
1474475484403767198,127,1474475484403532319,gps_origin,-29.4225273778,-28.1527393192,0.0,0.0,0.0,0.0,0.0,0.405,0.0,0.0,0.0,0.0,0.0,0.0,0.405,0.0,0.0,0.0,0.0,0.0,0.0,0.0,0.0,0.0,0.0,0.0,0.0,0.0,0.0,0.0,0.0,0.0,0.0,0.0,0.0,0.0,0.0,0.0,0.0,0.0,0.0,0.0,0.0
1474475484403767198,42,1474475484403532319,gps_origin,-29.4225273778,-28.1527393192,0.0,0.0,0.0,0.0,0.0,0.405,0.0,0.0,0.0,0.0,0.0,0.0,0.405,0.0,0.0,0.0,0.0,0.0,0.0,0.0,0.0,0.0,0.0,0.0,0.0,0.0,0.0,0.0,0.0,0.0,0.0,0.0,0.0,0.0,0.0,0.0,0.0,0.0,0.0,0.0,0.0
1474475485395164756,128,1474475485395765488,gps_origin,-29.2374802116,-28.0098313403,0.0,0.0,0.0,0.0,0.0,0.405,0.0,0.0,0.0,0.0,0.0,0.0,0.405,0.0,0.0,0.0,0.0,0.0,0.0,0.0,0.0,0.0,0.0,0.0,0.0,0.0,0.0,0.0,0.0,0.0,0.0,0.0,0.0,0.0,0.0,0.0,0.0,0.0,0.0,0.0,0.0
1474475486401212246,129,1474475486396596192,gps_origin,-29.052433044,-27.8669233683,0.0,0.0,0.0,0.0,0.0,0.405,0.0,0.0,0.0,0.0,0.0,0.0,0.405,0.0,0.0,0.0,0.0,0.0,0.0,0.0,0.0,0.0,0.0,0.0,0.0,0.0,0.0,0.0,0.0,0.0,0.0,0.0,0.0,0.0,0.0,0.0,0.0,0.0,0.0,0.0,0.0
1474475487394150481,130,1474475487392721414,gps_origin,-29.0524340708,-27.5811087726,0.0,0.0,0.0,0.0,0.0,0.435,0.0,0.0,0.0,0.0,0.0,0.0,0.435,0.0,0.0,0.0,0.0,0.0,0.0,0.0,0.0,0.0,0.0,0.0,0.0,0.0,0.0,0.0,0.0,0.0,0.0,0.0,0.0,0.0,0.0,0.0,0.0,0.0,0.0,0.0,0.0
1474475487394150481,43,1474475487392721414,gps_origin,-29.0524340708,-27.5811087726,0.0,0.0,0.0,0.0,0.0,0.435,0.0,0.0,0.0,0.0,0.0,0.0,0.435,0.0,0.0,0.0,0.0,0.0,0.0,0.0,0.0,0.0,0.0,0.0,0.0,0.0,0.0,0.0,0.0,0.0,0.0,0.0,0.0,0.0,0.0,0.0,0.0,0.0,0.0,0.0,0.0
1474475488376017513,44,1474475488380982273,gps_origin,-28.8673868939,-27.4382008143,0.0,0.0,0.0,0.0,0.0,0.435,0.0,0.0,0.0,0.0,0.0,0.0,0.435,0.0,0.0,0.0,0.0,0.0,0.0,0.0,0.0,0.0,0.0,0.0,0.0,0.0,0.0,0.0,0.0,0.0,0.0,0.0,0.0,0.0,0.0,0.0,0.0,0.0,0.0,0.0,0.0
1474475488386076411,131,1474475488380982273,gps_origin,-28.8673868939,-27.4382008143,0.0,0.0,0.0,0.0,0.0,0.435,0.0,0.0,0.0,0.0,0.0,0.0,0.435,0.0,0.0,0.0,0.0,0.0,0.0,0.0,0.0,0.0,0.0,0.0,0.0,0.0,0.0,0.0,0.0,0.0,0.0,0.0,0.0,0.0,0.0,0.0,0.0,0.0,0.0,0.0,0.0
1474475489374060772,132,1474475489382814572,gps_origin,-28.867387401,-27.29529352,0.0,0.0,0.0,0.0,0.0,0.435,0.0,0.0,0.0,0.0,0.0,0.0,0.435,0.0,0.0,0.0,0.0,0.0,0.0,0.0,0.0,0.0,0.0,0.0,0.0,0.0,0.0,0.0,0.0,0.0,0.0,0.0,0.0,0.0,0.0,0.0,0.0,0.0,0.0,0.0,0.0
1474475490387658256,133,1474475490393389197,gps_origin,-28.6823397155,-27.295292863,0.0,0.0,0.0,0.0,0.0,0.435,0.0,0.0,0.0,0.0,0.0,0.0,0.435,0.0,0.0,0.0,0.0,0.0,0.0,0.0,0.0,0.0,0.0,0.0,0.0,0.0,0.0,0.0,0.0,0.0,0.0,0.0,0.0,0.0,0.0,0.0,0.0,0.0,0.0,0.0,0.0
1474475490402960066,45,1474475490393389197,gps_origin,-28.6823397155,-27.295292863,0.0,0.0,0.0,0.0,0.0,0.435,0.0,0.0,0.0,0.0,0.0,0.0,0.435,0.0,0.0,0.0,0.0,0.0,0.0,0.0,0.0,0.0,0.0,0.0,0.0,0.0,0.0,0.0,0.0,0.0,0.0,0.0,0.0,0.0,0.0,0.0,0.0,0.0,0.0,0.0,0.0
1474475491374666834,134,1474475491383372371,gps_origin,-28.6823402189,-27.1523855719,0.0,0.0,0.0,0.0,0.0,0.435,0.0,0.0,0.0,0.0,0.0,0.0,0.435,0.0,0.0,0.0,0.0,0.0,0.0,0.0,0.0,0.0,0.0,0.0,0.0,0.0,0.0,0.0,0.0,0.0,0.0,0.0,0.0,0.0,0.0,0.0,0.0,0.0,0.0,0.0,0.0
1474475492387584570,135,1474475492393033551,gps_origin,-28.682340721,-27.009478281,0.0,0.0,0.0,0.0,0.0,0.435,0.0,0.0,0.0,0.0,0.0,0.0,0.435,0.0,0.0,0.0,0.0,0.0,0.0,0.0,0.0,0.0,0.0,0.0,0.0,0.0,0.0,0.0,0.0,0.0,0.0,0.0,0.0,0.0,0.0,0.0,0.0,0.0,0.0,0.0,0.0
1474475492387584570,46,1474475492393033551,gps_origin,-28.682340721,-27.009478281,0.0,0.0,0.0,0.0,0.0,0.435,0.0,0.0,0.0,0.0,0.0,0.0,0.435,0.0,0.0,0.0,0.0,0.0,0.0,0.0,0.0,0.0,0.0,0.0,0.0,0.0,0.0,0.0,0.0,0.0,0.0,0.0,0.0,0.0,0.0,0.0,0.0,0.0,0.0,0.0,0.0
1474475493365423246,136,1474475493372029027,gps_origin,-28.4972935349,-26.8665703433,0.0,0.0,0.0,0.0,0.0,0.435,0.0,0.0,0.0,0.0,0.0,0.0,0.435,0.0,0.0,0.0,0.0,0.0,0.0,0.0,0.0,0.0,0.0,0.0,0.0,0.0,0.0,0.0,0.0,0.0,0.0,0.0,0.0,0.0,0.0,0.0,0.0,0.0,0.0,0.0,0.0
1474475494367338467,137,1474475494373403385,gps_origin,-28.4972935349,-26.8665703433,0.0,0.0,0.0,0.0,0.0,0.435,0.0,0.0,0.0,0.0,0.0,0.0,0.435,0.0,0.0,0.0,0.0,0.0,0.0,0.0,0.0,0.0,0.0,0.0,0.0,0.0,0.0,0.0,0.0,0.0,0.0,0.0,0.0,0.0,0.0,0.0,0.0,0.0,0.0,0.0,0.0
1474475494367338467,47,1474475494373403385,gps_origin,-28.4972935349,-26.8665703433,0.0,0.0,0.0,0.0,0.0,0.435,0.0,0.0,0.0,0.0,0.0,0.0,0.435,0.0,0.0,0.0,0.0,0.0,0.0,0.0,0.0,0.0,0.0,0.0,0.0,0.0,0.0,0.0,0.0,0.0,0.0,0.0,0.0,0.0,0.0,0.0,0.0,0.0,0.0,0.0,0.0
1474475495381419331,138,1474475495388614746,gps_origin,-28.3122463463,-26.7236624126,0.0,0.0,0.0,0.0,0.0,0.405,0.0,0.0,0.0,0.0,0.0,0.0,0.405,0.0,0.0,0.0,0.0,0.0,0.0,0.0,0.0,0.0,0.0,0.0,0.0,0.0,0.0,0.0,0.0,0.0,0.0,0.0,0.0,0.0,0.0,0.0,0.0,0.0,0.0,0.0,0.0
1474475495381419331,48,1474475495388614746,gps_origin,-28.3122463463,-26.7236624126,0.0,0.0,0.0,0.0,0.0,0.405,0.0,0.0,0.0,0.0,0.0,0.0,0.405,0.0,0.0,0.0,0.0,0.0,0.0,0.0,0.0,0.0,0.0,0.0,0.0,0.0,0.0,0.0,0.0,0.0,0.0,0.0,0.0,0.0,0.0,0.0,0.0,0.0,0.0,0.0,0.0
1474475496412617899,139,1474475496412291435,gps_origin,-28.3122463463,-26.7236624126,0.0,0.0,0.0,0.0,0.0,0.405,0.0,0.0,0.0,0.0,0.0,0.0,0.405,0.0,0.0,0.0,0.0,0.0,0.0,0.0,0.0,0.0,0.0,0.0,0.0,0.0,0.0,0.0,0.0,0.0,0.0,0.0,0.0,0.0,0.0,0.0,0.0,0.0,0.0,0.0,0.0
1474476179361765269,140,1474476179367859161,gps_origin,-66.6169089615,-62.5937025807,0.0,0.0,0.0,0.0,0.0,0.5,0.0,0.0,0.0,0.0,0.0,0.0,0.5,0.0,0.0,0.0,0.0,0.0,0.0,0.0,0.0,0.0,0.0,0.0,0.0,0.0,0.0,0.0,0.0,0.0,0.0,0.0,0.0,0.0,0.0,0.0,0.0,0.0,0.0,0.0,0.0
1474476179361765269,49,1474476179367859161,gps_origin,-66.6169089615,-62.5937025807,0.0,0.0,0.0,0.0,0.0,0.5,0.0,0.0,0.0,0.0,0.0,0.0,0.5,0.0,0.0,0.0,0.0,0.0,0.0,0.0,0.0,0.0,0.0,0.0,0.0,0.0,0.0,0.0,0.0,0.0,0.0,0.0,0.0,0.0,0.0,0.0,0.0,0.0,0.0,0.0,0.0
1474476180356294027,141,1474476180360107875,gps_origin,-68.4673656589,-65.0231541649,0.0,0.0,0.0,0.0,0.0,0.5,0.0,0.0,0.0,0.0,0.0,0.0,0.5,0.0,0.0,0.0,0.0,0.0,0.0,0.0,0.0,0.0,0.0,0.0,0.0,0.0,0.0,0.0,0.0,0.0,0.0,0.0,0.0,0.0,0.0,0.0,0.0,0.0,0.0,0.0,0.0
1474476180356294027,50,1474476180360107875,gps_origin,-68.4673656589,-65.0231541649,0.0,0.0,0.0,0.0,0.0,0.5,0.0,0.0,0.0,0.0,0.0,0.0,0.5,0.0,0.0,0.0,0.0,0.0,0.0,0.0,0.0,0.0,0.0,0.0,0.0,0.0,0.0,0.0,0.0,0.0,0.0,0.0,0.0,0.0,0.0,0.0,0.0,0.0,0.0,0.0,0.0
1474476181341484435,142,1474476181343691267,gps_origin,-68.2823033453,-66.7380489245,0.0,0.0,0.0,0.0,0.0,0.5,0.0,0.0,0.0,0.0,0.0,0.0,0.5,0.0,0.0,0.0,0.0,0.0,0.0,0.0,0.0,0.0,0.0,0.0,0.0,0.0,0.0,0.0,0.0,0.0,0.0,0.0,0.0,0.0,0.0,0.0,0.0,0.0,0.0,0.0,0.0
1474476181341484435,51,1474476181343691267,gps_origin,-68.2823033453,-66.7380489245,0.0,0.0,0.0,0.0,0.0,0.5,0.0,0.0,0.0,0.0,0.0,0.0,0.5,0.0,0.0,0.0,0.0,0.0,0.0,0.0,0.0,0.0,0.0,0.0,0.0,0.0,0.0,0.0,0.0,0.0,0.0,0.0,0.0,0.0,0.0,0.0,0.0,0.0,0.0,0.0,0.0
1474476182346534276,143,1474476182354411214,gps_origin,-68.0972482065,-67.5954954599,0.0,0.0,0.0,0.0,0.0,0.5,0.0,0.0,0.0,0.0,0.0,0.0,0.5,0.0,0.0,0.0,0.0,0.0,0.0,0.0,0.0,0.0,0.0,0.0,0.0,0.0,0.0,0.0,0.0,0.0,0.0,0.0,0.0,0.0,0.0,0.0,0.0,0.0,0.0,0.0,0.0
1474476183346891617,144,1474476183347590129,gps_origin,-67.727150341,-67.8813082394,0.0,0.0,0.0,0.0,0.0,0.5,0.0,0.0,0.0,0.0,0.0,0.0,0.5,0.0,0.0,0.0,0.0,0.0,0.0,0.0,0.0,0.0,0.0,0.0,0.0,0.0,0.0,0.0,0.0,0.0,0.0,0.0,0.0,0.0,0.0,0.0,0.0,0.0,0.0,0.0,0.0
1474476184355481091,145,1474476184358970242,gps_origin,-67.5421014049,-68.024214619,0.0,0.0,0.0,0.0,0.0,0.5,0.0,0.0,0.0,0.0,0.0,0.0,0.5,0.0,0.0,0.0,0.0,0.0,0.0,0.0,0.0,0.0,0.0,0.0,0.0,0.0,0.0,0.0,0.0,0.0,0.0,0.0,0.0,0.0,0.0,0.0,0.0,0.0,0.0,0.0,0.0
1474476185346874367,146,1474476185346491234,gps_origin,-67.7271478222,-68.1671242729,0.0,0.0,0.0,0.0,0.0,0.5,0.0,0.0,0.0,0.0,0.0,0.0,0.5,0.0,0.0,0.0,0.0,0.0,0.0,0.0,0.0,0.0,0.0,0.0,0.0,0.0,0.0,0.0,0.0,0.0,0.0,0.0,0.0,0.0,0.0,0.0,0.0,0.0,0.0,0.0,0.0
1474476186357585407,147,1474476186360578015,gps_origin,-67.7271452933,-68.4529403064,0.0,0.0,0.0,0.0,0.0,0.5,0.0,0.0,0.0,0.0,0.0,0.0,0.5,0.0,0.0,0.0,0.0,0.0,0.0,0.0,0.0,0.0,0.0,0.0,0.0,0.0,0.0,0.0,0.0,0.0,0.0,0.0,0.0,0.0,0.0,0.0,0.0,0.0,0.0,0.0,0.0
1474476187341788552,148,1474476187348456969,gps_origin,-67.7271452933,-68.4529403064,0.0,0.0,0.0,0.0,0.0,0.5,0.0,0.0,0.0,0.0,0.0,0.0,0.5,0.0,0.0,0.0,0.0,0.0,0.0,0.0,0.0,0.0,0.0,0.0,0.0,0.0,0.0,0.0,0.0,0.0,0.0,0.0,0.0,0.0,0.0,0.0,0.0,0.0,0.0,0.0,0.0
1474476188358566377,149,1474476188358083325,gps_origin,-67.7271465592,-68.3100322897,0.0,0.0,0.0,0.0,0.0,0.5,0.0,0.0,0.0,0.0,0.0,0.0,0.5,0.0,0.0,0.0,0.0,0.0,0.0,0.0,0.0,0.0,0.0,0.0,0.0,0.0,0.0,0.0,0.0,0.0,0.0,0.0,0.0,0.0,0.0,0.0,0.0,0.0,0.0,0.0,0.0
1474476188358566377,52,1474476188358083325,gps_origin,-67.7271465592,-68.3100322897,0.0,0.0,0.0,0.0,0.0,0.5,0.0,0.0,0.0,0.0,0.0,0.0,0.5,0.0,0.0,0.0,0.0,0.0,0.0,0.0,0.0,0.0,0.0,0.0,0.0,0.0,0.0,0.0,0.0,0.0,0.0,0.0,0.0,0.0,0.0,0.0,0.0,0.0,0.0,0.0,0.0
1474476189346984814,150,1474476189355591408,gps_origin,-67.7271465592,-68.3100322897,0.0,0.0,0.0,0.0,0.0,0.5,0.0,0.0,0.0,0.0,0.0,0.0,0.5,0.0,0.0,0.0,0.0,0.0,0.0,0.0,0.0,0.0,0.0,0.0,0.0,0.0,0.0,0.0,0.0,0.0,0.0,0.0,0.0,0.0,0.0,0.0,0.0,0.0,0.0,0.0,0.0
1474476190348619524,151,1474476190351182133,gps_origin,-67.7271465592,-68.3100322897,0.0,0.0,0.0,0.0,0.0,0.5,0.0,0.0,0.0,0.0,0.0,0.0,0.5,0.0,0.0,0.0,0.0,0.0,0.0,0.0,0.0,0.0,0.0,0.0,0.0,0.0,0.0,0.0,0.0,0.0,0.0,0.0,0.0,0.0,0.0,0.0,0.0,0.0,0.0,0.0,0.0
1474476191361305787,152,1474476191363180999,gps_origin,-67.7271465592,-68.3100322897,0.0,0.0,0.0,0.0,0.0,0.5,0.0,0.0,0.0,0.0,0.0,0.0,0.5,0.0,0.0,0.0,0.0,0.0,0.0,0.0,0.0,0.0,0.0,0.0,0.0,0.0,0.0,0.0,0.0,0.0,0.0,0.0,0.0,0.0,0.0,0.0,0.0,0.0,0.0,0.0,0.0
1474476192343305213,153,1474476192351738759,gps_origin,-67.7271465592,-68.3100322897,0.0,0.0,0.0,0.0,0.0,0.5,0.0,0.0,0.0,0.0,0.0,0.0,0.5,0.0,0.0,0.0,0.0,0.0,0.0,0.0,0.0,0.0,0.0,0.0,0.0,0.0,0.0,0.0,0.0,0.0,0.0,0.0,0.0,0.0,0.0,0.0,0.0,0.0,0.0,0.0,0.0
1474476192343305213,53,1474476192351738759,gps_origin,-67.7271465592,-68.3100322897,0.0,0.0,0.0,0.0,0.0,0.5,0.0,0.0,0.0,0.0,0.0,0.0,0.5,0.0,0.0,0.0,0.0,0.0,0.0,0.0,0.0,0.0,0.0,0.0,0.0,0.0,0.0,0.0,0.0,0.0,0.0,0.0,0.0,0.0,0.0,0.0,0.0,0.0,0.0,0.0,0.0
1474476193356195582,154,1474476193362963432,gps_origin,-67.7271465592,-68.3100322897,0.0,0.0,0.0,0.0,0.0,0.5,0.0,0.0,0.0,0.0,0.0,0.0,0.5,0.0,0.0,0.0,0.0,0.0,0.0,0.0,0.0,0.0,0.0,0.0,0.0,0.0,0.0,0.0,0.0,0.0,0.0,0.0,0.0,0.0,0.0,0.0,0.0,0.0,0.0,0.0,0.0
1474476193356195582,54,1474476193362963432,gps_origin,-67.7271465592,-68.3100322897,0.0,0.0,0.0,0.0,0.0,0.5,0.0,0.0,0.0,0.0,0.0,0.0,0.5,0.0,0.0,0.0,0.0,0.0,0.0,0.0,0.0,0.0,0.0,0.0,0.0,0.0,0.0,0.0,0.0,0.0,0.0,0.0,0.0,0.0,0.0,0.0,0.0,0.0,0.0,0.0,0.0
1474476194345015303,155,1474476194350864670,gps_origin,-67.5420988809,-68.3100306455,0.0,0.0,0.0,0.0,0.0,0.5,0.0,0.0,0.0,0.0,0.0,0.0,0.5,0.0,0.0,0.0,0.0,0.0,0.0,0.0,0.0,0.0,0.0,0.0,0.0,0.0,0.0,0.0,0.0,0.0,0.0,0.0,0.0,0.0,0.0,0.0,0.0,0.0,0.0,0.0,0.0
1474476194345015303,55,1474476194350864670,gps_origin,-67.5420988809,-68.3100306455,0.0,0.0,0.0,0.0,0.0,0.5,0.0,0.0,0.0,0.0,0.0,0.0,0.5,0.0,0.0,0.0,0.0,0.0,0.0,0.0,0.0,0.0,0.0,0.0,0.0,0.0,0.0,0.0,0.0,0.0,0.0,0.0,0.0,0.0,0.0,0.0,0.0,0.0,0.0,0.0,0.0
1474476195359409851,156,1474476195365004659,gps_origin,-67.7271465592,-68.3100322897,0.0,0.0,0.0,0.0,0.0,0.5,0.0,0.0,0.0,0.0,0.0,0.0,0.5,0.0,0.0,0.0,0.0,0.0,0.0,0.0,0.0,0.0,0.0,0.0,0.0,0.0,0.0,0.0,0.0,0.0,0.0,0.0,0.0,0.0,0.0,0.0,0.0,0.0,0.0,0.0,0.0
1474476196344736899,157,1474476196352689119,gps_origin,-67.7271465592,-68.3100322897,0.0,0.0,0.0,0.0,0.0,0.55,0.0,0.0,0.0,0.0,0.0,0.0,0.55,0.0,0.0,0.0,0.0,0.0,0.0,0.0,0.0,0.0,0.0,0.0,0.0,0.0,0.0,0.0,0.0,0.0,0.0,0.0,0.0,0.0,0.0,0.0,0.0,0.0,0.0,0.0,0.0
1474476196344736899,56,1474476196352689119,gps_origin,-67.7271465592,-68.3100322897,0.0,0.0,0.0,0.0,0.0,0.55,0.0,0.0,0.0,0.0,0.0,0.0,0.55,0.0,0.0,0.0,0.0,0.0,0.0,0.0,0.0,0.0,0.0,0.0,0.0,0.0,0.0,0.0,0.0,0.0,0.0,0.0,0.0,0.0,0.0,0.0,0.0,0.0,0.0,0.0,0.0
1474476197390599240,158,1474476197391004340,gps_origin,-67.7271465592,-68.3100322897,0.0,0.0,0.0,0.0,0.0,0.555,0.0,0.0,0.0,0.0,0.0,0.0,0.555,0.0,0.0,0.0,0.0,0.0,0.0,0.0,0.0,0.0,0.0,0.0,0.0,0.0,0.0,0.0,0.0,0.0,0.0,0.0,0.0,0.0,0.0,0.0,0.0,0.0,0.0,0.0,0.0
1474476198352755337,159,1474476198357626308,gps_origin,-67.7271465592,-68.3100322897,0.0,0.0,0.0,0.0,0.0,0.555,0.0,0.0,0.0,0.0,0.0,0.0,0.555,0.0,0.0,0.0,0.0,0.0,0.0,0.0,0.0,0.0,0.0,0.0,0.0,0.0,0.0,0.0,0.0,0.0,0.0,0.0,0.0,0.0,0.0,0.0,0.0,0.0,0.0,0.0,0.0
1474476198352755337,57,1474476198357626308,gps_origin,-67.7271465592,-68.3100322897,0.0,0.0,0.0,0.0,0.0,0.555,0.0,0.0,0.0,0.0,0.0,0.0,0.555,0.0,0.0,0.0,0.0,0.0,0.0,0.0,0.0,0.0,0.0,0.0,0.0,0.0,0.0,0.0,0.0,0.0,0.0,0.0,0.0,0.0,0.0,0.0,0.0,0.0,0.0,0.0,0.0
1474476199344760060,160,1474476199353798372,gps_origin,-67.7271465592,-68.3100322897,0.0,0.0,0.0,0.0,0.0,0.555,0.0,0.0,0.0,0.0,0.0,0.0,0.555,0.0,0.0,0.0,0.0,0.0,0.0,0.0,0.0,0.0,0.0,0.0,0.0,0.0,0.0,0.0,0.0,0.0,0.0,0.0,0.0,0.0,0.0,0.0,0.0,0.0,0.0,0.0,0.0
1474476199344760060,58,1474476199353798372,gps_origin,-67.7271465592,-68.3100322897,0.0,0.0,0.0,0.0,0.0,0.555,0.0,0.0,0.0,0.0,0.0,0.0,0.555,0.0,0.0,0.0,0.0,0.0,0.0,0.0,0.0,0.0,0.0,0.0,0.0,0.0,0.0,0.0,0.0,0.0,0.0,0.0,0.0,0.0,0.0,0.0,0.0,0.0,0.0,0.0,0.0
1474476200370405837,161,1474476200370841802,gps_origin,-67.7271465592,-68.3100322897,0.0,0.0,0.0,0.0,0.0,0.5,0.0,0.0,0.0,0.0,0.0,0.0,0.5,0.0,0.0,0.0,0.0,0.0,0.0,0.0,0.0,0.0,0.0,0.0,0.0,0.0,0.0,0.0,0.0,0.0,0.0,0.0,0.0,0.0,0.0,0.0,0.0,0.0,0.0,0.0,0.0
1474476201354022676,162,1474476201357042658,gps_origin,-67.7271465592,-68.3100322897,0.0,0.0,0.0,0.0,0.0,0.5,0.0,0.0,0.0,0.0,0.0,0.0,0.5,0.0,0.0,0.0,0.0,0.0,0.0,0.0,0.0,0.0,0.0,0.0,0.0,0.0,0.0,0.0,0.0,0.0,0.0,0.0,0.0,0.0,0.0,0.0,0.0,0.0,0.0,0.0,0.0
1474476201354022676,59,1474476201357042658,gps_origin,-67.7271465592,-68.3100322897,0.0,0.0,0.0,0.0,0.0,0.5,0.0,0.0,0.0,0.0,0.0,0.0,0.5,0.0,0.0,0.0,0.0,0.0,0.0,0.0,0.0,0.0,0.0,0.0,0.0,0.0,0.0,0.0,0.0,0.0,0.0,0.0,0.0,0.0,0.0,0.0,0.0,0.0,0.0,0.0,0.0
1474476202345347199,163,1474476202345293498,gps_origin,-67.7271465592,-68.3100322897,0.0,0.0,0.0,0.0,0.0,0.5,0.0,0.0,0.0,0.0,0.0,0.0,0.5,0.0,0.0,0.0,0.0,0.0,0.0,0.0,0.0,0.0,0.0,0.0,0.0,0.0,0.0,0.0,0.0,0.0,0.0,0.0,0.0,0.0,0.0,0.0,0.0,0.0,0.0,0.0,0.0
1474476202345347199,60,1474476202345293498,gps_origin,-67.7271465592,-68.3100322897,0.0,0.0,0.0,0.0,0.0,0.5,0.0,0.0,0.0,0.0,0.0,0.0,0.5,0.0,0.0,0.0,0.0,0.0,0.0,0.0,0.0,0.0,0.0,0.0,0.0,0.0,0.0,0.0,0.0,0.0,0.0,0.0,0.0,0.0,0.0,0.0,0.0,0.0,0.0,0.0,0.0
1474476203356724000,164,1474476203363736749,gps_origin,-67.7271465592,-68.3100322897,0.0,0.0,0.0,0.0,0.0,0.5,0.0,0.0,0.0,0.0,0.0,0.0,0.5,0.0,0.0,0.0,0.0,0.0,0.0,0.0,0.0,0.0,0.0,0.0,0.0,0.0,0.0,0.0,0.0,0.0,0.0,0.0,0.0,0.0,0.0,0.0,0.0,0.0,0.0,0.0,0.0
1474476203356724000,61,1474476203363736749,gps_origin,-67.7271465592,-68.3100322897,0.0,0.0,0.0,0.0,0.0,0.5,0.0,0.0,0.0,0.0,0.0,0.0,0.5,0.0,0.0,0.0,0.0,0.0,0.0,0.0,0.0,0.0,0.0,0.0,0.0,0.0,0.0,0.0,0.0,0.0,0.0,0.0,0.0,0.0,0.0,0.0,0.0,0.0,0.0,0.0,0.0
1474476204344068553,165,1474476204346602819,gps_origin,-67.7271465592,-68.3100322897,0.0,0.0,0.0,0.0,0.0,0.5,0.0,0.0,0.0,0.0,0.0,0.0,0.5,0.0,0.0,0.0,0.0,0.0,0.0,0.0,0.0,0.0,0.0,0.0,0.0,0.0,0.0,0.0,0.0,0.0,0.0,0.0,0.0,0.0,0.0,0.0,0.0,0.0,0.0,0.0,0.0
1474476205350181911,166,1474476205355806400,gps_origin,-67.7271465592,-68.3100322897,0.0,0.0,0.0,0.0,0.0,0.5,0.0,0.0,0.0,0.0,0.0,0.0,0.5,0.0,0.0,0.0,0.0,0.0,0.0,0.0,0.0,0.0,0.0,0.0,0.0,0.0,0.0,0.0,0.0,0.0,0.0,0.0,0.0,0.0,0.0,0.0,0.0,0.0,0.0,0.0,0.0
1474476206342008711,167,1474476206349124486,gps_origin,-67.7271465592,-68.3100322897,0.0,0.0,0.0,0.0,0.0,0.555,0.0,0.0,0.0,0.0,0.0,0.0,0.555,0.0,0.0,0.0,0.0,0.0,0.0,0.0,0.0,0.0,0.0,0.0,0.0,0.0,0.0,0.0,0.0,0.0,0.0,0.0,0.0,0.0,0.0,0.0,0.0,0.0,0.0,0.0,0.0
1474476207358496194,168,1474476207366432148,gps_origin,-67.7271465592,-68.3100322897,0.0,0.0,0.0,0.0,0.0,0.5,0.0,0.0,0.0,0.0,0.0,0.0,0.5,0.0,0.0,0.0,0.0,0.0,0.0,0.0,0.0,0.0,0.0,0.0,0.0,0.0,0.0,0.0,0.0,0.0,0.0,0.0,0.0,0.0,0.0,0.0,0.0,0.0,0.0,0.0,0.0
1474476208353939885,169,1474476208355190892,gps_origin,-67.7271465592,-68.3100322897,0.0,0.0,0.0,0.0,0.0,0.5,0.0,0.0,0.0,0.0,0.0,0.0,0.5,0.0,0.0,0.0,0.0,0.0,0.0,0.0,0.0,0.0,0.0,0.0,0.0,0.0,0.0,0.0,0.0,0.0,0.0,0.0,0.0,0.0,0.0,0.0,0.0,0.0,0.0,0.0,0.0
1474476209353960446,170,1474476209346217091,gps_origin,-67.7271465592,-68.3100322897,0.0,0.0,0.0,0.0,0.0,0.5,0.0,0.0,0.0,0.0,0.0,0.0,0.5,0.0,0.0,0.0,0.0,0.0,0.0,0.0,0.0,0.0,0.0,0.0,0.0,0.0,0.0,0.0,0.0,0.0,0.0,0.0,0.0,0.0,0.0,0.0,0.0,0.0,0.0,0.0,0.0
1474476210360826281,171,1474476210362248467,gps_origin,-67.7271465592,-68.3100322897,0.0,0.0,0.0,0.0,0.0,0.5,0.0,0.0,0.0,0.0,0.0,0.0,0.5,0.0,0.0,0.0,0.0,0.0,0.0,0.0,0.0,0.0,0.0,0.0,0.0,0.0,0.0,0.0,0.0,0.0,0.0,0.0,0.0,0.0,0.0,0.0,0.0,0.0,0.0,0.0,0.0
1474476211348566894,172,1474476211351538337,gps_origin,-67.7271465592,-68.3100322897,0.0,0.0,0.0,0.0,0.0,0.5,0.0,0.0,0.0,0.0,0.0,0.0,0.5,0.0,0.0,0.0,0.0,0.0,0.0,0.0,0.0,0.0,0.0,0.0,0.0,0.0,0.0,0.0,0.0,0.0,0.0,0.0,0.0,0.0,0.0,0.0,0.0,0.0,0.0,0.0,0.0
1474476211348566894,62,1474476211351538337,gps_origin,-67.7271465592,-68.3100322897,0.0,0.0,0.0,0.0,0.0,0.5,0.0,0.0,0.0,0.0,0.0,0.0,0.5,0.0,0.0,0.0,0.0,0.0,0.0,0.0,0.0,0.0,0.0,0.0,0.0,0.0,0.0,0.0,0.0,0.0,0.0,0.0,0.0,0.0,0.0,0.0,0.0,0.0,0.0,0.0,0.0
1474476212360317525,173,1474476212366989290,gps_origin,-67.7271465592,-68.3100322897,0.0,0.0,0.0,0.0,0.0,0.5,0.0,0.0,0.0,0.0,0.0,0.0,0.5,0.0,0.0,0.0,0.0,0.0,0.0,0.0,0.0,0.0,0.0,0.0,0.0,0.0,0.0,0.0,0.0,0.0,0.0,0.0,0.0,0.0,0.0,0.0,0.0,0.0,0.0,0.0,0.0
1474476213362947318,174,1474476213367719641,gps_origin,-67.7271465592,-68.3100322897,0.0,0.0,0.0,0.0,0.0,0.5,0.0,0.0,0.0,0.0,0.0,0.0,0.5,0.0,0.0,0.0,0.0,0.0,0.0,0.0,0.0,0.0,0.0,0.0,0.0,0.0,0.0,0.0,0.0,0.0,0.0,0.0,0.0,0.0,0.0,0.0,0.0,0.0,0.0,0.0,0.0
1474476214362303328,175,1474476214365698185,gps_origin,-67.7271465592,-68.3100322897,0.0,0.0,0.0,0.0,0.0,0.5,0.0,0.0,0.0,0.0,0.0,0.0,0.5,0.0,0.0,0.0,0.0,0.0,0.0,0.0,0.0,0.0,0.0,0.0,0.0,0.0,0.0,0.0,0.0,0.0,0.0,0.0,0.0,0.0,0.0,0.0,0.0,0.0,0.0,0.0,0.0
1474476214362303328,63,1474476214365698185,gps_origin,-67.7271465592,-68.3100322897,0.0,0.0,0.0,0.0,0.0,0.5,0.0,0.0,0.0,0.0,0.0,0.0,0.5,0.0,0.0,0.0,0.0,0.0,0.0,0.0,0.0,0.0,0.0,0.0,0.0,0.0,0.0,0.0,0.0,0.0,0.0,0.0,0.0,0.0,0.0,0.0,0.0,0.0,0.0,0.0,0.0
1474476215358043248,176,1474476215357883854,gps_origin,-67.7271478222,-68.1671242729,0.0,0.0,0.0,0.0,0.0,0.5,0.0,0.0,0.0,0.0,0.0,0.0,0.5,0.0,0.0,0.0,0.0,0.0,0.0,0.0,0.0,0.0,0.0,0.0,0.0,0.0,0.0,0.0,0.0,0.0,0.0,0.0,0.0,0.0,0.0,0.0,0.0,0.0,0.0,0.0,0.0
1474476216355252275,177,1474476216356823230,gps_origin,-67.7271478222,-68.1671242729,0.0,0.0,0.0,0.0,0.0,0.5,0.0,0.0,0.0,0.0,0.0,0.0,0.5,0.0,0.0,0.0,0.0,0.0,0.0,0.0,0.0,0.0,0.0,0.0,0.0,0.0,0.0,0.0,0.0,0.0,0.0,0.0,0.0,0.0,0.0,0.0,0.0,0.0,0.0,0.0,0.0
1474476217345113818,178,1474476217351421544,gps_origin,-67.7271478222,-68.1671242729,0.0,0.0,0.0,0.0,0.0,0.5,0.0,0.0,0.0,0.0,0.0,0.0,0.5,0.0,0.0,0.0,0.0,0.0,0.0,0.0,0.0,0.0,0.0,0.0,0.0,0.0,0.0,0.0,0.0,0.0,0.0,0.0,0.0,0.0,0.0,0.0,0.0,0.0,0.0,0.0,0.0
1474476217345113818,64,1474476217351421544,gps_origin,-67.7271478222,-68.1671242729,0.0,0.0,0.0,0.0,0.0,0.5,0.0,0.0,0.0,0.0,0.0,0.0,0.5,0.0,0.0,0.0,0.0,0.0,0.0,0.0,0.0,0.0,0.0,0.0,0.0,0.0,0.0,0.0,0.0,0.0,0.0,0.0,0.0,0.0,0.0,0.0,0.0,0.0,0.0,0.0,0.0
1474476218360934787,179,1474476218366071084,gps_origin,-67.7271478222,-68.1671242729,0.0,0.0,0.0,0.0,0.0,0.5,0.0,0.0,0.0,0.0,0.0,0.0,0.5,0.0,0.0,0.0,0.0,0.0,0.0,0.0,0.0,0.0,0.0,0.0,0.0,0.0,0.0,0.0,0.0,0.0,0.0,0.0,0.0,0.0,0.0,0.0,0.0,0.0,0.0,0.0,0.0
1474476219365550145,180,1474476219364525849,gps_origin,-67.7271478222,-68.1671242729,0.0,0.0,0.0,0.0,0.0,0.555,0.0,0.0,0.0,0.0,0.0,0.0,0.555,0.0,0.0,0.0,0.0,0.0,0.0,0.0,0.0,0.0,0.0,0.0,0.0,0.0,0.0,0.0,0.0,0.0,0.0,0.0,0.0,0.0,0.0,0.0,0.0,0.0,0.0,0.0,0.0
1474476220357506541,181,1474476220362713213,gps_origin,-67.7271478222,-68.1671242729,0.0,0.0,0.0,0.0,0.0,0.555,0.0,0.0,0.0,0.0,0.0,0.0,0.555,0.0,0.0,0.0,0.0,0.0,0.0,0.0,0.0,0.0,0.0,0.0,0.0,0.0,0.0,0.0,0.0,0.0,0.0,0.0,0.0,0.0,0.0,0.0,0.0,0.0,0.0,0.0,0.0
1474476220357506541,65,1474476220362713213,gps_origin,-67.7271478222,-68.1671242729,0.0,0.0,0.0,0.0,0.0,0.555,0.0,0.0,0.0,0.0,0.0,0.0,0.555,0.0,0.0,0.0,0.0,0.0,0.0,0.0,0.0,0.0,0.0,0.0,0.0,0.0,0.0,0.0,0.0,0.0,0.0,0.0,0.0,0.0,0.0,0.0,0.0,0.0,0.0,0.0,0.0
1474476221354105808,182,1474476221353430505,gps_origin,-67.7271478222,-68.1671242729,0.0,0.0,0.0,0.0,0.0,0.5,0.0,0.0,0.0,0.0,0.0,0.0,0.5,0.0,0.0,0.0,0.0,0.0,0.0,0.0,0.0,0.0,0.0,0.0,0.0,0.0,0.0,0.0,0.0,0.0,0.0,0.0,0.0,0.0,0.0,0.0,0.0,0.0,0.0,0.0,0.0
1474476221354105808,66,1474476221353430505,gps_origin,-67.7271478222,-68.1671242729,0.0,0.0,0.0,0.0,0.0,0.5,0.0,0.0,0.0,0.0,0.0,0.0,0.5,0.0,0.0,0.0,0.0,0.0,0.0,0.0,0.0,0.0,0.0,0.0,0.0,0.0,0.0,0.0,0.0,0.0,0.0,0.0,0.0,0.0,0.0,0.0,0.0,0.0,0.0,0.0,0.0
1474476222361409662,183,1474476222364310435,gps_origin,-67.7271478222,-68.1671242729,0.0,0.0,0.0,0.0,0.0,0.5,0.0,0.0,0.0,0.0,0.0,0.0,0.5,0.0,0.0,0.0,0.0,0.0,0.0,0.0,0.0,0.0,0.0,0.0,0.0,0.0,0.0,0.0,0.0,0.0,0.0,0.0,0.0,0.0,0.0,0.0,0.0,0.0,0.0,0.0,0.0
1474476223359822086,184,1474476223359773558,gps_origin,-67.7271478222,-68.1671242729,0.0,0.0,0.0,0.0,0.0,0.555,0.0,0.0,0.0,0.0,0.0,0.0,0.555,0.0,0.0,0.0,0.0,0.0,0.0,0.0,0.0,0.0,0.0,0.0,0.0,0.0,0.0,0.0,0.0,0.0,0.0,0.0,0.0,0.0,0.0,0.0,0.0,0.0,0.0,0.0,0.0
1474476223359822086,67,1474476223359773558,gps_origin,-67.7271478222,-68.1671242729,0.0,0.0,0.0,0.0,0.0,0.555,0.0,0.0,0.0,0.0,0.0,0.0,0.555,0.0,0.0,0.0,0.0,0.0,0.0,0.0,0.0,0.0,0.0,0.0,0.0,0.0,0.0,0.0,0.0,0.0,0.0,0.0,0.0,0.0,0.0,0.0,0.0,0.0,0.0,0.0,0.0
1474476224349992351,185,1474476224354054030,gps_origin,-67.9121955001,-68.1671259137,0.0,0.0,0.0,0.0,0.0,0.5,0.0,0.0,0.0,0.0,0.0,0.0,0.5,0.0,0.0,0.0,0.0,0.0,0.0,0.0,0.0,0.0,0.0,0.0,0.0,0.0,0.0,0.0,0.0,0.0,0.0,0.0,0.0,0.0,0.0,0.0,0.0,0.0,0.0,0.0,0.0
1474476224349992351,68,1474476224354054030,gps_origin,-67.9121955001,-68.1671259137,0.0,0.0,0.0,0.0,0.0,0.5,0.0,0.0,0.0,0.0,0.0,0.0,0.5,0.0,0.0,0.0,0.0,0.0,0.0,0.0,0.0,0.0,0.0,0.0,0.0,0.0,0.0,0.0,0.0,0.0,0.0,0.0,0.0,0.0,0.0,0.0,0.0,0.0,0.0,0.0,0.0
1474476225336160445,186,1474476225345143579,gps_origin,-67.7271478222,-68.1671242729,0.0,0.0,0.0,0.0,0.0,0.5,0.0,0.0,0.0,0.0,0.0,0.0,0.5,0.0,0.0,0.0,0.0,0.0,0.0,0.0,0.0,0.0,0.0,0.0,0.0,0.0,0.0,0.0,0.0,0.0,0.0,0.0,0.0,0.0,0.0,0.0,0.0,0.0,0.0,0.0,0.0
1474476225336160445,69,1474476225345143579,gps_origin,-67.7271478222,-68.1671242729,0.0,0.0,0.0,0.0,0.0,0.5,0.0,0.0,0.0,0.0,0.0,0.0,0.5,0.0,0.0,0.0,0.0,0.0,0.0,0.0,0.0,0.0,0.0,0.0,0.0,0.0,0.0,0.0,0.0,0.0,0.0,0.0,0.0,0.0,0.0,0.0,0.0,0.0,0.0,0.0,0.0
1474476226354765736,187,1474476226359465027,gps_origin,-67.9121955001,-68.1671259137,0.0,0.0,0.0,0.0,0.0,0.555,0.0,0.0,0.0,0.0,0.0,0.0,0.555,0.0,0.0,0.0,0.0,0.0,0.0,0.0,0.0,0.0,0.0,0.0,0.0,0.0,0.0,0.0,0.0,0.0,0.0,0.0,0.0,0.0,0.0,0.0,0.0,0.0,0.0,0.0,0.0
1474476227337029644,188,1474476227344932359,gps_origin,-67.7271465592,-68.3100322897,0.0,0.0,0.0,0.0,0.0,0.555,0.0,0.0,0.0,0.0,0.0,0.0,0.555,0.0,0.0,0.0,0.0,0.0,0.0,0.0,0.0,0.0,0.0,0.0,0.0,0.0,0.0,0.0,0.0,0.0,0.0,0.0,0.0,0.0,0.0,0.0,0.0,0.0,0.0,0.0,0.0
1474476228357177607,189,1474476228361933693,gps_origin,-67.9121942365,-68.3100339338,0.0,0.0,0.0,0.0,0.0,0.5,0.0,0.0,0.0,0.0,0.0,0.0,0.5,0.0,0.0,0.0,0.0,0.0,0.0,0.0,0.0,0.0,0.0,0.0,0.0,0.0,0.0,0.0,0.0,0.0,0.0,0.0,0.0,0.0,0.0,0.0,0.0,0.0,0.0,0.0,0.0
1474476229341404202,190,1474476229345116505,gps_origin,-67.9121942365,-68.3100339338,0.0,0.0,0.0,0.0,0.0,0.5,0.0,0.0,0.0,0.0,0.0,0.0,0.5,0.0,0.0,0.0,0.0,0.0,0.0,0.0,0.0,0.0,0.0,0.0,0.0,0.0,0.0,0.0,0.0,0.0,0.0,0.0,0.0,0.0,0.0,0.0,0.0,0.0,0.0,0.0,0.0
1474476229341404202,70,1474476229345116505,gps_origin,-67.9121942365,-68.3100339338,0.0,0.0,0.0,0.0,0.0,0.5,0.0,0.0,0.0,0.0,0.0,0.0,0.5,0.0,0.0,0.0,0.0,0.0,0.0,0.0,0.0,0.0,0.0,0.0,0.0,0.0,0.0,0.0,0.0,0.0,0.0,0.0,0.0,0.0,0.0,0.0,0.0,0.0,0.0,0.0,0.0
1474476230358373321,191,1474476230360062854,gps_origin,-67.9121942365,-68.3100339338,0.0,0.0,0.0,0.0,0.0,0.555,0.0,0.0,0.0,0.0,0.0,0.0,0.555,0.0,0.0,0.0,0.0,0.0,0.0,0.0,0.0,0.0,0.0,0.0,0.0,0.0,0.0,0.0,0.0,0.0,0.0,0.0,0.0,0.0,0.0,0.0,0.0,0.0,0.0,0.0,0.0
1474476230358373321,71,1474476230360062854,gps_origin,-67.9121942365,-68.3100339338,0.0,0.0,0.0,0.0,0.0,0.555,0.0,0.0,0.0,0.0,0.0,0.0,0.555,0.0,0.0,0.0,0.0,0.0,0.0,0.0,0.0,0.0,0.0,0.0,0.0,0.0,0.0,0.0,0.0,0.0,0.0,0.0,0.0,0.0,0.0,0.0,0.0,0.0,0.0,0.0,0.0
1474476231349633043,192,1474476231352258998,gps_origin,-67.9121942365,-68.3100339338,0.0,0.0,0.0,0.0,0.0,0.555,0.0,0.0,0.0,0.0,0.0,0.0,0.555,0.0,0.0,0.0,0.0,0.0,0.0,0.0,0.0,0.0,0.0,0.0,0.0,0.0,0.0,0.0,0.0,0.0,0.0,0.0,0.0,0.0,0.0,0.0,0.0,0.0,0.0,0.0,0.0
1474476231349633043,72,1474476231352258998,gps_origin,-67.9121942365,-68.3100339338,0.0,0.0,0.0,0.0,0.0,0.555,0.0,0.0,0.0,0.0,0.0,0.0,0.555,0.0,0.0,0.0,0.0,0.0,0.0,0.0,0.0,0.0,0.0,0.0,0.0,0.0,0.0,0.0,0.0,0.0,0.0,0.0,0.0,0.0,0.0,0.0,0.0,0.0,0.0,0.0,0.0
1474476232354001048,193,1474476232358854979,gps_origin,-67.9121942365,-68.3100339338,0.0,0.0,0.0,0.0,0.0,0.5,0.0,0.0,0.0,0.0,0.0,0.0,0.5,0.0,0.0,0.0,0.0,0.0,0.0,0.0,0.0,0.0,0.0,0.0,0.0,0.0,0.0,0.0,0.0,0.0,0.0,0.0,0.0,0.0,0.0,0.0,0.0,0.0,0.0,0.0,0.0
1474476232354001048,73,1474476232358854979,gps_origin,-67.9121942365,-68.3100339338,0.0,0.0,0.0,0.0,0.0,0.5,0.0,0.0,0.0,0.0,0.0,0.0,0.5,0.0,0.0,0.0,0.0,0.0,0.0,0.0,0.0,0.0,0.0,0.0,0.0,0.0,0.0,0.0,0.0,0.0,0.0,0.0,0.0,0.0,0.0,0.0,0.0,0.0,0.0,0.0,0.0
1474476233347740179,194,1474476233353059216,gps_origin,-67.9121942365,-68.3100339338,0.0,0.0,0.0,0.0,0.0,0.5,0.0,0.0,0.0,0.0,0.0,0.0,0.5,0.0,0.0,0.0,0.0,0.0,0.0,0.0,0.0,0.0,0.0,0.0,0.0,0.0,0.0,0.0,0.0,0.0,0.0,0.0,0.0,0.0,0.0,0.0,0.0,0.0,0.0,0.0,0.0
1474476233347740179,74,1474476233353059216,gps_origin,-67.9121942365,-68.3100339338,0.0,0.0,0.0,0.0,0.0,0.5,0.0,0.0,0.0,0.0,0.0,0.0,0.5,0.0,0.0,0.0,0.0,0.0,0.0,0.0,0.0,0.0,0.0,0.0,0.0,0.0,0.0,0.0,0.0,0.0,0.0,0.0,0.0,0.0,0.0,0.0,0.0,0.0,0.0,0.0,0.0
1474476234362910786,195,1474476234363119280,gps_origin,-67.9121942365,-68.3100339338,0.0,0.0,0.0,0.0,0.0,0.5,0.0,0.0,0.0,0.0,0.0,0.0,0.5,0.0,0.0,0.0,0.0,0.0,0.0,0.0,0.0,0.0,0.0,0.0,0.0,0.0,0.0,0.0,0.0,0.0,0.0,0.0,0.0,0.0,0.0,0.0,0.0,0.0,0.0,0.0,0.0
1474476234362910786,75,1474476234363119280,gps_origin,-67.9121942365,-68.3100339338,0.0,0.0,0.0,0.0,0.0,0.5,0.0,0.0,0.0,0.0,0.0,0.0,0.5,0.0,0.0,0.0,0.0,0.0,0.0,0.0,0.0,0.0,0.0,0.0,0.0,0.0,0.0,0.0,0.0,0.0,0.0,0.0,0.0,0.0,0.0,0.0,0.0,0.0,0.0,0.0,0.0
1474476235352341144,196,1474476235353112938,gps_origin,-67.9121942365,-68.3100339338,0.0,0.0,0.0,0.0,0.0,0.5,0.0,0.0,0.0,0.0,0.0,0.0,0.5,0.0,0.0,0.0,0.0,0.0,0.0,0.0,0.0,0.0,0.0,0.0,0.0,0.0,0.0,0.0,0.0,0.0,0.0,0.0,0.0,0.0,0.0,0.0,0.0,0.0,0.0,0.0,0.0
1474476235352341144,76,1474476235353112938,gps_origin,-67.9121942365,-68.3100339338,0.0,0.0,0.0,0.0,0.0,0.5,0.0,0.0,0.0,0.0,0.0,0.0,0.5,0.0,0.0,0.0,0.0,0.0,0.0,0.0,0.0,0.0,0.0,0.0,0.0,0.0,0.0,0.0,0.0,0.0,0.0,0.0,0.0,0.0,0.0,0.0,0.0,0.0,0.0,0.0,0.0
1474476236361331032,197,1474476236362020783,gps_origin,-67.9121942365,-68.3100339338,0.0,0.0,0.0,0.0,0.0,0.5,0.0,0.0,0.0,0.0,0.0,0.0,0.5,0.0,0.0,0.0,0.0,0.0,0.0,0.0,0.0,0.0,0.0,0.0,0.0,0.0,0.0,0.0,0.0,0.0,0.0,0.0,0.0,0.0,0.0,0.0,0.0,0.0,0.0,0.0,0.0
1474476236361331032,77,1474476236362020783,gps_origin,-67.9121942365,-68.3100339338,0.0,0.0,0.0,0.0,0.0,0.5,0.0,0.0,0.0,0.0,0.0,0.0,0.5,0.0,0.0,0.0,0.0,0.0,0.0,0.0,0.0,0.0,0.0,0.0,0.0,0.0,0.0,0.0,0.0,0.0,0.0,0.0,0.0,0.0,0.0,0.0,0.0,0.0,0.0,0.0,0.0
1474476237345182484,198,1474476237353357516,gps_origin,-67.9121942365,-68.3100339338,0.0,0.0,0.0,0.0,0.0,0.5,0.0,0.0,0.0,0.0,0.0,0.0,0.5,0.0,0.0,0.0,0.0,0.0,0.0,0.0,0.0,0.0,0.0,0.0,0.0,0.0,0.0,0.0,0.0,0.0,0.0,0.0,0.0,0.0,0.0,0.0,0.0,0.0,0.0,0.0,0.0
1474476237345182484,78,1474476237353357516,gps_origin,-67.9121942365,-68.3100339338,0.0,0.0,0.0,0.0,0.0,0.5,0.0,0.0,0.0,0.0,0.0,0.0,0.5,0.0,0.0,0.0,0.0,0.0,0.0,0.0,0.0,0.0,0.0,0.0,0.0,0.0,0.0,0.0,0.0,0.0,0.0,0.0,0.0,0.0,0.0,0.0,0.0,0.0,0.0,0.0,0.0
1474476238362301621,199,1474476238361468441,gps_origin,-68.0972419161,-68.310035578,0.0,0.0,0.0,0.0,0.0,0.5,0.0,0.0,0.0,0.0,0.0,0.0,0.5,0.0,0.0,0.0,0.0,0.0,0.0,0.0,0.0,0.0,0.0,0.0,0.0,0.0,0.0,0.0,0.0,0.0,0.0,0.0,0.0,0.0,0.0,0.0,0.0,0.0,0.0,0.0,0.0
1474476239353677964,200,1474476239353869252,gps_origin,-68.0972406506,-68.4529436015,0.0,0.0,0.0,0.0,0.0,0.5,0.0,0.0,0.0,0.0,0.0,0.0,0.5,0.0,0.0,0.0,0.0,0.0,0.0,0.0,0.0,0.0,0.0,0.0,0.0,0.0,0.0,0.0,0.0,0.0,0.0,0.0,0.0,0.0,0.0,0.0,0.0,0.0,0.0,0.0,0.0
1474476239353677964,79,1474476239353869252,gps_origin,-68.0972406506,-68.4529436015,0.0,0.0,0.0,0.0,0.0,0.5,0.0,0.0,0.0,0.0,0.0,0.0,0.5,0.0,0.0,0.0,0.0,0.0,0.0,0.0,0.0,0.0,0.0,0.0,0.0,0.0,0.0,0.0,0.0,0.0,0.0,0.0,0.0,0.0,0.0,0.0,0.0,0.0,0.0,0.0,0.0
1474476240342284449,201,1474476240345292702,gps_origin,-68.0972406506,-68.4529436015,0.0,0.0,0.0,0.0,0.0,0.555,0.0,0.0,0.0,0.0,0.0,0.0,0.555,0.0,0.0,0.0,0.0,0.0,0.0,0.0,0.0,0.0,0.0,0.0,0.0,0.0,0.0,0.0,0.0,0.0,0.0,0.0,0.0,0.0,0.0,0.0,0.0,0.0,0.0,0.0,0.0
1474476241362635562,202,1474476241361826501,gps_origin,-68.0972406506,-68.4529436015,0.0,0.0,0.0,0.0,0.0,0.5,0.0,0.0,0.0,0.0,0.0,0.0,0.5,0.0,0.0,0.0,0.0,0.0,0.0,0.0,0.0,0.0,0.0,0.0,0.0,0.0,0.0,0.0,0.0,0.0,0.0,0.0,0.0,0.0,0.0,0.0,0.0,0.0,0.0,0.0,0.0
1474476241362635562,80,1474476241361826501,gps_origin,-68.0972406506,-68.4529436015,0.0,0.0,0.0,0.0,0.0,0.5,0.0,0.0,0.0,0.0,0.0,0.0,0.5,0.0,0.0,0.0,0.0,0.0,0.0,0.0,0.0,0.0,0.0,0.0,0.0,0.0,0.0,0.0,0.0,0.0,0.0,0.0,0.0,0.0,0.0,0.0,0.0,0.0,0.0,0.0,0.0
1474476242360881942,203,1474476242358572922,gps_origin,-68.0972419161,-68.310035578,0.0,0.0,0.0,0.0,0.0,0.5,0.0,0.0,0.0,0.0,0.0,0.0,0.5,0.0,0.0,0.0,0.0,0.0,0.0,0.0,0.0,0.0,0.0,0.0,0.0,0.0,0.0,0.0,0.0,0.0,0.0,0.0,0.0,0.0,0.0,0.0,0.0,0.0,0.0,0.0,0.0
1474476243346829198,204,1474476243351689794,gps_origin,-68.0972406506,-68.4529436015,0.0,0.0,0.0,0.0,0.0,0.5,0.0,0.0,0.0,0.0,0.0,0.0,0.5,0.0,0.0,0.0,0.0,0.0,0.0,0.0,0.0,0.0,0.0,0.0,0.0,0.0,0.0,0.0,0.0,0.0,0.0,0.0,0.0,0.0,0.0,0.0,0.0,0.0,0.0,0.0,0.0
1474476244348714495,81,1474476244357891004,gps_origin,-68.2822883283,-68.4529452491,0.0,0.0,0.0,0.0,0.0,0.555,0.0,0.0,0.0,0.0,0.0,0.0,0.555,0.0,0.0,0.0,0.0,0.0,0.0,0.0,0.0,0.0,0.0,0.0,0.0,0.0,0.0,0.0,0.0,0.0,0.0,0.0,0.0,0.0,0.0,0.0,0.0,0.0,0.0,0.0,0.0
1474476244358811644,205,1474476244357891004,gps_origin,-68.2822883283,-68.4529452491,0.0,0.0,0.0,0.0,0.0,0.555,0.0,0.0,0.0,0.0,0.0,0.0,0.555,0.0,0.0,0.0,0.0,0.0,0.0,0.0,0.0,0.0,0.0,0.0,0.0,0.0,0.0,0.0,0.0,0.0,0.0,0.0,0.0,0.0,0.0,0.0,0.0,0.0,0.0,0.0,0.0
1474476245346901495,206,1474476245352673351,gps_origin,-68.2822883283,-68.4529452491,0.0,0.0,0.0,0.0,0.0,0.5,0.0,0.0,0.0,0.0,0.0,0.0,0.5,0.0,0.0,0.0,0.0,0.0,0.0,0.0,0.0,0.0,0.0,0.0,0.0,0.0,0.0,0.0,0.0,0.0,0.0,0.0,0.0,0.0,0.0,0.0,0.0,0.0,0.0,0.0,0.0
1474476246344627480,207,1474476246353545086,gps_origin,-68.2822883283,-68.4529452491,0.0,0.0,0.0,0.0,0.0,0.5,0.0,0.0,0.0,0.0,0.0,0.0,0.5,0.0,0.0,0.0,0.0,0.0,0.0,0.0,0.0,0.0,0.0,0.0,0.0,0.0,0.0,0.0,0.0,0.0,0.0,0.0,0.0,0.0,0.0,0.0,0.0,0.0,0.0,0.0,0.0
1474476247346163725,208,1474476247350165288,gps_origin,-68.2822883283,-68.4529452491,0.0,0.0,0.0,0.0,0.0,0.5,0.0,0.0,0.0,0.0,0.0,0.0,0.5,0.0,0.0,0.0,0.0,0.0,0.0,0.0,0.0,0.0,0.0,0.0,0.0,0.0,0.0,0.0,0.0,0.0,0.0,0.0,0.0,0.0,0.0,0.0,0.0,0.0,0.0,0.0,0.0
1474476248350443618,209,1474476248357030999,gps_origin,-68.2822883283,-68.4529452491,0.0,0.0,0.0,0.0,0.0,0.5,0.0,0.0,0.0,0.0,0.0,0.0,0.5,0.0,0.0,0.0,0.0,0.0,0.0,0.0,0.0,0.0,0.0,0.0,0.0,0.0,0.0,0.0,0.0,0.0,0.0,0.0,0.0,0.0,0.0,0.0,0.0,0.0,0.0,0.0,0.0
1474476249344734579,210,1474476249352172272,gps_origin,-68.2822883283,-68.4529452491,0.0,0.0,0.0,0.0,0.0,0.5,0.0,0.0,0.0,0.0,0.0,0.0,0.5,0.0,0.0,0.0,0.0,0.0,0.0,0.0,0.0,0.0,0.0,0.0,0.0,0.0,0.0,0.0,0.0,0.0,0.0,0.0,0.0,0.0,0.0,0.0,0.0,0.0,0.0,0.0,0.0
1474476249344734579,82,1474476249352172272,gps_origin,-68.2822883283,-68.4529452491,0.0,0.0,0.0,0.0,0.0,0.5,0.0,0.0,0.0,0.0,0.0,0.0,0.5,0.0,0.0,0.0,0.0,0.0,0.0,0.0,0.0,0.0,0.0,0.0,0.0,0.0,0.0,0.0,0.0,0.0,0.0,0.0,0.0,0.0,0.0,0.0,0.0,0.0,0.0,0.0,0.0
1474476250353578636,211,1474476250353363554,gps_origin,-68.2822883283,-68.4529452491,0.0,0.0,0.0,0.0,0.0,0.5,0.0,0.0,0.0,0.0,0.0,0.0,0.5,0.0,0.0,0.0,0.0,0.0,0.0,0.0,0.0,0.0,0.0,0.0,0.0,0.0,0.0,0.0,0.0,0.0,0.0,0.0,0.0,0.0,0.0,0.0,0.0,0.0,0.0,0.0,0.0
1474476251350998611,212,1474476251351739562,gps_origin,-68.2822870597,-68.5958532762,0.0,0.0,0.0,0.0,0.0,0.5,0.0,0.0,0.0,0.0,0.0,0.0,0.5,0.0,0.0,0.0,0.0,0.0,0.0,0.0,0.0,0.0,0.0,0.0,0.0,0.0,0.0,0.0,0.0,0.0,0.0,0.0,0.0,0.0,0.0,0.0,0.0,0.0,0.0,0.0,0.0
1474476251350998611,83,1474476251351739562,gps_origin,-68.2822870597,-68.5958532762,0.0,0.0,0.0,0.0,0.0,0.5,0.0,0.0,0.0,0.0,0.0,0.0,0.5,0.0,0.0,0.0,0.0,0.0,0.0,0.0,0.0,0.0,0.0,0.0,0.0,0.0,0.0,0.0,0.0,0.0,0.0,0.0,0.0,0.0,0.0,0.0,0.0,0.0,0.0,0.0,0.0
1474476252359664544,213,1474476252362340530,gps_origin,-68.2822870597,-68.5958532762,0.0,0.0,0.0,0.0,0.0,0.5,0.0,0.0,0.0,0.0,0.0,0.0,0.5,0.0,0.0,0.0,0.0,0.0,0.0,0.0,0.0,0.0,0.0,0.0,0.0,0.0,0.0,0.0,0.0,0.0,0.0,0.0,0.0,0.0,0.0,0.0,0.0,0.0,0.0,0.0,0.0
1474476253341246243,214,1474476253344365080,gps_origin,-68.2822870597,-68.5958532762,0.0,0.0,0.0,0.0,0.0,0.5,0.0,0.0,0.0,0.0,0.0,0.0,0.5,0.0,0.0,0.0,0.0,0.0,0.0,0.0,0.0,0.0,0.0,0.0,0.0,0.0,0.0,0.0,0.0,0.0,0.0,0.0,0.0,0.0,0.0,0.0,0.0,0.0,0.0,0.0,0.0
1474476254361607556,215,1474476254364390607,gps_origin,-68.2822870597,-68.5958532762,0.0,0.0,0.0,0.0,0.0,0.5,0.0,0.0,0.0,0.0,0.0,0.0,0.5,0.0,0.0,0.0,0.0,0.0,0.0,0.0,0.0,0.0,0.0,0.0,0.0,0.0,0.0,0.0,0.0,0.0,0.0,0.0,0.0,0.0,0.0,0.0,0.0,0.0,0.0,0.0,0.0
1474476255353395537,216,1474476255360667867,gps_origin,-68.2822870597,-68.5958532762,0.0,0.0,0.0,0.0,0.0,0.5,0.0,0.0,0.0,0.0,0.0,0.0,0.5,0.0,0.0,0.0,0.0,0.0,0.0,0.0,0.0,0.0,0.0,0.0,0.0,0.0,0.0,0.0,0.0,0.0,0.0,0.0,0.0,0.0,0.0,0.0,0.0,0.0,0.0,0.0,0.0
1474476255353395537,84,1474476255360667867,gps_origin,-68.2822870597,-68.5958532762,0.0,0.0,0.0,0.0,0.0,0.5,0.0,0.0,0.0,0.0,0.0,0.0,0.5,0.0,0.0,0.0,0.0,0.0,0.0,0.0,0.0,0.0,0.0,0.0,0.0,0.0,0.0,0.0,0.0,0.0,0.0,0.0,0.0,0.0,0.0,0.0,0.0,0.0,0.0,0.0,0.0
1474476256358770636,217,1474476256359808512,gps_origin,-68.2822870597,-68.5958532762,0.0,0.0,0.0,0.0,0.0,0.555,0.0,0.0,0.0,0.0,0.0,0.0,0.555,0.0,0.0,0.0,0.0,0.0,0.0,0.0,0.0,0.0,0.0,0.0,0.0,0.0,0.0,0.0,0.0,0.0,0.0,0.0,0.0,0.0,0.0,0.0,0.0,0.0,0.0,0.0,0.0
1474476256358770636,85,1474476256359808512,gps_origin,-68.2822870597,-68.5958532762,0.0,0.0,0.0,0.0,0.0,0.555,0.0,0.0,0.0,0.0,0.0,0.0,0.555,0.0,0.0,0.0,0.0,0.0,0.0,0.0,0.0,0.0,0.0,0.0,0.0,0.0,0.0,0.0,0.0,0.0,0.0,0.0,0.0,0.0,0.0,0.0,0.0,0.0,0.0,0.0,0.0
1474476257348990491,218,1474476257348117160,gps_origin,-68.2822870597,-68.5958532762,0.0,0.0,0.0,0.0,0.0,0.555,0.0,0.0,0.0,0.0,0.0,0.0,0.555,0.0,0.0,0.0,0.0,0.0,0.0,0.0,0.0,0.0,0.0,0.0,0.0,0.0,0.0,0.0,0.0,0.0,0.0,0.0,0.0,0.0,0.0,0.0,0.0,0.0,0.0,0.0,0.0
1474476258360058178,219,1474476258361343764,gps_origin,-68.2822870597,-68.5958532762,0.0,0.0,0.0,0.0,0.0,0.5,0.0,0.0,0.0,0.0,0.0,0.0,0.5,0.0,0.0,0.0,0.0,0.0,0.0,0.0,0.0,0.0,0.0,0.0,0.0,0.0,0.0,0.0,0.0,0.0,0.0,0.0,0.0,0.0,0.0,0.0,0.0,0.0,0.0,0.0,0.0
1474476259350059204,220,1474476259349716167,gps_origin,-68.2822857881,-68.7387613033,0.0,0.0,0.0,0.0,0.0,0.5,0.0,0.0,0.0,0.0,0.0,0.0,0.5,0.0,0.0,0.0,0.0,0.0,0.0,0.0,0.0,0.0,0.0,0.0,0.0,0.0,0.0,0.0,0.0,0.0,0.0,0.0,0.0,0.0,0.0,0.0,0.0,0.0,0.0,0.0,0.0
1474476259350059204,86,1474476259349716167,gps_origin,-68.2822857881,-68.7387613033,0.0,0.0,0.0,0.0,0.0,0.5,0.0,0.0,0.0,0.0,0.0,0.0,0.5,0.0,0.0,0.0,0.0,0.0,0.0,0.0,0.0,0.0,0.0,0.0,0.0,0.0,0.0,0.0,0.0,0.0,0.0,0.0,0.0,0.0,0.0,0.0,0.0,0.0,0.0,0.0,0.0
1474476260362951662,221,1474476260362479531,gps_origin,-68.2822857881,-68.7387613033,0.0,0.0,0.0,0.0,0.0,0.5,0.0,0.0,0.0,0.0,0.0,0.0,0.5,0.0,0.0,0.0,0.0,0.0,0.0,0.0,0.0,0.0,0.0,0.0,0.0,0.0,0.0,0.0,0.0,0.0,0.0,0.0,0.0,0.0,0.0,0.0,0.0,0.0,0.0,0.0,0.0
1474476261337158800,222,1474476261344687112,gps_origin,-68.2822857881,-68.7387613033,0.0,0.0,0.0,0.0,0.0,0.555,0.0,0.0,0.0,0.0,0.0,0.0,0.555,0.0,0.0,0.0,0.0,0.0,0.0,0.0,0.0,0.0,0.0,0.0,0.0,0.0,0.0,0.0,0.0,0.0,0.0,0.0,0.0,0.0,0.0,0.0,0.0,0.0,0.0,0.0,0.0
1474476261337158800,87,1474476261344687112,gps_origin,-68.2822857881,-68.7387613033,0.0,0.0,0.0,0.0,0.0,0.555,0.0,0.0,0.0,0.0,0.0,0.0,0.555,0.0,0.0,0.0,0.0,0.0,0.0,0.0,0.0,0.0,0.0,0.0,0.0,0.0,0.0,0.0,0.0,0.0,0.0,0.0,0.0,0.0,0.0,0.0,0.0,0.0,0.0,0.0,0.0
1474476262347886197,223,1474476262356254087,gps_origin,-68.2822857881,-68.7387613033,0.0,0.0,0.0,0.0,0.0,0.5,0.0,0.0,0.0,0.0,0.0,0.0,0.5,0.0,0.0,0.0,0.0,0.0,0.0,0.0,0.0,0.0,0.0,0.0,0.0,0.0,0.0,0.0,0.0,0.0,0.0,0.0,0.0,0.0,0.0,0.0,0.0,0.0,0.0,0.0,0.0
1474476263347099438,224,1474476263350012107,gps_origin,-68.2822857881,-68.7387613033,0.0,0.0,0.0,0.0,0.0,0.5,0.0,0.0,0.0,0.0,0.0,0.0,0.5,0.0,0.0,0.0,0.0,0.0,0.0,0.0,0.0,0.0,0.0,0.0,0.0,0.0,0.0,0.0,0.0,0.0,0.0,0.0,0.0,0.0,0.0,0.0,0.0,0.0,0.0,0.0,0.0
1474476264358344340,225,1474476264361096096,gps_origin,-68.2822857881,-68.7387613033,0.0,0.0,0.0,0.0,0.0,0.555,0.0,0.0,0.0,0.0,0.0,0.0,0.555,0.0,0.0,0.0,0.0,0.0,0.0,0.0,0.0,0.0,0.0,0.0,0.0,0.0,0.0,0.0,0.0,0.0,0.0,0.0,0.0,0.0,0.0,0.0,0.0,0.0,0.0,0.0,0.0
1474476265344642077,226,1474476265346903981,gps_origin,-68.2822857881,-68.7387613033,0.0,0.0,0.0,0.0,0.0,0.555,0.0,0.0,0.0,0.0,0.0,0.0,0.555,0.0,0.0,0.0,0.0,0.0,0.0,0.0,0.0,0.0,0.0,0.0,0.0,0.0,0.0,0.0,0.0,0.0,0.0,0.0,0.0,0.0,0.0,0.0,0.0,0.0,0.0,0.0,0.0
1474476266362514876,227,1474476266366221116,gps_origin,-68.2822857881,-68.7387613033,0.0,0.0,0.0,0.0,0.0,0.5,0.0,0.0,0.0,0.0,0.0,0.0,0.5,0.0,0.0,0.0,0.0,0.0,0.0,0.0,0.0,0.0,0.0,0.0,0.0,0.0,0.0,0.0,0.0,0.0,0.0,0.0,0.0,0.0,0.0,0.0,0.0,0.0,0.0,0.0,0.0
1474476266362514876,88,1474476266366221116,gps_origin,-68.2822857881,-68.7387613033,0.0,0.0,0.0,0.0,0.0,0.5,0.0,0.0,0.0,0.0,0.0,0.0,0.5,0.0,0.0,0.0,0.0,0.0,0.0,0.0,0.0,0.0,0.0,0.0,0.0,0.0,0.0,0.0,0.0,0.0,0.0,0.0,0.0,0.0,0.0,0.0,0.0,0.0,0.0,0.0,0.0
1474476267356285368,228,1474476267359455632,gps_origin,-68.2822857881,-68.7387613033,0.0,0.0,0.0,0.0,0.0,0.555,0.0,0.0,0.0,0.0,0.0,0.0,0.555,0.0,0.0,0.0,0.0,0.0,0.0,0.0,0.0,0.0,0.0,0.0,0.0,0.0,0.0,0.0,0.0,0.0,0.0,0.0,0.0,0.0,0.0,0.0,0.0,0.0,0.0,0.0,0.0
1474476268346950148,229,1474476268344399853,gps_origin,-68.2822857881,-68.7387613033,0.0,0.0,0.0,0.0,0.0,0.5,0.0,0.0,0.0,0.0,0.0,0.0,0.5,0.0,0.0,0.0,0.0,0.0,0.0,0.0,0.0,0.0,0.0,0.0,0.0,0.0,0.0,0.0,0.0,0.0,0.0,0.0,0.0,0.0,0.0,0.0,0.0,0.0,0.0,0.0,0.0
1474476269347827775,230,1474476269355140993,gps_origin,-68.2822857881,-68.7387613033,0.0,0.0,0.0,0.0,0.0,0.5,0.0,0.0,0.0,0.0,0.0,0.0,0.5,0.0,0.0,0.0,0.0,0.0,0.0,0.0,0.0,0.0,0.0,0.0,0.0,0.0,0.0,0.0,0.0,0.0,0.0,0.0,0.0,0.0,0.0,0.0,0.0,0.0,0.0,0.0,0.0
1474476269347827775,89,1474476269355140993,gps_origin,-68.2822857881,-68.7387613033,0.0,0.0,0.0,0.0,0.0,0.5,0.0,0.0,0.0,0.0,0.0,0.0,0.5,0.0,0.0,0.0,0.0,0.0,0.0,0.0,0.0,0.0,0.0,0.0,0.0,0.0,0.0,0.0,0.0,0.0,0.0,0.0,0.0,0.0,0.0,0.0,0.0,0.0,0.0,0.0,0.0
1474476270359069800,231,1474476270358527435,gps_origin,-68.2822857881,-68.7387613033,0.0,0.0,0.0,0.0,0.0,0.5,0.0,0.0,0.0,0.0,0.0,0.0,0.5,0.0,0.0,0.0,0.0,0.0,0.0,0.0,0.0,0.0,0.0,0.0,0.0,0.0,0.0,0.0,0.0,0.0,0.0,0.0,0.0,0.0,0.0,0.0,0.0,0.0,0.0,0.0,0.0
1474476270359069800,90,1474476270358527435,gps_origin,-68.2822857881,-68.7387613033,0.0,0.0,0.0,0.0,0.0,0.5,0.0,0.0,0.0,0.0,0.0,0.0,0.5,0.0,0.0,0.0,0.0,0.0,0.0,0.0,0.0,0.0,0.0,0.0,0.0,0.0,0.0,0.0,0.0,0.0,0.0,0.0,0.0,0.0,0.0,0.0,0.0,0.0,0.0,0.0,0.0
1474476271340848514,232,1474476271343032552,gps_origin,-68.2822857881,-68.7387613033,0.0,0.0,0.0,0.0,0.0,0.555,0.0,0.0,0.0,0.0,0.0,0.0,0.555,0.0,0.0,0.0,0.0,0.0,0.0,0.0,0.0,0.0,0.0,0.0,0.0,0.0,0.0,0.0,0.0,0.0,0.0,0.0,0.0,0.0,0.0,0.0,0.0,0.0,0.0,0.0,0.0
