%time,field.header.seq,field.header.stamp,field.header.frame_id,field.status.status,field.status.service,field.latitude,field.longitude,field.altitude,field.position_covariance0,field.position_covariance1,field.position_covariance2,field.position_covariance3,field.position_covariance4,field.position_covariance5,field.position_covariance6,field.position_covariance7,field.position_covariance8,field.position_covariance_type
1474475390391125223,55,1474475390398921145,gps_origin,0,1,39.71774,2.58664,2.0,0.405,0.0,0.0,0.0,0.405,0.0,0.0,0.0,0.8,2
1474475391387015158,56,1474475391393864710,gps_origin,0,1,39.7177383333,2.58664,2.0,0.405,0.0,0.0,0.0,0.405,0.0,0.0,0.0,0.8,2
1474475392382914048,57,1474475392383742763,gps_origin,0,1,39.7177383333,2.58664,2.0,0.405,0.0,0.0,0.0,0.405,0.0,0.0,0.0,0.8,2
1474475393389349818,58,1474475393394207457,gps_origin,0,1,39.7177366667,2.58664166667,2.0,0.405,0.0,0.0,0.0,0.405,0.0,0.0,0.0,0.8,2
1474475394385714914,59,1474475394392762018,gps_origin,0,1,39.7177366667,2.58664166667,2.0,0.405,0.0,0.0,0.0,0.405,0.0,0.0,0.0,0.8,2
1474475395391830036,60,1474475395393261762,gps_origin,0,1,39.7177366667,2.58664333333,2.0,0.405,0.0,0.0,0.0,0.405,0.0,0.0,0.0,0.8,2
1474475396398453527,61,1474475396398655693,gps_origin,0,1,39.717735,2.58664333333,2.0,0.405,0.0,0.0,0.0,0.405,0.0,0.0,0.0,0.8,2
1474475397394547108,62,1474475397396924595,gps_origin,0,1,39.717735,2.58664333333,2.0,0.405,0.0,0.0,0.0,0.405,0.0,0.0,0.0,0.8,2
1474475398400631073,63,1474475398406467666,gps_origin,0,1,39.7177333333,2.586645,1.0,0.405,0.0,0.0,0.0,0.405,0.0,0.0,0.0,0.8,2
1474475399376507844,64,1474475399386206674,gps_origin,0,1,39.7177333333,2.586645,2.0,0.405,0.0,0.0,0.0,0.405,0.0,0.0,0.0,0.8,2
1474475400393239611,65,1474475400395166937,gps_origin,0,1,39.7177333333,2.586645,3.0,0.405,0.0,0.0,0.0,0.405,0.0,0.0,0.0,0.8,2
1474475401389289393,66,1474475401393929671,gps_origin,0,1,39.7177333333,2.586645,2.0,0.405,0.0,0.0,0.0,0.405,0.0,0.0,0.0,0.8,2
1474475402395732984,67,1474475402397538446,gps_origin,0,1,39.7177316667,2.586645,2.0,0.405,0.0,0.0,0.0,0.405,0.0,0.0,0.0,0.8,2
1474475403392920663,68,1474475403401855842,gps_origin,0,1,39.71773,2.586645,1.0,0.405,0.0,0.0,0.0,0.405,0.0,0.0,0.0,0.8,2
1474475404390781250,69,1474475404393470276,gps_origin,0,1,39.7177283333,2.586645,2.0,0.405,0.0,0.0,0.0,0.405,0.0,0.0,0.0,0.8,2
1474475405389023919,70,1474475405391693388,gps_origin,0,1,39.7177283333,2.58664333333,2.0,0.405,0.0,0.0,0.0,0.405,0.0,0.0,0.0,0.8,2
1474475406395467561,71,1474475406395430298,gps_origin,0,1,39.7177266667,2.586645,1.0,0.405,0.0,0.0,0.0,0.405,0.0,0.0,0.0,0.8,2
1474475407391632065,72,1474475407393280376,gps_origin,0,1,39.717725,2.586645,2.0,0.435,0.0,0.0,0.0,0.435,0.0,0.0,0.0,0.8,2
1474475408378970396,73,1474475408385435041,gps_origin,0,1,39.7177233333,2.586645,1.0,0.405,0.0,0.0,0.0,0.405,0.0,0.0,0.0,0.8,2
1474475409385901955,74,1474475409386871009,gps_origin,0,1,39.7177233333,2.58664666667,3.0,0.405,0.0,0.0,0.0,0.405,0.0,0.0,0.0,0.8,2
1474475410372854586,75,1474475410379996489,gps_origin,0,1,39.7177216667,2.58664666667,2.0,0.405,0.0,0.0,0.0,0.405,0.0,0.0,0.0,0.8,2
1474475411390312564,76,1474475411396563590,gps_origin,0,1,39.71772,2.58664666667,2.0,0.405,0.0,0.0,0.0,0.405,0.0,0.0,0.0,0.8,2
1474475412397094493,77,1474475412403059878,gps_origin,0,1,39.71772,2.58664833333,2.0,0.405,0.0,0.0,0.0,0.405,0.0,0.0,0.0,0.8,2
1474475413404034883,78,1474475413403623264,gps_origin,0,1,39.7177183333,2.58665,1.0,0.405,0.0,0.0,0.0,0.405,0.0,0.0,0.0,0.8,2
1474475414379937232,79,1474475414386423446,gps_origin,0,1,39.7177166667,2.58665,2.0,0.405,0.0,0.0,0.0,0.405,0.0,0.0,0.0,0.8,2
1474475415417801575,80,1474475415423827419,gps_origin,0,1,39.7177166667,2.58665166667,2.0,0.405,0.0,0.0,0.0,0.405,0.0,0.0,0.0,0.8,2
1474475416425072425,81,1474475416432988730,gps_origin,0,1,39.7177166667,2.58665333333,2.0,0.405,0.0,0.0,0.0,0.405,0.0,0.0,0.0,0.8,2
1474475417422217171,82,1474475417426397063,gps_origin,0,1,39.717715,2.586655,1.0,0.405,0.0,0.0,0.0,0.405,0.0,0.0,0.0,0.8,2
1474475418399214645,83,1474475418403731172,gps_origin,0,1,39.717715,2.58665833333,1.0,0.405,0.0,0.0,0.0,0.405,0.0,0.0,0.0,0.8,2
1474475419395366990,84,1474475419400545395,gps_origin,0,1,39.7177166667,2.58666,2.0,0.405,0.0,0.0,0.0,0.405,0.0,0.0,0.0,0.8,2
1474475420381409502,85,1474475420387857997,gps_origin,0,1,39.7177166667,2.58666166667,2.0,0.405,0.0,0.0,0.0,0.405,0.0,0.0,0.0,0.8,2
1474475421387778129,86,1474475421391827564,gps_origin,0,1,39.7177166667,2.58666166667,1.0,0.405,0.0,0.0,0.0,0.405,0.0,0.0,0.0,0.8,2
1474475422384317480,87,1474475422391598983,gps_origin,0,1,39.7177183333,2.58666333333,1.0,0.405,0.0,0.0,0.0,0.405,0.0,0.0,0.0,0.8,2
1474475423391413006,88,1474475423392424705,gps_origin,0,1,39.7177183333,2.586665,1.0,0.405,0.0,0.0,0.0,0.405,0.0,0.0,0.0,0.8,2
1474475424417646583,89,1474475424422997702,gps_origin,0,1,39.7177183333,2.586665,1.0,0.405,0.0,0.0,0.0,0.405,0.0,0.0,0.0,0.8,2
1474475425415673943,90,1474475425424460249,gps_origin,0,1,39.7177216667,2.58666833333,0.0,0.405,0.0,0.0,0.0,0.405,0.0,0.0,0.0,0.8,2
1474475426432335983,91,1474475426438090418,gps_origin,0,1,39.7177233333,2.58667,1.0,0.405,0.0,0.0,0.0,0.405,0.0,0.0,0.0,0.8,2
1474475427399471795,92,1474475427402402612,gps_origin,0,1,39.7177283333,2.58667166667,1.0,0.405,0.0,0.0,0.0,0.405,0.0,0.0,0.0,0.8,2
1474475428416837635,93,1474475428424899081,gps_origin,0,1,39.7177316667,2.58667166667,1.0,0.425,0.0,0.0,0.0,0.425,0.0,0.0,0.0,0.8,2
1474475429392946776,94,1474475429395517519,gps_origin,0,1,39.717735,2.58667333333,1.0,0.405,0.0,0.0,0.0,0.405,0.0,0.0,0.0,1.33,2
1474475430390722559,95,1474475430395378253,gps_origin,0,1,39.7177366667,2.586675,1.0,0.405,0.0,0.0,0.0,0.405,0.0,0.0,0.0,0.8,2
1474475431418003218,96,1474475431417094271,gps_origin,0,1,39.7177383333,2.58667666667,1.0,0.405,0.0,0.0,0.0,0.405,0.0,0.0,0.0,0.8,2
1474475432384442054,97,1474475432390370218,gps_origin,0,1,39.7177416667,2.58667833333,2.0,0.405,0.0,0.0,0.0,0.405,0.0,0.0,0.0,0.8,2
1474475433374107293,98,1474475433381991120,gps_origin,0,1,39.7177433333,2.58667833333,2.0,0.425,0.0,0.0,0.0,0.425,0.0,0.0,0.0,0.8,2
1474475434400789698,99,1474475434401023727,gps_origin,0,1,39.717745,2.58668,1.0,0.405,0.0,0.0,0.0,0.405,0.0,0.0,0.0,1.33,2
1474475435427061670,100,1474475435431219699,gps_origin,0,1,39.717745,2.58668,2.0,0.405,0.0,0.0,0.0,0.405,0.0,0.0,0.0,0.8,2
1474475436412309147,101,1474475436421323185,gps_origin,0,1,39.7177466667,2.58668166667,2.0,0.405,0.0,0.0,0.0,0.405,0.0,0.0,0.0,0.8,2
1474475437394981112,102,1474475437400377101,gps_origin,0,1,39.7177483333,2.58668166667,1.0,0.405,0.0,0.0,0.0,0.405,0.0,0.0,0.0,0.8,2
1474475438421565821,103,1474475438423291575,gps_origin,0,1,39.7177483333,2.58668333333,1.0,0.405,0.0,0.0,0.0,0.405,0.0,0.0,0.0,0.8,2
1474475439391981937,104,1474475439399347526,gps_origin,0,1,39.71775,2.58668333333,2.0,0.405,0.0,0.0,0.0,0.405,0.0,0.0,0.0,0.8,2
1474475440389075209,105,1474475440393385543,gps_origin,0,1,39.7177516667,2.586685,2.0,0.435,0.0,0.0,0.0,0.435,0.0,0.0,0.0,0.8,2
1474475441375623429,106,1474475441382415462,gps_origin,0,1,39.7177516667,2.586685,1.0,0.405,0.0,0.0,0.0,0.405,0.0,0.0,0.0,0.83,2
1474475442392871717,107,1474475442399891451,gps_origin,0,1,39.7177516667,2.58668666667,2.0,0.405,0.0,0.0,0.0,0.405,0.0,0.0,0.0,0.8,2
1474475443395759524,108,1474475443400708894,gps_origin,0,1,39.7177533333,2.58668833333,2.0,0.405,0.0,0.0,0.0,0.405,0.0,0.0,0.0,0.8,2
1474475444390255621,109,1474475444390287554,gps_origin,0,1,39.7177533333,2.58668833333,1.0,0.425,0.0,0.0,0.0,0.425,0.0,0.0,0.0,0.8,2
1474475445384710797,110,1474475445384429886,gps_origin,0,1,39.7177533333,2.58668833333,1.0,0.435,0.0,0.0,0.0,0.435,0.0,0.0,0.0,1.33,2
1474475446379254605,111,1474475446384502266,gps_origin,0,1,39.717755,2.58668833333,2.0,0.44,0.0,0.0,0.0,0.44,0.0,0.0,0.0,0.83,2
1474475447384765350,112,1474475447393515094,gps_origin,0,1,39.717755,2.58669,2.0,0.435,0.0,0.0,0.0,0.435,0.0,0.0,0.0,1.51,2
1474475448388325057,113,1474475448391427892,gps_origin,0,1,39.7177566667,2.58669,2.0,0.405,0.0,0.0,0.0,0.405,0.0,0.0,0.0,0.83,2
1474475449375235559,114,1474475449383878564,gps_origin,0,1,39.7177566667,2.58669,2.0,0.405,0.0,0.0,0.0,0.405,0.0,0.0,0.0,0.8,2
1474475450388529007,115,1474475450393946736,gps_origin,0,1,39.7177566667,2.58669,1.0,0.405,0.0,0.0,0.0,0.405,0.0,0.0,0.0,0.8,2
1474475451371742007,116,1474475451377615374,gps_origin,0,1,39.7177583333,2.58669166667,1.0,0.435,0.0,0.0,0.0,0.435,0.0,0.0,0.0,0.8,2
1474475452391176650,117,1474475452393971903,gps_origin,0,1,39.7177583333,2.58669166667,1.0,0.425,0.0,0.0,0.0,0.425,0.0,0.0,0.0,0.83,2
1474475453376082799,118,1474475453382975800,gps_origin,0,1,39.7177583333,2.58669166667,1.0,0.405,0.0,0.0,0.0,0.405,0.0,0.0,0.0,1.33,2
1474475454384055072,119,1474475454391426478,gps_origin,0,1,39.7177583333,2.58669166667,1.0,0.405,0.0,0.0,0.0,0.405,0.0,0.0,0.0,0.8,2
1474475455384775567,120,1474475455390701967,gps_origin,0,1,39.7177583333,2.58669166667,1.0,0.405,0.0,0.0,0.0,0.405,0.0,0.0,0.0,0.8,2
1474475456388715100,121,1474475456391170352,gps_origin,0,1,39.71776,2.58669166667,2.0,0.405,0.0,0.0,0.0,0.405,0.0,0.0,0.0,0.8,2
1474475457385267048,122,1474475457387721937,gps_origin,0,1,39.71776,2.58669166667,2.0,0.425,0.0,0.0,0.0,0.425,0.0,0.0,0.0,0.8,2
1474475458389791273,123,1474475458389287359,gps_origin,0,1,39.71776,2.58669166667,1.0,0.405,0.0,0.0,0.0,0.405,0.0,0.0,0.0,1.33,2
1474475459384968723,124,1474475459388688136,gps_origin,0,1,39.71776,2.58669166667,1.0,0.405,0.0,0.0,0.0,0.405,0.0,0.0,0.0,0.8,2
1474475460371733678,125,1474475460381473432,gps_origin,0,1,39.71776,2.58669333333,1.0,0.405,0.0,0.0,0.0,0.405,0.0,0.0,0.0,0.8,2
1474475461425038843,126,1474475461432370907,gps_origin,0,1,39.71776,2.58669333333,1.0,0.405,0.0,0.0,0.0,0.405,0.0,0.0,0.0,0.8,2
1474475462394574507,127,1474475462393908652,gps_origin,0,1,39.71776,2.58669333333,1.0,0.405,0.0,0.0,0.0,0.405,0.0,0.0,0.0,0.8,2
1474475463385330638,128,1474475463389274204,gps_origin,0,1,39.71776,2.58669333333,1.0,0.405,0.0,0.0,0.0,0.405,0.0,0.0,0.0,0.8,2
1474475464381508541,129,1474475464388875560,gps_origin,0,1,39.71776,2.586695,1.0,0.405,0.0,0.0,0.0,0.405,0.0,0.0,0.0,0.8,2
1474475465384666603,130,1474475465390112883,gps_origin,0,1,39.71776,2.58669333333,2.0,0.405,0.0,0.0,0.0,0.405,0.0,0.0,0.0,0.8,2
1474475466390482580,131,1474475466391044468,gps_origin,0,1,39.7177616667,2.58669333333,2.0,0.405,0.0,0.0,0.0,0.405,0.0,0.0,0.0,0.8,2
1474475467384628197,132,1474475467390600078,gps_origin,0,1,39.7177616667,2.58669333333,1.0,0.405,0.0,0.0,0.0,0.405,0.0,0.0,0.0,0.8,2
1474475468388783655,133,1474475468388762182,gps_origin,0,1,39.7177616667,2.58669333333,1.0,0.405,0.0,0.0,0.0,0.405,0.0,0.0,0.0,0.8,2
1474475469384669156,134,1474475469390498728,gps_origin,0,1,39.7177616667,2.586695,1.0,0.405,0.0,0.0,0.0,0.405,0.0,0.0,0.0,0.8,2
1474475470388900336,135,1474475470388988544,gps_origin,0,1,39.7177633333,2.586695,1.0,0.425,0.0,0.0,0.0,0.425,0.0,0.0,0.0,0.8,2
1474475471377211633,136,1474475471385424322,gps_origin,0,1,39.71776,2.58670166667,1.0,0.405,0.0,0.0,0.0,0.405,0.0,0.0,0.0,1.33,2
1474475472378535778,137,1474475472379223543,gps_origin,0,1,39.7177583333,2.58671,1.0,0.405,0.0,0.0,0.0,0.405,0.0,0.0,0.0,0.8,2
1474475473378807357,138,1474475473386743027,gps_origin,0,1,39.7177583333,2.58672,0.0,0.405,0.0,0.0,0.0,0.405,0.0,0.0,0.0,0.8,2
1474475474378286991,139,1474475474379326540,gps_origin,0,1,39.7177583333,2.58672833333,0.0,0.405,0.0,0.0,0.0,0.405,0.0,0.0,0.0,0.8,2
1474475475385008813,140,1474475475385297841,gps_origin,0,1,39.7177583333,2.58673333333,0.0,0.405,0.0,0.0,0.0,0.405,0.0,0.0,0.0,0.8,2
1474475476411867096,141,1474475476415105219,gps_origin,0,1,39.71776,2.58674,9.0,0.405,0.0,0.0,0.0,0.405,0.0,0.0,0.0,0.8,2
1474475477374331881,142,1474475477382600649,gps_origin,0,1,39.7177616667,2.58674833333,9.0,0.435,0.0,0.0,0.0,0.435,0.0,0.0,0.0,0.8,2
1474475478390959125,143,1474475478398836132,gps_origin,0,1,39.7177616667,2.586755,0.0,0.405,0.0,0.0,0.0,0.405,0.0,0.0,0.0,0.83,2
1474475479395168269,144,1474475479395217720,gps_origin,0,1,39.7177633333,2.58676166667,0.0,0.435,0.0,0.0,0.0,0.435,0.0,0.0,0.0,0.8,2
1474475480388498864,145,1474475480396698187,gps_origin,0,1,39.717765,2.58676666667,0.0,0.405,0.0,0.0,0.0,0.405,0.0,0.0,0.0,0.83,2
1474475481388084127,146,1474475481394416412,gps_origin,0,1,39.717765,2.58677,0.0,0.405,0.0,0.0,0.0,0.405,0.0,0.0,0.0,0.8,2
1474475482388992117,147,1474475482401198059,gps_origin,0,1,39.7177666667,2.58677333333,0.0,0.405,0.0,0.0,0.0,0.405,0.0,0.0,0.0,0.8,2
1474475483415348381,148,1474475483416474530,gps_origin,0,1,39.7177683333,2.586775,0.0,0.435,0.0,0.0,0.0,0.435,0.0,0.0,0.0,0.8,2
1474475484396170596,149,1474475484403532319,gps_origin,0,1,39.7177683333,2.58677833333,0.0,0.405,0.0,0.0,0.0,0.405,0.0,0.0,0.0,0.83,2
1474475485395624273,150,1474475485395765488,gps_origin,0,1,39.71777,2.58678,0.0,0.405,0.0,0.0,0.0,0.405,0.0,0.0,0.0,0.8,2
1474475486387758689,151,1474475486396596192,gps_origin,0,1,39.7177716667,2.58678166667,0.0,0.405,0.0,0.0,0.0,0.405,0.0,0.0,0.0,0.8,2
1474475487393993770,152,1474475487392721414,gps_origin,0,1,39.7177716667,2.586785,0.0,0.435,0.0,0.0,0.0,0.435,0.0,0.0,0.0,0.8,2
1474475488376036576,153,1474475488380982273,gps_origin,0,1,39.7177733333,2.58678666667,0.0,0.435,0.0,0.0,0.0,0.435,0.0,0.0,0.0,0.83,2
1474475489381843723,154,1474475489382814572,gps_origin,0,1,39.7177733333,2.58678833333,1.0,0.435,0.0,0.0,0.0,0.435,0.0,0.0,0.0,0.83,2
1474475490388324168,155,1474475490393389197,gps_origin,0,1,39.717775,2.58678833333,0.0,0.435,0.0,0.0,0.0,0.435,0.0,0.0,0.0,0.83,2
1474475491375001976,156,1474475491383372371,gps_origin,0,1,39.717775,2.58679,0.0,0.435,0.0,0.0,0.0,0.435,0.0,0.0,0.0,0.83,2
1474475492389117779,157,1474475492393033551,gps_origin,0,1,39.717775,2.58679166667,0.0,0.435,0.0,0.0,0.0,0.435,0.0,0.0,0.0,0.83,2
1474475493366120019,158,1474475493372029027,gps_origin,0,1,39.7177766667,2.58679333333,0.0,0.435,0.0,0.0,0.0,0.435,0.0,0.0,0.0,0.83,2
1474475494367943584,159,1474475494373403385,gps_origin,0,1,39.7177766667,2.58679333333,0.0,0.435,0.0,0.0,0.0,0.435,0.0,0.0,0.0,0.83,2
1474475495380215098,160,1474475495388614746,gps_origin,0,1,39.7177783333,2.586795,0.0,0.405,0.0,0.0,0.0,0.405,0.0,0.0,0.0,0.83,2
1474475496402726344,161,1474475496412291435,gps_origin,0,1,39.7177783333,2.586795,0.0,0.405,0.0,0.0,0.0,0.405,0.0,0.0,0.0,0.8,2
1474475497364013203,162,1474475497372501794,gps_origin,0,1,39.71778,2.58679833333,0.0,0.435,0.0,0.0,0.0,0.435,0.0,0.0,0.0,0.8,2
1474475498402309275,163,1474475498403837217,gps_origin,0,1,39.7177816667,2.58680333333,1.0,0.405,0.0,0.0,0.0,0.405,0.0,0.0,0.0,0.83,2
1474475499385729991,164,1474475499391847991,gps_origin,0,1,39.7177816667,2.58680833333,1.0,0.405,0.0,0.0,0.0,0.405,0.0,0.0,0.0,0.8,2
1474475500365269705,165,1474475500365130716,gps_origin,0,1,39.7177816667,2.58681,1.0,0.405,0.0,0.0,0.0,0.405,0.0,0.0,0.0,0.8,2
1474475501324890368,166,1474475501328200595,gps_origin,0,1,39.7177816667,2.58681166667,1.0,0.425,0.0,0.0,0.0,0.425,0.0,0.0,0.0,0.8,2
1474475502328445827,167,1474475502328565097,gps_origin,0,1,39.7177816667,2.58681333333,1.0,0.425,0.0,0.0,0.0,0.425,0.0,0.0,0.0,0.8,2
1474475503321939178,168,1474475503330052403,gps_origin,0,1,39.7177816667,2.586815,1.0,0.425,0.0,0.0,0.0,0.425,0.0,0.0,0.0,0.8,2
1474475504307616184,169,1474475504313376644,gps_origin,0,1,39.7177816667,2.58681666667,1.0,1.015,0.0,0.0,0.0,1.015,0.0,0.0,0.0,0.8,2
1474475505312557813,170,1474475505322325790,gps_origin,0,1,39.7177816667,2.58681833333,1.0,1.015,0.0,0.0,0.0,1.015,0.0,0.0,0.0,0.89,2
1474475506317652627,171,1474475506321573881,gps_origin,0,1,39.7177816667,2.58682,2.0,1.015,0.0,0.0,0.0,1.015,0.0,0.0,0.0,0.89,2
1474475507302414264,172,1474475507312030066,gps_origin,0,1,39.7177816667,2.58682166667,2.0,1.015,0.0,0.0,0.0,1.015,0.0,0.0,0.0,0.89,2
1474475508317670845,173,1474475508321206764,gps_origin,0,1,39.7177816667,2.58682333333,2.0,1.015,0.0,0.0,0.0,1.015,0.0,0.0,0.0,0.89,2
1474475509299446116,174,1474475509302649911,gps_origin,0,1,39.7177816667,2.586825,2.0,1.235,0.0,0.0,0.0,1.235,0.0,0.0,0.0,0.89,2
1474475510300926743,175,1474475510303994304,gps_origin,0,1,39.7177816667,2.58682833333,2.0,1.235,0.0,0.0,0.0,1.235,0.0,0.0,0.0,0.91,2
1474475511304875417,176,1474475511309981888,gps_origin,0,1,39.7177833333,2.58683,2.0,1.235,0.0,0.0,0.0,1.235,0.0,0.0,0.0,0.91,2
1474475512299238063,177,1474475512305565350,gps_origin,0,1,39.717785,2.58683166667,2.0,1.865,0.0,0.0,0.0,1.865,0.0,0.0,0.0,0.91,2
1474475513296772741,178,1474475513297350712,gps_origin,0,1,39.7177866667,2.58683333333,2.0,1.865,0.0,0.0,0.0,1.865,0.0,0.0,0.0,0.91,2
1474475520289720790,179,1474475520292115907,gps_origin,0,1,39.7179216667,2.58701,5.0,2.155,0.0,0.0,0.0,2.155,0.0,0.0,0.0,0.92,2
1474475521301393487,180,1474475521301879218,gps_origin,0,1,39.7179466667,2.58705,7.0,2.155,0.0,0.0,0.0,2.155,0.0,0.0,0.0,1.0,2
1474475522297800378,181,1474475522299515579,gps_origin,0,1,39.717965,2.58708,8.0,2.155,0.0,0.0,0.0,2.155,0.0,0.0,0.0,1.0,2
1474475523290604070,182,1474475523295263723,gps_origin,0,1,39.717985,2.58710833333,9.0,2.155,0.0,0.0,0.0,2.155,0.0,0.0,0.0,1.0,2
1474475524300302614,183,1474475524301775342,gps_origin,0,1,39.7180016667,2.58712833333,1.0,2.155,0.0,0.0,0.0,2.155,0.0,0.0,0.0,1.0,2
1474475525297737569,184,1474475525301974314,gps_origin,0,1,39.7180233333,2.58715,2.0,2.16,0.0,0.0,0.0,2.16,0.0,0.0,0.0,1.0,2
1474475526296371596,185,1474475526302277471,gps_origin,0,1,39.7180466667,2.587175,4.0,2.16,0.0,0.0,0.0,2.16,0.0,0.0,0.0,1.0,2
1474475527300469536,186,1474475527302861991,gps_origin,0,1,39.7180533333,2.58721333333,5.0,2.16,0.0,0.0,0.0,2.16,0.0,0.0,0.0,1.0,2
1474475528298574285,187,1474475528302534843,gps_origin,0,1,39.718065,2.58725,6.0,2.16,0.0,0.0,0.0,2.16,0.0,0.0,0.0,1.0,2
1474475529300326894,188,1474475529299228415,gps_origin,0,1,39.7180766667,2.58728833333,8.0,2.16,0.0,0.0,0.0,2.16,0.0,0.0,0.0,1.0,2
1474475530277928783,189,1474475530284810369,gps_origin,0,1,39.7181366667,2.58738666667,8.0,49.995,0.0,0.0,0.0,49.995,0.0,0.0,0.0,1.0,2
1474475531291648830,190,1474475531293367502,gps_origin,0,1,39.718135,2.58742166667,0.0,49.995,0.0,0.0,0.0,49.995,0.0,0.0,0.0,1.0,2
1474475532283847182,191,1474475532285658996,gps_origin,0,1,39.718125,2.58745833333,1.0,49.995,0.0,0.0,0.0,49.995,0.0,0.0,0.0,1.0,2
1474475533301426515,192,1474475533303127140,gps_origin,0,1,39.7181233333,2.58748666667,3.0,2.16,0.0,0.0,0.0,2.16,0.0,0.0,0.0,1.0,2
1474475534298181996,193,1474475534300328030,gps_origin,0,1,39.7181216667,2.58752166667,5.0,2.16,0.0,0.0,0.0,2.16,0.0,0.0,0.0,1.0,2
1474475535290259004,194,1474475535292118382,gps_origin,0,1,39.7181166667,2.58755666667,6.0,2.16,0.0,0.0,0.0,2.16,0.0,0.0,0.0,1.0,2
1474475536296821249,195,1474475536303240866,gps_origin,0,1,39.718115,2.58759166667,8.0,2.16,0.0,0.0,0.0,2.16,0.0,0.0,0.0,1.0,2
1474475537290103366,196,1474475537294374482,gps_origin,0,1,39.71811,2.587625,0.0,2.16,0.0,0.0,0.0,2.16,0.0,0.0,0.0,1.0,2
1474475538296888060,197,1474475538303660485,gps_origin,0,1,39.718105,2.58765666667,2.0,2.16,0.0,0.0,0.0,2.16,0.0,0.0,0.0,1.0,2
1474475539299933979,198,1474475539301586320,gps_origin,0,1,39.7180966667,2.58768833333,3.0,2.16,0.0,0.0,0.0,2.16,0.0,0.0,0.0,1.0,2
1474475540286623033,199,1474475540294184395,gps_origin,0,1,39.71809,2.58772333333,5.0,2.16,0.0,0.0,0.0,2.16,0.0,0.0,0.0,1.0,2
1474475541311573353,200,1474475541312827581,gps_origin,0,1,39.7180833333,2.58775833333,7.0,2.165,0.0,0.0,0.0,2.165,0.0,0.0,0.0,1.0,2
1474475542300142884,201,1474475542303599715,gps_origin,0,1,39.718075,2.58779833333,9.0,2.16,0.0,0.0,0.0,2.16,0.0,0.0,0.0,1.0,2
1474475543290321038,202,1474475543294553856,gps_origin,0,1,39.7180716667,2.58784666667,0.0,2.16,0.0,0.0,0.0,2.16,0.0,0.0,0.0,1.0,2
1474475544305077200,203,1474475544305846029,gps_origin,0,1,39.7180683333,2.58789833333,2.0,2.16,0.0,0.0,0.0,2.16,0.0,0.0,0.0,1.0,2
1474475545280279090,204,1474475545283245657,gps_origin,0,1,39.7180433333,2.587975,4.0,49.995,0.0,0.0,0.0,49.995,0.0,0.0,0.0,1.0,2
1474475546274634117,205,1474475546282451120,gps_origin,0,1,39.718095,2.58810833333,4.0,49.995,0.0,0.0,0.0,49.995,0.0,0.0,0.0,1.0,2
1474475547280738992,206,1474475547281164535,gps_origin,0,1,39.7181483333,2.58824,4.0,49.995,0.0,0.0,0.0,49.995,0.0,0.0,0.0,1.0,2
1474475548273117198,207,1474475548272529992,gps_origin,0,1,39.7181983333,2.58836833333,4.0,49.995,0.0,0.0,0.0,49.995,0.0,0.0,0.0,1.0,2
1474476179362253463,208,1474476179367859161,gps_origin,0,1,39.7174333333,2.58637666667,5.0,0.5,0.0,0.0,0.0,0.5,0.0,0.0,0.0,1.0,2
1474476180352684072,209,1474476180360107875,gps_origin,0,1,39.7174166667,2.58634833333,5.0,0.5,0.0,0.0,0.0,0.5,0.0,0.0,0.0,0.89,2
1474476181336810701,210,1474476181343691267,gps_origin,0,1,39.7174183333,2.58632833333,2.0,0.5,0.0,0.0,0.0,0.5,0.0,0.0,0.0,0.89,2
1474476182351266175,211,1474476182354411214,gps_origin,0,1,39.71742,2.58631833333,0.0,0.5,0.0,0.0,0.0,0.5,0.0,0.0,0.0,0.89,2
1474476183347041524,212,1474476183347590129,gps_origin,0,1,39.7174233333,2.586315,0.0,0.5,0.0,0.0,0.0,0.5,0.0,0.0,0.0,0.89,2
1474476184356520716,213,1474476184358970242,gps_origin,0,1,39.717425,2.58631333333,1.0,0.5,0.0,0.0,0.0,0.5,0.0,0.0,0.0,0.89,2
1474476185336197548,214,1474476185346491234,gps_origin,0,1,39.7174233333,2.58631166667,1.0,0.5,0.0,0.0,0.0,0.5,0.0,0.0,0.0,0.89,2
1474476186357892537,215,1474476186360578015,gps_origin,0,1,39.7174233333,2.58630833333,2.0,0.5,0.0,0.0,0.0,0.5,0.0,0.0,0.0,0.89,2
1474476187339867636,216,1474476187348456969,gps_origin,0,1,39.7174233333,2.58630833333,9.0,0.5,0.0,0.0,0.0,0.5,0.0,0.0,0.0,0.89,2
1474476188349345632,217,1474476188358083325,gps_origin,0,1,39.7174233333,2.58631,8.0,0.5,0.0,0.0,0.0,0.5,0.0,0.0,0.0,0.89,2
1474476189347016867,218,1474476189355591408,gps_origin,0,1,39.7174233333,2.58631,4.0,0.5,0.0,0.0,0.0,0.5,0.0,0.0,0.0,0.89,2
1474476190349843175,219,1474476190351182133,gps_origin,0,1,39.7174233333,2.58631,2.0,0.5,0.0,0.0,0.0,0.5,0.0,0.0,0.0,0.89,2
1474476191357029853,220,1474476191363180999,gps_origin,0,1,39.7174233333,2.58631,2.0,0.5,0.0,0.0,0.0,0.5,0.0,0.0,0.0,0.89,2
1474476192352190529,221,1474476192351738759,gps_origin,0,1,39.7174233333,2.58631,2.0,0.5,0.0,0.0,0.0,0.5,0.0,0.0,0.0,0.89,2
1474476193356065433,222,1474476193362963432,gps_origin,0,1,39.7174233333,2.58631,2.0,0.5,0.0,0.0,0.0,0.5,0.0,0.0,0.0,0.89,2
1474476194343109627,223,1474476194350864670,gps_origin,0,1,39.717425,2.58631,2.0,0.5,0.0,0.0,0.0,0.5,0.0,0.0,0.0,0.89,2
1474476195359145045,224,1474476195365004659,gps_origin,0,1,39.7174233333,2.58631,1.0,0.5,0.0,0.0,0.0,0.5,0.0,0.0,0.0,0.89,2
1474476196348870056,225,1474476196352689119,gps_origin,0,1,39.7174233333,2.58631,1.0,0.55,0.0,0.0,0.0,0.55,0.0,0.0,0.0,0.89,2
1474476197391481320,226,1474476197391004340,gps_origin,0,1,39.7174233333,2.58631,1.0,0.555,0.0,0.0,0.0,0.555,0.0,0.0,0.0,1.92,2
1474476198348803081,227,1474476198357626308,gps_origin,0,1,39.7174233333,2.58631,1.0,0.555,0.0,0.0,0.0,0.555,0.0,0.0,0.0,1.92,2
1474476199344497047,228,1474476199353798372,gps_origin,0,1,39.7174233333,2.58631,1.0,0.555,0.0,0.0,0.0,0.555,0.0,0.0,0.0,1.92,2
1474476200368732590,229,1474476200370841802,gps_origin,0,1,39.7174233333,2.58631,1.0,0.5,0.0,0.0,0.0,0.5,0.0,0.0,0.0,1.92,2
1474476201355640869,230,1474476201357042658,gps_origin,0,1,39.7174233333,2.58631,1.0,0.5,0.0,0.0,0.0,0.5,0.0,0.0,0.0,0.89,2
1474476202340596241,231,1474476202345293498,gps_origin,0,1,39.7174233333,2.58631,1.0,0.5,0.0,0.0,0.0,0.5,0.0,0.0,0.0,0.89,2
1474476203357683005,232,1474476203363736749,gps_origin,0,1,39.7174233333,2.58631,1.0,0.5,0.0,0.0,0.0,0.5,0.0,0.0,0.0,0.89,2
1474476204346087502,233,1474476204346602819,gps_origin,0,1,39.7174233333,2.58631,1.0,0.5,0.0,0.0,0.0,0.5,0.0,0.0,0.0,0.89,2
1474476205349364445,234,1474476205355806400,gps_origin,0,1,39.7174233333,2.58631,1.0,0.5,0.0,0.0,0.0,0.5,0.0,0.0,0.0,0.89,2
1474476206342207756,235,1474476206349124486,gps_origin,0,1,39.7174233333,2.58631,1.0,0.555,0.0,0.0,0.0,0.555,0.0,0.0,0.0,0.89,2
1474476207366791778,236,1474476207366432148,gps_origin,0,1,39.7174233333,2.58631,1.0,0.5,0.0,0.0,0.0,0.5,0.0,0.0,0.0,1.92,2
1474476208354318038,237,1474476208355190892,gps_origin,0,1,39.7174233333,2.58631,1.0,0.5,0.0,0.0,0.0,0.5,0.0,0.0,0.0,0.89,2
1474476209346259400,238,1474476209346217091,gps_origin,0,1,39.7174233333,2.58631,1.0,0.5,0.0,0.0,0.0,0.5,0.0,0.0,0.0,0.89,2
1474476210358587056,239,1474476210362248467,gps_origin,0,1,39.7174233333,2.58631,1.0,0.5,0.0,0.0,0.0,0.5,0.0,0.0,0.0,0.89,2
1474476211347668678,240,1474476211351538337,gps_origin,0,1,39.7174233333,2.58631,0.0,0.5,0.0,0.0,0.0,0.5,0.0,0.0,0.0,0.89,2
1474476212359070219,241,1474476212366989290,gps_origin,0,1,39.7174233333,2.58631,0.0,0.5,0.0,0.0,0.0,0.5,0.0,0.0,0.0,0.89,2
1474476213363572605,242,1474476213367719641,gps_origin,0,1,39.7174233333,2.58631,1.0,0.5,0.0,0.0,0.0,0.5,0.0,0.0,0.0,0.89,2
1474476214359907279,243,1474476214365698185,gps_origin,0,1,39.7174233333,2.58631,1.0,0.5,0.0,0.0,0.0,0.5,0.0,0.0,0.0,0.89,2
1474476215352340014,244,1474476215357883854,gps_origin,0,1,39.7174233333,2.58631166667,1.0,0.5,0.0,0.0,0.0,0.5,0.0,0.0,0.0,0.89,2
1474476216352949244,245,1474476216356823230,gps_origin,0,1,39.7174233333,2.58631166667,1.0,0.5,0.0,0.0,0.0,0.5,0.0,0.0,0.0,0.89,2
1474476217346670696,246,1474476217351421544,gps_origin,0,1,39.7174233333,2.58631166667,1.0,0.5,0.0,0.0,0.0,0.5,0.0,0.0,0.0,0.89,2
1474476218358540369,247,1474476218366071084,gps_origin,0,1,39.7174233333,2.58631166667,1.0,0.5,0.0,0.0,0.0,0.5,0.0,0.0,0.0,0.89,2
1474476219364944956,248,1474476219364525849,gps_origin,0,1,39.7174233333,2.58631166667,1.0,0.555,0.0,0.0,0.0,0.555,0.0,0.0,0.0,0.89,2
1474476220358969923,249,1474476220362713213,gps_origin,0,1,39.7174233333,2.58631166667,1.0,0.555,0.0,0.0,0.0,0.555,0.0,0.0,0.0,1.92,2
1474476221344385549,250,1474476221353430505,gps_origin,0,1,39.7174233333,2.58631166667,1.0,0.5,0.0,0.0,0.0,0.5,0.0,0.0,0.0,1.92,2
1474476222363957471,251,1474476222364310435,gps_origin,0,1,39.7174233333,2.58631166667,1.0,0.5,0.0,0.0,0.0,0.5,0.0,0.0,0.0,0.89,2
1474476223353517095,252,1474476223359773558,gps_origin,0,1,39.7174233333,2.58631166667,1.0,0.555,0.0,0.0,0.0,0.555,0.0,0.0,0.0,0.89,2
1474476224349703655,253,1474476224354054030,gps_origin,0,1,39.7174216667,2.58631166667,1.0,0.5,0.0,0.0,0.0,0.5,0.0,0.0,0.0,1.92,2
1474476225339786740,254,1474476225345143579,gps_origin,0,1,39.7174233333,2.58631166667,1.0,0.5,0.0,0.0,0.0,0.5,0.0,0.0,0.0,0.89,2
1474476226358202101,255,1474476226359465027,gps_origin,0,1,39.7174216667,2.58631166667,1.0,0.555,0.0,0.0,0.0,0.555,0.0,0.0,0.0,0.89,2
1474476227337787684,256,1474476227344932359,gps_origin,0,1,39.7174233333,2.58631,1.0,0.555,0.0,0.0,0.0,0.555,0.0,0.0,0.0,1.92,2
1474476228360318228,257,1474476228361933693,gps_origin,0,1,39.7174216667,2.58631,1.0,0.5,0.0,0.0,0.0,0.5,0.0,0.0,0.0,1.92,2
1474476229341531466,258,1474476229345116505,gps_origin,0,1,39.7174216667,2.58631,2.0,0.5,0.0,0.0,0.0,0.5,0.0,0.0,0.0,0.89,2
1474476230357924394,259,1474476230360062854,gps_origin,0,1,39.7174216667,2.58631,2.0,0.555,0.0,0.0,0.0,0.555,0.0,0.0,0.0,0.89,2
1474476231349474738,260,1474476231352258998,gps_origin,0,1,39.7174216667,2.58631,2.0,0.555,0.0,0.0,0.0,0.555,0.0,0.0,0.0,1.92,2
1474476232357186734,261,1474476232358854979,gps_origin,0,1,39.7174216667,2.58631,2.0,0.5,0.0,0.0,0.0,0.5,0.0,0.0,0.0,1.92,2
1474476233348344518,262,1474476233353059216,gps_origin,0,1,39.7174216667,2.58631,3.0,0.5,0.0,0.0,0.0,0.5,0.0,0.0,0.0,0.89,2
1474476234360831981,263,1474476234363119280,gps_origin,0,1,39.7174216667,2.58631,3.0,0.5,0.0,0.0,0.0,0.5,0.0,0.0,0.0,0.89,2
1474476235348688982,264,1474476235353112938,gps_origin,0,1,39.7174216667,2.58631,2.0,0.5,0.0,0.0,0.0,0.5,0.0,0.0,0.0,0.89,2
1474476236358457453,265,1474476236362020783,gps_origin,0,1,39.7174216667,2.58631,2.0,0.5,0.0,0.0,0.0,0.5,0.0,0.0,0.0,0.89,2
1474476237345554683,266,1474476237353357516,gps_origin,0,1,39.7174216667,2.58631,3.0,0.5,0.0,0.0,0.0,0.5,0.0,0.0,0.0,0.89,2
1474476238359093202,267,1474476238361468441,gps_origin,0,1,39.71742,2.58631,3.0,0.5,0.0,0.0,0.0,0.5,0.0,0.0,0.0,0.89,2
1474476239351379639,268,1474476239353869252,gps_origin,0,1,39.71742,2.58630833333,2.0,0.5,0.0,0.0,0.0,0.5,0.0,0.0,0.0,0.89,2
1474476240338236632,269,1474476240345292702,gps_origin,0,1,39.71742,2.58630833333,2.0,0.555,0.0,0.0,0.0,0.555,0.0,0.0,0.0,0.89,2
1474476241354065788,270,1474476241361826501,gps_origin,0,1,39.71742,2.58630833333,2.0,0.5,0.0,0.0,0.0,0.5,0.0,0.0,0.0,1.93,2
1474476242358413635,271,1474476242358572922,gps_origin,0,1,39.71742,2.58631,2.0,0.5,0.0,0.0,0.0,0.5,0.0,0.0,0.0,0.89,2
1474476243346311868,272,1474476243351689794,gps_origin,0,1,39.71742,2.58630833333,1.0,0.5,0.0,0.0,0.0,0.5,0.0,0.0,0.0,0.89,2
1474476244352496676,273,1474476244357891004,gps_origin,0,1,39.7174183333,2.58630833333,1.0,0.555,0.0,0.0,0.0,0.555,0.0,0.0,0.0,0.89,2
1474476245346318754,274,1474476245352673351,gps_origin,0,1,39.7174183333,2.58630833333,1.0,0.5,0.0,0.0,0.0,0.5,0.0,0.0,0.0,1.93,2
1474476246347086555,275,1474476246353545086,gps_origin,0,1,39.7174183333,2.58630833333,2.0,0.5,0.0,0.0,0.0,0.5,0.0,0.0,0.0,0.89,2
1474476247345920095,276,1474476247350165288,gps_origin,0,1,39.7174183333,2.58630833333,1.0,0.5,0.0,0.0,0.0,0.5,0.0,0.0,0.0,0.89,2
1474476248348755498,277,1474476248357030999,gps_origin,0,1,39.7174183333,2.58630833333,1.0,0.5,0.0,0.0,0.0,0.5,0.0,0.0,0.0,0.89,2
1474476249344067777,278,1474476249352172272,gps_origin,0,1,39.7174183333,2.58630833333,2.0,0.5,0.0,0.0,0.0,0.5,0.0,0.0,0.0,0.89,2
1474476250348608980,279,1474476250353363554,gps_origin,0,1,39.7174183333,2.58630833333,1.0,0.5,0.0,0.0,0.0,0.5,0.0,0.0,0.0,0.89,2
1474476251351387556,280,1474476251351739562,gps_origin,0,1,39.7174183333,2.58630666667,2.0,0.5,0.0,0.0,0.0,0.5,0.0,0.0,0.0,0.89,2
1474476252358495716,281,1474476252362340530,gps_origin,0,1,39.7174183333,2.58630666667,2.0,0.5,0.0,0.0,0.0,0.5,0.0,0.0,0.0,0.89,2
1474476253340180008,282,1474476253344365080,gps_origin,0,1,39.7174183333,2.58630666667,2.0,0.5,0.0,0.0,0.0,0.5,0.0,0.0,0.0,0.89,2
1474476254362983625,283,1474476254364390607,gps_origin,0,1,39.7174183333,2.58630666667,2.0,0.5,0.0,0.0,0.0,0.5,0.0,0.0,0.0,0.89,2
1474476255354528713,284,1474476255360667867,gps_origin,0,1,39.7174183333,2.58630666667,2.0,0.5,0.0,0.0,0.0,0.5,0.0,0.0,0.0,0.89,2
1474476256358584030,285,1474476256359808512,gps_origin,0,1,39.7174183333,2.58630666667,2.0,0.555,0.0,0.0,0.0,0.555,0.0,0.0,0.0,0.89,2
1474476257345482039,286,1474476257348117160,gps_origin,0,1,39.7174183333,2.58630666667,2.0,0.555,0.0,0.0,0.0,0.555,0.0,0.0,0.0,1.93,2
1474476258350592440,287,1474476258361343764,gps_origin,0,1,39.7174183333,2.58630666667,2.0,0.5,0.0,0.0,0.0,0.5,0.0,0.0,0.0,1.92,2
1474476259347427410,288,1474476259349716167,gps_origin,0,1,39.7174183333,2.586305,2.0,0.5,0.0,0.0,0.0,0.5,0.0,0.0,0.0,0.89,2
1474476260361810600,289,1474476260362479531,gps_origin,0,1,39.7174183333,2.586305,3.0,0.5,0.0,0.0,0.0,0.5,0.0,0.0,0.0,0.89,2
1474476261340097432,290,1474476261344687112,gps_origin,0,1,39.7174183333,2.586305,3.0,0.555,0.0,0.0,0.0,0.555,0.0,0.0,0.0,0.89,2
1474476262348660848,291,1474476262356254087,gps_origin,0,1,39.7174183333,2.586305,3.0,0.5,0.0,0.0,0.0,0.5,0.0,0.0,0.0,1.93,2
1474476263347119504,292,1474476263350012107,gps_origin,0,1,39.7174183333,2.586305,3.0,0.5,0.0,0.0,0.0,0.5,0.0,0.0,0.0,0.89,2
1474476264355568757,293,1474476264361096096,gps_origin,0,1,39.7174183333,2.586305,3.0,0.555,0.0,0.0,0.0,0.555,0.0,0.0,0.0,0.89,2
1474476265344733292,294,1474476265346903981,gps_origin,0,1,39.7174183333,2.586305,3.0,0.555,0.0,0.0,0.0,0.555,0.0,0.0,0.0,1.93,2
1474476266357507608,295,1474476266366221116,gps_origin,0,1,39.7174183333,2.586305,3.0,0.5,0.0,0.0,0.0,0.5,0.0,0.0,0.0,1.93,2
1474476267352931238,296,1474476267359455632,gps_origin,0,1,39.7174183333,2.586305,3.0,0.555,0.0,0.0,0.0,0.555,0.0,0.0,0.0,0.89,2
1474476268347515687,297,1474476268344399853,gps_origin,0,1,39.7174183333,2.586305,3.0,0.5,0.0,0.0,0.0,0.5,0.0,0.0,0.0,1.93,2
1474476269347607394,298,1474476269355140993,gps_origin,0,1,39.7174183333,2.586305,2.0,0.5,0.0,0.0,0.0,0.5,0.0,0.0,0.0,0.89,2
1474476270358907903,299,1474476270358527435,gps_origin,0,1,39.7174183333,2.586305,3.0,0.5,0.0,0.0,0.0,0.5,0.0,0.0,0.0,0.89,2
1474476271341327708,300,1474476271343032552,gps_origin,0,1,39.7174183333,2.586305,3.0,0.555,0.0,0.0,0.0,0.555,0.0,0.0,0.0,0.89,2
