%time,field.header.seq,field.header.stamp,field.header.frame_id,field.pose.pose.position.x,field.pose.pose.position.y,field.pose.pose.position.z,field.pose.pose.orientation.x,field.pose.pose.orientation.y,field.pose.pose.orientation.z,field.pose.pose.orientation.w,field.pose.covariance0,field.pose.covariance1,field.pose.covariance2,field.pose.covariance3,field.pose.covariance4,field.pose.covariance5,field.pose.covariance6,field.pose.covariance7,field.pose.covariance8,field.pose.covariance9,field.pose.covariance10,field.pose.covariance11,field.pose.covariance12,field.pose.covariance13,field.pose.covariance14,field.pose.covariance15,field.pose.covariance16,field.pose.covariance17,field.pose.covariance18,field.pose.covariance19,field.pose.covariance20,field.pose.covariance21,field.pose.covariance22,field.pose.covariance23,field.pose.covariance24,field.pose.covariance25,field.pose.covariance26,field.pose.covariance27,field.pose.covariance28,field.pose.covariance29,field.pose.covariance30,field.pose.covariance31,field.pose.covariance32,field.pose.covariance33,field.pose.covariance34,field.pose.covariance35
1474475501794238953,0,1474475501766743422,modem_origin,-26.16828,-26.284827,1.1673,0.0992785142488,-0.0225849749592,0.590998049554,0.800221844827,6.0,0.0,0.0,0.0,0.0,0.0,0.0,6.0,0.0,0.0,0.0,0.0,0.0,0.0,6.0,0.0,0.0,0.0,0.0,0.0,0.0,0.0,0.0,0.0,0.0,0.0,0.0,0.0,0.0,0.0,0.0,0.0,0.0,0.0,0.0,0.0
1474475503344271248,1,1474475503323553324,modem_origin,-26.49178,-26.326626,1.8258,0.087847493473,-0.0426376440357,0.550756153743,0.828934562144,6.0,0.0,0.0,0.0,0.0,0.0,0.0,6.0,0.0,0.0,0.0,0.0,0.0,0.0,6.0,0.0,0.0,0.0,0.0,0.0,0.0,0.0,0.0,0.0,0.0,0.0,0.0,0.0,0.0,0.0,0.0,0.0,0.0,0.0,0.0,0.0
1474475504798857602,2,1474475504765833139,modem_origin,-26.27428,-26.150326,1.1872,0.0410036933655,-0.0364329021237,0.534595626059,0.843326068239,6.0,0.0,0.0,0.0,0.0,0.0,0.0,6.0,0.0,0.0,0.0,0.0,0.0,0.0,6.0,0.0,0.0,0.0,0.0,0.0,0.0,0.0,0.0,0.0,0.0,0.0,0.0,0.0,0.0,0.0,0.0,0.0,0.0,0.0,0.0,0.0
1474475507242017763,3,1474475507203548670,modem_origin,-26.18718,-25.889826,1.7202,0.0108587809813,0.0189058783232,0.509568007094,0.860154114555,6.0,0.0,0.0,0.0,0.0,0.0,0.0,6.0,0.0,0.0,0.0,0.0,0.0,0.0,6.0,0.0,0.0,0.0,0.0,0.0,0.0,0.0,0.0,0.0,0.0,0.0,0.0,0.0,0.0,0.0,0.0,0.0,0.0,0.0,0.0,0.0
1474475508644741551,4,1474475508608140945,modem_origin,-26.00358,-25.491126,1.6524,-0.000161676430932,0.0357626292896,0.510943995918,0.858869746377,6.0,0.0,0.0,0.0,0.0,0.0,0.0,6.0,0.0,0.0,0.0,0.0,0.0,0.0,6.0,0.0,0.0,0.0,0.0,0.0,0.0,0.0,0.0,0.0,0.0,0.0,0.0,0.0,0.0,0.0,0.0,0.0,0.0,0.0,0.0,0.0
1474475510099636856,5,1474475510083561659,modem_origin,-26.18068,-25.456227,2.0746,0.027835029285,0.0613849040498,0.514349213414,0.854928062097,6.0,0.0,0.0,0.0,0.0,0.0,0.0,6.0,0.0,0.0,0.0,0.0,0.0,0.0,6.0,0.0,0.0,0.0,0.0,0.0,0.0,0.0,0.0,0.0,0.0,0.0,0.0,0.0,0.0,0.0,0.0,0.0,0.0,0.0,0.0,0.0
1474475511395363267,6,1474475511364615202,modem_origin,-26.08778,-25.228627,2.1114,0.0223466148151,0.0352606464699,0.501070901044,0.864398789763,6.0,0.0,0.0,0.0,0.0,0.0,0.0,6.0,0.0,0.0,0.0,0.0,0.0,0.0,6.0,0.0,0.0,0.0,0.0,0.0,0.0,0.0,0.0,0.0,0.0,0.0,0.0,0.0,0.0,0.0,0.0,0.0,0.0,0.0,0.0,0.0
1474475512828802465,7,1474475512806263447,modem_origin,-25.81148,-25.023827,1.6755,0.0165840181659,0.047267783767,0.501147026739,0.863911097596,6.0,0.0,0.0,0.0,0.0,0.0,0.0,6.0,0.0,0.0,0.0,0.0,0.0,0.0,6.0,0.0,0.0,0.0,0.0,0.0,0.0,0.0,0.0,0.0,0.0,0.0,0.0,0.0,0.0,0.0,0.0,0.0,0.0,0.0,0.0,0.0
1474475515178874216,8,1474475515166775942,modem_origin,-25.527879,-25.023934,2.0733,0.0202761219584,0.0344281952491,0.48900024839,0.871368082572,6.0,0.0,0.0,0.0,0.0,0.0,0.0,6.0,0.0,0.0,0.0,0.0,0.0,0.0,6.0,0.0,0.0,0.0,0.0,0.0,0.0,0.0,0.0,0.0,0.0,0.0,0.0,0.0,0.0,0.0,0.0,0.0,0.0,0.0,0.0,0.0
1474475516638857030,9,1474475516603547812,modem_origin,-25.489079,-24.693033,1.9481,0.0319274369452,0.0455418952971,0.49009137386,0.869894832615,6.0,0.0,0.0,0.0,0.0,0.0,0.0,6.0,0.0,0.0,0.0,0.0,0.0,0.0,6.0,0.0,0.0,0.0,0.0,0.0,0.0,0.0,0.0,0.0,0.0,0.0,0.0,0.0,0.0,0.0,0.0,0.0,0.0,0.0,0.0,0.0
1474475517959602289,10,1474475517926038265,modem_origin,-25.63318,-24.651433,1.765,0.041443971448,0.0234660361551,0.464157731205,0.884471222223,6.0,0.0,0.0,0.0,0.0,0.0,0.0,6.0,0.0,0.0,0.0,0.0,0.0,0.0,6.0,0.0,0.0,0.0,0.0,0.0,0.0,0.0,0.0,0.0,0.0,0.0,0.0,0.0,0.0,0.0,0.0,0.0,0.0,0.0,0.0,0.0
1474475519383441898,11,1474475519363555908,modem_origin,-25.529179,-24.543134,2.0091,0.032339405982,0.0278926300967,0.469285873187,0.882013000604,6.0,0.0,0.0,0.0,0.0,0.0,0.0,6.0,0.0,0.0,0.0,0.0,0.0,0.0,6.0,0.0,0.0,0.0,0.0,0.0,0.0,0.0,0.0,0.0,0.0,0.0,0.0,0.0,0.0,0.0,0.0,0.0,0.0,0.0,0.0,0.0
1474475520759290510,12,1474475520728737116,modem_origin,-25.239279,-24.295934,2.1544,0.0415307114854,0.0275238074003,0.454176941274,0.889517254495,6.0,0.0,0.0,0.0,0.0,0.0,0.0,6.0,0.0,0.0,0.0,0.0,0.0,0.0,6.0,0.0,0.0,0.0,0.0,0.0,0.0,0.0,0.0,0.0,0.0,0.0,0.0,0.0,0.0,0.0,0.0,0.0,0.0,0.0,0.0,0.0
1474475522899857028,13,1474475522885774612,modem_origin,-25.314479,-24.296933,1.6399,0.0329265618867,0.0474685149636,0.451756937462,0.89026863983,6.0,0.0,0.0,0.0,0.0,0.0,0.0,6.0,0.0,0.0,0.0,0.0,0.0,0.0,6.0,0.0,0.0,0.0,0.0,0.0,0.0,0.0,0.0,0.0,0.0,0.0,0.0,0.0,0.0,0.0,0.0,0.0,0.0,0.0,0.0,0.0
1474475524350610877,14,1474475524323556423,modem_origin,-25.301479,-24.231334,2.1573,0.0138829690966,0.0404179504774,0.437253358819,0.89832241019,6.0,0.0,0.0,0.0,0.0,0.0,0.0,6.0,0.0,0.0,0.0,0.0,0.0,0.0,6.0,0.0,0.0,0.0,0.0,0.0,0.0,0.0,0.0,0.0,0.0,0.0,0.0,0.0,0.0,0.0,0.0,0.0,0.0,0.0,0.0,0.0
1474475525752919877,15,1474475525723599911,modem_origin,-24.999779,-24.018234,1.9252,0.0004334794328,0.0676484524487,0.431227411474,0.899703517038,6.0,0.0,0.0,0.0,0.0,0.0,0.0,6.0,0.0,0.0,0.0,0.0,0.0,0.0,6.0,0.0,0.0,0.0,0.0,0.0,0.0,0.0,0.0,0.0,0.0,0.0,0.0,0.0,0.0,0.0,0.0,0.0,0.0,0.0,0.0,0.0
1474475527391005894,16,1474475527366758823,modem_origin,-24.934279,-23.855133,2.3458,0.0139527567284,0.0431313489499,0.427450356281,0.902901545149,6.0,0.0,0.0,0.0,0.0,0.0,0.0,6.0,0.0,0.0,0.0,0.0,0.0,0.0,6.0,0.0,0.0,0.0,0.0,0.0,0.0,0.0,0.0,0.0,0.0,0.0,0.0,0.0,0.0,0.0,0.0,0.0,0.0,0.0,0.0,0.0
1474475528739083646,17,1474475528727578640,modem_origin,-24.93128,-23.805233,2.2592,0.0426500390974,0.0393845680612,0.420243731621,0.905552337525,6.0,0.0,0.0,0.0,0.0,0.0,0.0,6.0,0.0,0.0,0.0,0.0,0.0,0.0,6.0,0.0,0.0,0.0,0.0,0.0,0.0,0.0,0.0,0.0,0.0,0.0,0.0,0.0,0.0,0.0,0.0,0.0,0.0,0.0,0.0,0.0
1474475531701130671,18,1474475531643556595,modem_origin,-24.846079,-23.739534,2.4345,0.0665143426104,-0.00756150849132,0.401726385563,0.913309682944,6.0,0.0,0.0,0.0,0.0,0.0,0.0,6.0,0.0,0.0,0.0,0.0,0.0,0.0,6.0,0.0,0.0,0.0,0.0,0.0,0.0,0.0,0.0,0.0,0.0,0.0,0.0,0.0,0.0,0.0,0.0,0.0,0.0,0.0,0.0,0.0
1474475534278019224,19,1474475534243554115,modem_origin,-25.13738,-23.658834,1.9024,0.055638220651,0.0270788143133,0.399265227694,0.914744994068,6.0,0.0,0.0,0.0,0.0,0.0,0.0,6.0,0.0,0.0,0.0,0.0,0.0,0.0,6.0,0.0,0.0,0.0,0.0,0.0,0.0,0.0,0.0,0.0,0.0,0.0,0.0,0.0,0.0,0.0,0.0,0.0,0.0,0.0,0.0,0.0
1474475535722926161,20,1474475535702475309,modem_origin,-24.797179,-23.675534,2.1746,0.0238410521869,0.039326414581,0.371885876379,0.927138572327,6.0,0.0,0.0,0.0,0.0,0.0,0.0,6.0,0.0,0.0,0.0,0.0,0.0,0.0,6.0,0.0,0.0,0.0,0.0,0.0,0.0,0.0,0.0,0.0,0.0,0.0,0.0,0.0,0.0,0.0,0.0,0.0,0.0,0.0,0.0,0.0
1474475537341066253,21,1474475537286487818,modem_origin,-24.537779,-23.470034,2.0992,0.00950664311116,0.0612639022751,0.374199871037,0.925273372864,6.0,0.0,0.0,0.0,0.0,0.0,0.0,6.0,0.0,0.0,0.0,0.0,0.0,0.0,6.0,0.0,0.0,0.0,0.0,0.0,0.0,0.0,0.0,0.0,0.0,0.0,0.0,0.0,0.0,0.0,0.0,0.0,0.0,0.0,0.0,0.0
1474475539199283765,22,1474475539166985273,modem_origin,-24.736779,-23.350634,2.3713,0.0379364763179,0.0341948659782,0.365910171606,0.929247696376,6.0,0.0,0.0,0.0,0.0,0.0,0.0,6.0,0.0,0.0,0.0,0.0,0.0,0.0,6.0,0.0,0.0,0.0,0.0,0.0,0.0,0.0,0.0,0.0,0.0,0.0,0.0,0.0,0.0,0.0,0.0,0.0,0.0,0.0,0.0,0.0
1474475540563899082,23,1474475540523743391,modem_origin,-24.897279,-23.377734,1.9076,0.0754572548746,0.0228172066951,0.367394676575,0.926718257827,6.0,0.0,0.0,0.0,0.0,0.0,0.0,6.0,0.0,0.0,0.0,0.0,0.0,0.0,6.0,0.0,0.0,0.0,0.0,0.0,0.0,0.0,0.0,0.0,0.0,0.0,0.0,0.0,0.0,0.0,0.0,0.0,0.0,0.0,0.0,0.0
1474475541977308519,24,1474475541931031227,modem_origin,-24.605332,-23.255232,1.7639,0.0436513794675,-0.0065588032131,0.355740760333,0.933541670526,6.0,0.0,0.0,0.0,0.0,0.0,0.0,6.0,0.0,0.0,0.0,0.0,0.0,0.0,6.0,0.0,0.0,0.0,0.0,0.0,0.0,0.0,0.0,0.0,0.0,0.0,0.0,0.0,0.0,0.0,0.0,0.0,0.0,0.0,0.0,0.0
1474475543364767480,25,1474475543326002359,modem_origin,-24.294132,-23.269233,2.2566,0.0727843528192,0.0313538478532,0.366715029707,0.92695170381,6.0,0.0,0.0,0.0,0.0,0.0,0.0,6.0,0.0,0.0,0.0,0.0,0.0,0.0,6.0,0.0,0.0,0.0,0.0,0.0,0.0,0.0,0.0,0.0,0.0,0.0,0.0,0.0,0.0,0.0,0.0,0.0,0.0,0.0,0.0,0.0
1474475544653616671,26,1474475544608362913,modem_origin,-24.247932,-23.296433,2.2245,0.0474787927382,0.0522005391232,0.355888109825,0.931860784259,6.0,0.0,0.0,0.0,0.0,0.0,0.0,6.0,0.0,0.0,0.0,0.0,0.0,0.0,6.0,0.0,0.0,0.0,0.0,0.0,0.0,0.0,0.0,0.0,0.0,0.0,0.0,0.0,0.0,0.0,0.0,0.0,0.0,0.0,0.0,0.0
1474475547614085929,27,1474475547568225861,modem_origin,-24.678732,-23.194733,1.9486,-0.0157162832695,0.110260582349,0.37986678903,0.918311943194,6.0,0.0,0.0,0.0,0.0,0.0,0.0,6.0,0.0,0.0,0.0,0.0,0.0,0.0,6.0,0.0,0.0,0.0,0.0,0.0,0.0,0.0,0.0,0.0,0.0,0.0,0.0,0.0,0.0,0.0,0.0,0.0,0.0,0.0,0.0,0.0
1474475550397647651,28,1474475550366100311,modem_origin,-24.495332,-23.146632,2.3327,0.0247775164534,0.0547664591066,0.347732217298,0.935665012004,6.0,0.0,0.0,0.0,0.0,0.0,0.0,6.0,0.0,0.0,0.0,0.0,0.0,0.0,6.0,0.0,0.0,0.0,0.0,0.0,0.0,0.0,0.0,0.0,0.0,0.0,0.0,0.0,0.0,0.0,0.0,0.0,0.0,0.0,0.0,0.0
1474475551780009005,29,1474475551765822411,modem_origin,-24.127132,-23.084533,2.0111,0.00758385574386,0.0713654002333,0.338238105284,0.938320014129,6.0,0.0,0.0,0.0,0.0,0.0,0.0,6.0,0.0,0.0,0.0,0.0,0.0,0.0,6.0,0.0,0.0,0.0,0.0,0.0,0.0,0.0,0.0,0.0,0.0,0.0,0.0,0.0,0.0,0.0,0.0,0.0,0.0,0.0,0.0,0.0
1474475553427090821,30,1474475553403883934,modem_origin,-24.495532,-23.162632,2.699,0.0151467721584,0.0719731533188,0.36636053689,0.927561533001,6.0,0.0,0.0,0.0,0.0,0.0,0.0,6.0,0.0,0.0,0.0,0.0,0.0,0.0,6.0,0.0,0.0,0.0,0.0,0.0,0.0,0.0,0.0,0.0,0.0,0.0,0.0,0.0,0.0,0.0,0.0,0.0,0.0,0.0,0.0,0.0
1474475554868650362,31,1474475554843557596,modem_origin,-24.533732,-23.059633,2.1932,0.0133040732224,0.10485104999,0.367486103118,0.924003908524,6.0,0.0,0.0,0.0,0.0,0.0,0.0,6.0,0.0,0.0,0.0,0.0,0.0,0.0,6.0,0.0,0.0,0.0,0.0,0.0,0.0,0.0,0.0,0.0,0.0,0.0,0.0,0.0,0.0,0.0,0.0,0.0,0.0,0.0,0.0,0.0
1474475556400246487,32,1474475556363548040,modem_origin,-24.573632,-23.030333,1.6629,-0.0329084761045,0.133866048339,0.309523133702,0.940846609712,6.0,0.0,0.0,0.0,0.0,0.0,0.0,6.0,0.0,0.0,0.0,0.0,0.0,0.0,6.0,0.0,0.0,0.0,0.0,0.0,0.0,0.0,0.0,0.0,0.0,0.0,0.0,0.0,0.0,0.0,0.0,0.0,0.0,0.0,0.0,0.0
1474475557819735992,33,1474475557763523102,modem_origin,-24.371732,-22.905933,1.6675,-0.0462941965737,0.113348899945,0.268421336083,0.955488807145,6.0,0.0,0.0,0.0,0.0,0.0,0.0,6.0,0.0,0.0,0.0,0.0,0.0,0.0,6.0,0.0,0.0,0.0,0.0,0.0,0.0,0.0,0.0,0.0,0.0,0.0,0.0,0.0,0.0,0.0,0.0,0.0,0.0,0.0,0.0,0.0
1474475560451911834,34,1474475560403551817,modem_origin,-24.420032,-22.859633,1.7824,0.0320715170164,0.0698952665399,0.315464694472,0.945816100547,6.0,0.0,0.0,0.0,0.0,0.0,0.0,6.0,0.0,0.0,0.0,0.0,0.0,0.0,6.0,0.0,0.0,0.0,0.0,0.0,0.0,0.0,0.0,0.0,0.0,0.0,0.0,0.0,0.0,0.0,0.0,0.0,0.0,0.0,0.0,0.0
1474475561842502308,35,1474475561803549051,modem_origin,-23.981732,-22.679033,2.0228,0.0552315382503,0.0386177826106,0.311760448956,0.947767675391,6.0,0.0,0.0,0.0,0.0,0.0,0.0,6.0,0.0,0.0,0.0,0.0,0.0,0.0,6.0,0.0,0.0,0.0,0.0,0.0,0.0,0.0,0.0,0.0,0.0,0.0,0.0,0.0,0.0,0.0,0.0,0.0,0.0,0.0,0.0,0.0
1474475563352362743,36,1474475563323805571,modem_origin,-24.118132,-22.767733,1.9946,0.00111285343873,0.0495124086092,0.261763357074,0.963860585274,6.0,0.0,0.0,0.0,0.0,0.0,0.0,6.0,0.0,0.0,0.0,0.0,0.0,0.0,6.0,0.0,0.0,0.0,0.0,0.0,0.0,0.0,0.0,0.0,0.0,0.0,0.0,0.0,0.0,0.0,0.0,0.0,0.0,0.0,0.0,0.0
1474475564775144131,37,1474475564723823071,modem_origin,-23.989432,-22.842033,1.5986,0.010637033848,0.102821609747,0.271512374177,0.956867598338,6.0,0.0,0.0,0.0,0.0,0.0,0.0,6.0,0.0,0.0,0.0,0.0,0.0,0.0,6.0,0.0,0.0,0.0,0.0,0.0,0.0,0.0,0.0,0.0,0.0,0.0,0.0,0.0,0.0,0.0,0.0,0.0,0.0,0.0,0.0,0.0
1474475566379140940,38,1474475566328247547,modem_origin,-23.984632,-22.739733,2.5037,0.00960377248372,0.0976517106579,0.271926844048,0.957302304628,6.0,0.0,0.0,0.0,0.0,0.0,0.0,6.0,0.0,0.0,0.0,0.0,0.0,0.0,6.0,0.0,0.0,0.0,0.0,0.0,0.0,0.0,0.0,0.0,0.0,0.0,0.0,0.0,0.0,0.0,0.0,0.0,0.0,0.0,0.0,0.0
1474475568276558535,39,1474475568243553877,modem_origin,-23.744032,-22.687733,2.196,0.0240601806069,0.0923357104676,0.268451211455,0.958555773729,6.0,0.0,0.0,0.0,0.0,0.0,0.0,6.0,0.0,0.0,0.0,0.0,0.0,0.0,6.0,0.0,0.0,0.0,0.0,0.0,0.0,0.0,0.0,0.0,0.0,0.0,0.0,0.0,0.0,0.0,0.0,0.0,0.0,0.0,0.0,0.0
1474475569648770087,40,1474475569606137514,modem_origin,-23.908832,-22.837333,1.9936,0.0135529407403,0.110889688851,0.252001946985,0.961256892521,6.0,0.0,0.0,0.0,0.0,0.0,0.0,6.0,0.0,0.0,0.0,0.0,0.0,0.0,6.0,0.0,0.0,0.0,0.0,0.0,0.0,0.0,0.0,0.0,0.0,0.0,0.0,0.0,0.0,0.0,0.0,0.0,0.0,0.0,0.0,0.0
1474475572324806360,41,1474475572286141872,modem_origin,-23.793232,-22.863933,1.8409,0.0361199757795,0.0621839093294,0.246675592775,0.96642623138,6.0,0.0,0.0,0.0,0.0,0.0,0.0,6.0,0.0,0.0,0.0,0.0,0.0,0.0,6.0,0.0,0.0,0.0,0.0,0.0,0.0,0.0,0.0,0.0,0.0,0.0,0.0,0.0,0.0,0.0,0.0,0.0,0.0,0.0,0.0,0.0
1474475573699473924,42,1474475573645753384,modem_origin,-23.540532,-22.745432,1.7046,0.040928318299,0.0621728997823,0.219472794106,0.972774946193,6.0,0.0,0.0,0.0,0.0,0.0,0.0,6.0,0.0,0.0,0.0,0.0,0.0,0.0,6.0,0.0,0.0,0.0,0.0,0.0,0.0,0.0,0.0,0.0,0.0,0.0,0.0,0.0,0.0,0.0,0.0,0.0,0.0,0.0,0.0,0.0
1474475577067496883,43,1474475577004526854,modem_origin,-23.465432,-22.742832,1.49,0.0334801231682,0.0631580959007,0.219566298303,0.97297521907,6.0,0.0,0.0,0.0,0.0,0.0,0.0,6.0,0.0,0.0,0.0,0.0,0.0,0.0,6.0,0.0,0.0,0.0,0.0,0.0,0.0,0.0,0.0,0.0,0.0,0.0,0.0,0.0,0.0,0.0,0.0,0.0,0.0,0.0,0.0,0.0
1474475578377670135,44,1474475578326940775,modem_origin,-23.679132,-22.773333,2.0989,0.0292415011536,0.0462693101529,0.183085626682,0.981572075219,6.0,0.0,0.0,0.0,0.0,0.0,0.0,6.0,0.0,0.0,0.0,0.0,0.0,0.0,6.0,0.0,0.0,0.0,0.0,0.0,0.0,0.0,0.0,0.0,0.0,0.0,0.0,0.0,0.0,0.0,0.0,0.0,0.0,0.0,0.0,0.0
1474475579812439973,45,1474475579763556719,modem_origin,-23.530732,-22.762733,1.9179,0.0499248539381,0.0321456581705,0.18532865175,0.980880959373,6.0,0.0,0.0,0.0,0.0,0.0,0.0,6.0,0.0,0.0,0.0,0.0,0.0,0.0,6.0,0.0,0.0,0.0,0.0,0.0,0.0,0.0,0.0,0.0,0.0,0.0,0.0,0.0,0.0,0.0,0.0,0.0,0.0,0.0,0.0,0.0
1474475581319144754,46,1474475581285700798,modem_origin,-23.424932,-22.796132,2.2374,0.0420442918495,0.0509067838092,0.183914479386,0.980722305833,6.0,0.0,0.0,0.0,0.0,0.0,0.0,6.0,0.0,0.0,0.0,0.0,0.0,0.0,6.0,0.0,0.0,0.0,0.0,0.0,0.0,0.0,0.0,0.0,0.0,0.0,0.0,0.0,0.0,0.0,0.0,0.0,0.0,0.0,0.0,0.0
1474475582746989648,47,1474475582685702324,modem_origin,-23.377132,-22.875233,1.9545,0.0463488678152,0.0563580864068,0.191890599075,0.978699926706,6.0,0.0,0.0,0.0,0.0,0.0,0.0,6.0,0.0,0.0,0.0,0.0,0.0,0.0,6.0,0.0,0.0,0.0,0.0,0.0,0.0,0.0,0.0,0.0,0.0,0.0,0.0,0.0,0.0,0.0,0.0,0.0,0.0,0.0,0.0,0.0
1474475584345323675,48,1474475584286696434,modem_origin,-23.421732,-22.904033,1.7706,0.0507677918497,0.0280254546431,0.187531621745,0.980545305454,6.0,0.0,0.0,0.0,0.0,0.0,0.0,6.0,0.0,0.0,0.0,0.0,0.0,0.0,6.0,0.0,0.0,0.0,0.0,0.0,0.0,0.0,0.0,0.0,0.0,0.0,0.0,0.0,0.0,0.0,0.0,0.0,0.0,0.0,0.0,0.0
1474475586194547782,49,1474475586165676832,modem_origin,-23.546932,-22.935633,1.3866,0.0412839129047,0.0265022289585,0.169755832576,0.984264307847,6.0,0.0,0.0,0.0,0.0,0.0,0.0,6.0,0.0,0.0,0.0,0.0,0.0,0.0,6.0,0.0,0.0,0.0,0.0,0.0,0.0,0.0,0.0,0.0,0.0,0.0,0.0,0.0,0.0,0.0,0.0,0.0,0.0,0.0,0.0,0.0
1474475588991367320,50,1474475588963549852,modem_origin,-23.470732,-22.843533,2.0844,0.0211277909068,0.0965892926669,0.15246206364,0.98335112963,6.0,0.0,0.0,0.0,0.0,0.0,0.0,6.0,0.0,0.0,0.0,0.0,0.0,0.0,6.0,0.0,0.0,0.0,0.0,0.0,0.0,0.0,0.0,0.0,0.0,0.0,0.0,0.0,0.0,0.0,0.0,0.0,0.0,0.0,0.0,0.0
1474475591239929416,51,1474475591206994772,modem_origin,-23.638532,-23.013132,1.6896,0.00578281838299,0.114608233984,0.143558117683,0.982966214354,6.0,0.0,0.0,0.0,0.0,0.0,0.0,6.0,0.0,0.0,0.0,0.0,0.0,0.0,6.0,0.0,0.0,0.0,0.0,0.0,0.0,0.0,0.0,0.0,0.0,0.0,0.0,0.0,0.0,0.0,0.0,0.0,0.0,0.0,0.0,0.0
1474475592684160019,52,1474475592643560648,modem_origin,-23.351432,-22.936632,1.6648,0.0175394998929,0.0943196411228,0.142227622297,0.985173829686,6.0,0.0,0.0,0.0,0.0,0.0,0.0,6.0,0.0,0.0,0.0,0.0,0.0,0.0,6.0,0.0,0.0,0.0,0.0,0.0,0.0,0.0,0.0,0.0,0.0,0.0,0.0,0.0,0.0,0.0,0.0,0.0,0.0,0.0,0.0,0.0
1474475602477538176,53,1474475602445784330,modem_origin,-23.544032,-20.892332,2.2322,0.099285734439,0.0602816165682,0.966426880393,0.229188905698,6.0,0.0,0.0,0.0,0.0,0.0,0.0,6.0,0.0,0.0,0.0,0.0,0.0,0.0,6.0,0.0,0.0,0.0,0.0,0.0,0.0,0.0,0.0,0.0,0.0,0.0,0.0,0.0,0.0,0.0,0.0,0.0,0.0,0.0,0.0,0.0
1474475604399632158,54,1474475604363505840,modem_origin,-24.061432,-20.930533,2.6095,0.0957182187516,0.0971877896532,0.990326246169,0.0254260159956,6.0,0.0,0.0,0.0,0.0,0.0,0.0,6.0,0.0,0.0,0.0,0.0,0.0,0.0,6.0,0.0,0.0,0.0,0.0,0.0,0.0,0.0,0.0,0.0,0.0,0.0,0.0,0.0,0.0,0.0,0.0,0.0,0.0,0.0,0.0,0.0
1474475605771032265,55,1474475605727338076,modem_origin,-24.810132,-20.900933,2.3793,-0.105639269881,-0.0331876437537,-0.988599984413,0.102024486182,6.0,0.0,0.0,0.0,0.0,0.0,0.0,6.0,0.0,0.0,0.0,0.0,0.0,0.0,6.0,0.0,0.0,0.0,0.0,0.0,0.0,0.0,0.0,0.0,0.0,0.0,0.0,0.0,0.0,0.0,0.0,0.0,0.0,0.0,0.0,0.0
1474475607365970599,56,1474475607328018904,modem_origin,-25.406632,-20.971833,2.7825,-0.0582753441936,-0.109435914489,-0.95565321502,0.267123000696,6.0,0.0,0.0,0.0,0.0,0.0,0.0,6.0,0.0,0.0,0.0,0.0,0.0,0.0,6.0,0.0,0.0,0.0,0.0,0.0,0.0,0.0,0.0,0.0,0.0,0.0,0.0,0.0,0.0,0.0,0.0,0.0,0.0,0.0,0.0,0.0
1474475608754439487,57,1474475608728111744,modem_origin,-25.349732,-21.030333,2.7886,-0.0352398036614,-0.12021254226,-0.934082206424,0.334361380191,6.0,0.0,0.0,0.0,0.0,0.0,0.0,6.0,0.0,0.0,0.0,0.0,0.0,0.0,6.0,0.0,0.0,0.0,0.0,0.0,0.0,0.0,0.0,0.0,0.0,0.0,0.0,0.0,0.0,0.0,0.0,0.0,0.0,0.0,0.0,0.0
1474475610375348861,58,1474475610323558807,modem_origin,-25.793632,-21.274733,2.4595,-0.0135467150495,-0.08399640996,-0.940469607668,0.329056236347,6.0,0.0,0.0,0.0,0.0,0.0,0.0,6.0,0.0,0.0,0.0,0.0,0.0,0.0,6.0,0.0,0.0,0.0,0.0,0.0,0.0,0.0,0.0,0.0,0.0,0.0,0.0,0.0,0.0,0.0,0.0,0.0,0.0,0.0,0.0,0.0
1474475612295739762,59,1474475612243562460,modem_origin,-25.836632,-21.570633,2.0847,-0.00959660024981,-0.0470800968726,-0.958565641439,0.280790457094,6.0,0.0,0.0,0.0,0.0,0.0,0.0,6.0,0.0,0.0,0.0,0.0,0.0,0.0,6.0,0.0,0.0,0.0,0.0,0.0,0.0,0.0,0.0,0.0,0.0,0.0,0.0,0.0,0.0,0.0,0.0,0.0,0.0,0.0,0.0,0.0
1474475613718431835,60,1474475613686913729,modem_origin,-25.914184,-21.993032,2.1387,0.0104559178131,-0.00623424177315,-0.943519384636,0.331093610371,6.0,0.0,0.0,0.0,0.0,0.0,0.0,6.0,0.0,0.0,0.0,0.0,0.0,0.0,6.0,0.0,0.0,0.0,0.0,0.0,0.0,0.0,0.0,0.0,0.0,0.0,0.0,0.0,0.0,0.0,0.0,0.0,0.0,0.0,0.0,0.0
1474475616342863472,61,1474475616283549786,modem_origin,-26.457384,-22.302232,2.0492,0.0448221704673,-0.0285764703519,-0.917145855741,0.39499093366,6.0,0.0,0.0,0.0,0.0,0.0,0.0,6.0,0.0,0.0,0.0,0.0,0.0,0.0,6.0,0.0,0.0,0.0,0.0,0.0,0.0,0.0,0.0,0.0,0.0,0.0,0.0,0.0,0.0,0.0,0.0,0.0,0.0,0.0,0.0,0.0
1474475617732735193,62,1474475617683512926,modem_origin,-27.015784,-22.783232,1.7262,0.0311116531273,-0.0343882048429,-0.916914432733,0.396380422642,6.0,0.0,0.0,0.0,0.0,0.0,0.0,6.0,0.0,0.0,0.0,0.0,0.0,0.0,6.0,0.0,0.0,0.0,0.0,0.0,0.0,0.0,0.0,0.0,0.0,0.0,0.0,0.0,0.0,0.0,0.0,0.0,0.0,0.0,0.0,0.0
1474475620464577645,63,1474475620403632641,modem_origin,-27.100584,-23.273832,1.791,0.00181946855709,-0.0574012184031,-0.916103688984,0.396807032056,6.0,0.0,0.0,0.0,0.0,0.0,0.0,6.0,0.0,0.0,0.0,0.0,0.0,0.0,6.0,0.0,0.0,0.0,0.0,0.0,0.0,0.0,0.0,0.0,0.0,0.0,0.0,0.0,0.0,0.0,0.0,0.0,0.0,0.0,0.0,0.0
1474475621903783425,64,1474475621843549252,modem_origin,-27.343084,-23.703732,1.6281,-0.0117766830925,-0.0523730636944,-0.93263154669,0.356814755935,6.0,0.0,0.0,0.0,0.0,0.0,0.0,6.0,0.0,0.0,0.0,0.0,0.0,0.0,6.0,0.0,0.0,0.0,0.0,0.0,0.0,0.0,0.0,0.0,0.0,0.0,0.0,0.0,0.0,0.0,0.0,0.0,0.0,0.0,0.0,0.0
1474475623351376693,65,1474475623325645208,modem_origin,-27.697184,-23.982032,2.1119,-0.00819256933464,-0.0457802672374,-0.927921962075,0.369861975928,6.0,0.0,0.0,0.0,0.0,0.0,0.0,6.0,0.0,0.0,0.0,0.0,0.0,0.0,6.0,0.0,0.0,0.0,0.0,0.0,0.0,0.0,0.0,0.0,0.0,0.0,0.0,0.0,0.0,0.0,0.0,0.0,0.0,0.0,0.0,0.0
1474475627744144702,66,1474475627723905087,modem_origin,-28.225184,-24.458331,1.9657,-0.0304641160707,-0.0595452041638,-0.935111154636,0.347984819739,6.0,0.0,0.0,0.0,0.0,0.0,0.0,6.0,0.0,0.0,0.0,0.0,0.0,0.0,6.0,0.0,0.0,0.0,0.0,0.0,0.0,0.0,0.0,0.0,0.0,0.0,0.0,0.0,0.0,0.0,0.0,0.0,0.0,0.0,0.0,0.0
1474475629883283158,67,1474475629847011566,modem_origin,-28.562784,-24.901132,1.811,-0.0340128419193,-0.0606595703198,-0.930775697686,0.35891523193,6.0,0.0,0.0,0.0,0.0,0.0,0.0,6.0,0.0,0.0,0.0,0.0,0.0,0.0,6.0,0.0,0.0,0.0,0.0,0.0,0.0,0.0,0.0,0.0,0.0,0.0,0.0,0.0,0.0,0.0,0.0,0.0,0.0,0.0,0.0,0.0
1474475631310628262,68,1474475631283548355,modem_origin,-28.772384,-25.112632,1.8392,-0.0249939448433,-0.0667348640893,-0.924432210973,0.37462894703,6.0,0.0,0.0,0.0,0.0,0.0,0.0,6.0,0.0,0.0,0.0,0.0,0.0,0.0,6.0,0.0,0.0,0.0,0.0,0.0,0.0,0.0,0.0,0.0,0.0,0.0,0.0,0.0,0.0,0.0,0.0,0.0,0.0,0.0,0.0,0.0
1474475632688514076,69,1474475632646426916,modem_origin,-29.151684,-25.665431,1.905,-0.0154408603194,-0.0509978377018,-0.935607464025,0.348997813235,6.0,0.0,0.0,0.0,0.0,0.0,0.0,6.0,0.0,0.0,0.0,0.0,0.0,0.0,6.0,0.0,0.0,0.0,0.0,0.0,0.0,0.0,0.0,0.0,0.0,0.0,0.0,0.0,0.0,0.0,0.0,0.0,0.0,0.0,0.0,0.0
1474475636384561876,70,1474475636328972340,modem_origin,-29.633136,-26.248431,1.6935,-0.00922949037175,-0.0479028083256,-0.92476981231,0.377386978714,6.0,0.0,0.0,0.0,0.0,0.0,0.0,6.0,0.0,0.0,0.0,0.0,0.0,0.0,6.0,0.0,0.0,0.0,0.0,0.0,0.0,0.0,0.0,0.0,0.0,0.0,0.0,0.0,0.0,0.0,0.0,0.0,0.0,0.0,0.0,0.0
1474475637787781097,71,1474475637763549805,modem_origin,-29.406747,-26.635519,1.2625,0.00430202747133,-0.0384639646365,-0.940448816987,0.337724797152,6.0,0.0,0.0,0.0,0.0,0.0,0.0,6.0,0.0,0.0,0.0,0.0,0.0,0.0,6.0,0.0,0.0,0.0,0.0,0.0,0.0,0.0,0.0,0.0,0.0,0.0,0.0,0.0,0.0,0.0,0.0,0.0,0.0,0.0,0.0,0.0
1474475640486544715,72,1474475640443553448,modem_origin,-29.798746,-26.97982,1.1797,0.00406152780537,-0.0450326029823,-0.937920323102,0.343891023687,6.0,0.0,0.0,0.0,0.0,0.0,0.0,6.0,0.0,0.0,0.0,0.0,0.0,0.0,6.0,0.0,0.0,0.0,0.0,0.0,0.0,0.0,0.0,0.0,0.0,0.0,0.0,0.0,0.0,0.0,0.0,0.0,0.0,0.0,0.0,0.0
1474475641759407115,73,1474475641723568201,modem_origin,-30.212047,-27.331419,1.2567,-0.0165136447636,-0.0384328467321,-0.941921924088,0.333216603354,6.0,0.0,0.0,0.0,0.0,0.0,0.0,6.0,0.0,0.0,0.0,0.0,0.0,0.0,6.0,0.0,0.0,0.0,0.0,0.0,0.0,0.0,0.0,0.0,0.0,0.0,0.0,0.0,0.0,0.0,0.0,0.0,0.0,0.0,0.0,0.0
1474475643666576891,74,1474475643643656015,modem_origin,-30.585346,-27.68362,1.3203,-0.026437838006,-0.0626360389248,-0.934922511427,0.348278143122,6.0,0.0,0.0,0.0,0.0,0.0,0.0,6.0,0.0,0.0,0.0,0.0,0.0,0.0,6.0,0.0,0.0,0.0,0.0,0.0,0.0,0.0,0.0,0.0,0.0,0.0,0.0,0.0,0.0,0.0,0.0,0.0,0.0,0.0,0.0,0.0
1474475644984952364,75,1474475644965930223,modem_origin,-31.049646,-28.27792,1.3113,-0.0326328136028,-0.0591389114519,-0.940612634413,0.33269439522,6.0,0.0,0.0,0.0,0.0,0.0,0.0,6.0,0.0,0.0,0.0,0.0,0.0,0.0,6.0,0.0,0.0,0.0,0.0,0.0,0.0,0.0,0.0,0.0,0.0,0.0,0.0,0.0,0.0,0.0,0.0,0.0,0.0,0.0,0.0,0.0
1474475646333653428,76,1474475646283669472,modem_origin,-31.430246,-28.62552,1.1939,-0.0240336210429,-0.075943087827,-0.939280299782,0.333777696846,6.0,0.0,0.0,0.0,0.0,0.0,0.0,6.0,0.0,0.0,0.0,0.0,0.0,0.0,6.0,0.0,0.0,0.0,0.0,0.0,0.0,0.0,0.0,0.0,0.0,0.0,0.0,0.0,0.0,0.0,0.0,0.0,0.0,0.0,0.0,0.0
1474475647767545830,77,1474475647723774433,modem_origin,-31.834146,-28.94172,0.6332,-0.0185478864213,-0.0562462932162,-0.939515582678,0.337346706393,6.0,0.0,0.0,0.0,0.0,0.0,0.0,6.0,0.0,0.0,0.0,0.0,0.0,0.0,6.0,0.0,0.0,0.0,0.0,0.0,0.0,0.0,0.0,0.0,0.0,0.0,0.0,0.0,0.0,0.0,0.0,0.0,0.0,0.0,0.0,0.0
1474475649359120064,78,1474475649326673746,modem_origin,-32.431046,-29.46092,1.1085,0.00200767073922,-0.0550825118123,-0.939555153545,0.337931945217,6.0,0.0,0.0,0.0,0.0,0.0,0.0,6.0,0.0,0.0,0.0,0.0,0.0,0.0,6.0,0.0,0.0,0.0,0.0,0.0,0.0,0.0,0.0,0.0,0.0,0.0,0.0,0.0,0.0,0.0,0.0,0.0,0.0,0.0,0.0,0.0
1474475651276449745,79,1474475651246876955,modem_origin,-32.890146,-30.09362,0.6233,0.0112410699478,-0.0362803404732,-0.946000189586,0.321933248585,6.0,0.0,0.0,0.0,0.0,0.0,0.0,6.0,0.0,0.0,0.0,0.0,0.0,0.0,6.0,0.0,0.0,0.0,0.0,0.0,0.0,0.0,0.0,0.0,0.0,0.0,0.0,0.0,0.0,0.0,0.0,0.0,0.0,0.0,0.0,0.0
1474475655359881072,80,1474475655325046062,modem_origin,-34.152846,-31.15262,0.5217,0.017029290529,-0.0229903130967,-0.954953426349,0.295373326949,6.0,0.0,0.0,0.0,0.0,0.0,0.0,6.0,0.0,0.0,0.0,0.0,0.0,0.0,6.0,0.0,0.0,0.0,0.0,0.0,0.0,0.0,0.0,0.0,0.0,0.0,0.0,0.0,0.0,0.0,0.0,0.0,0.0,0.0,0.0,0.0
1474475656730246943,81,1474475656686627150,modem_origin,-34.600146,-31.53452,0.0243,0.0170808109983,-0.0350137964933,-0.950677704688,0.307724197554,6.0,0.0,0.0,0.0,0.0,0.0,0.0,6.0,0.0,0.0,0.0,0.0,0.0,0.0,6.0,0.0,0.0,0.0,0.0,0.0,0.0,0.0,0.0,0.0,0.0,0.0,0.0,0.0,0.0,0.0,0.0,0.0,0.0,0.0,0.0,0.0
1474475658374403179,82,1474475658323558807,modem_origin,-35.116346,-31.91412,0.2718,0.00134032248357,-0.0402055730578,-0.934189843635,0.354501130435,6.0,0.0,0.0,0.0,0.0,0.0,0.0,6.0,0.0,0.0,0.0,0.0,0.0,0.0,6.0,0.0,0.0,0.0,0.0,0.0,0.0,0.0,0.0,0.0,0.0,0.0,0.0,0.0,0.0,0.0,0.0,0.0,0.0,0.0,0.0,0.0
1474475660272498150,83,1474475660246189117,modem_origin,-35.549947,-32.57692,0.4034,-0.0178130529859,-0.0418887830401,-0.952343475992,0.301612215823,6.0,0.0,0.0,0.0,0.0,0.0,0.0,6.0,0.0,0.0,0.0,0.0,0.0,0.0,6.0,0.0,0.0,0.0,0.0,0.0,0.0,0.0,0.0,0.0,0.0,0.0,0.0,0.0,0.0,0.0,0.0,0.0,0.0,0.0,0.0,0.0
1474475661705301006,84,1474475661645782232,modem_origin,-35.825446,-32.77832,-0.0017,-0.0323202905611,-0.0535348649884,-0.945702149537,0.318962162974,6.0,0.0,0.0,0.0,0.0,0.0,0.0,6.0,0.0,0.0,0.0,0.0,0.0,0.0,6.0,0.0,0.0,0.0,0.0,0.0,0.0,0.0,0.0,0.0,0.0,0.0,0.0,0.0,0.0,0.0,0.0,0.0,0.0,0.0,0.0,0.0
1474475664324065722,85,1474475664283558130,modem_origin,-36.236946,-32.97092,0.6241,-0.0374213367487,-0.0866773529454,-0.943941146823,0.316325451674,6.0,0.0,0.0,0.0,0.0,0.0,0.0,6.0,0.0,0.0,0.0,0.0,0.0,0.0,6.0,0.0,0.0,0.0,0.0,0.0,0.0,0.0,0.0,0.0,0.0,0.0,0.0,0.0,0.0,0.0,0.0,0.0,0.0,0.0,0.0,0.0
1474475669330889398,86,1474475669285917282,modem_origin,-36.680746,-33.49532,0.3367,0.0297136772848,-0.0201515551375,-0.964494772013,0.261650237851,6.0,0.0,0.0,0.0,0.0,0.0,0.0,6.0,0.0,0.0,0.0,0.0,0.0,0.0,6.0,0.0,0.0,0.0,0.0,0.0,0.0,0.0,0.0,0.0,0.0,0.0,0.0,0.0,0.0,0.0,0.0,0.0,0.0,0.0,0.0,0.0
1474475670702507111,87,1474475670643586159,modem_origin,-36.902746,-33.70222,0.1616,0.0316280229839,-0.0126131493162,-0.967228320144,0.251614692215,6.0,0.0,0.0,0.0,0.0,0.0,0.0,6.0,0.0,0.0,0.0,0.0,0.0,0.0,6.0,0.0,0.0,0.0,0.0,0.0,0.0,0.0,0.0,0.0,0.0,0.0,0.0,0.0,0.0,0.0,0.0,0.0,0.0,0.0,0.0,0.0
1474475672392295320,88,1474475672323546648,modem_origin,-37.044247,-33.75712,0.0428,0.0426186884452,-0.0182612497302,-0.9655928095,0.255891970167,6.0,0.0,0.0,0.0,0.0,0.0,0.0,6.0,0.0,0.0,0.0,0.0,0.0,0.0,6.0,0.0,0.0,0.0,0.0,0.0,0.0,0.0,0.0,0.0,0.0,0.0,0.0,0.0,0.0,0.0,0.0,0.0,0.0,0.0,0.0,0.0
1474475673705833673,89,1474475673643696785,modem_origin,-37.122847,-33.92932,0.2685,0.0431909228458,-0.0157677971572,-0.969476691971,0.24083368635,6.0,0.0,0.0,0.0,0.0,0.0,0.0,6.0,0.0,0.0,0.0,0.0,0.0,0.0,6.0,0.0,0.0,0.0,0.0,0.0,0.0,0.0,0.0,0.0,0.0,0.0,0.0,0.0,0.0,0.0,0.0,0.0,0.0,0.0,0.0,0.0
1474475676179884107,90,1474475676124002934,modem_origin,-37.108946,-34.11872,-0.3723,0.00290124958512,-0.0302271111054,-0.970321007388,0.239906329903,6.0,0.0,0.0,0.0,0.0,0.0,0.0,6.0,0.0,0.0,0.0,0.0,0.0,0.0,6.0,0.0,0.0,0.0,0.0,0.0,0.0,0.0,0.0,0.0,0.0,0.0,0.0,0.0,0.0,0.0,0.0,0.0,0.0,0.0,0.0,0.0
1474475677462139636,91,1474475677403548241,modem_origin,-37.066545,-33.87422,-0.0379,-0.0237313968509,-0.0392314976973,-0.965565791352,0.256086729375,6.0,0.0,0.0,0.0,0.0,0.0,0.0,6.0,0.0,0.0,0.0,0.0,0.0,0.0,6.0,0.0,0.0,0.0,0.0,0.0,0.0,0.0,0.0,0.0,0.0,0.0,0.0,0.0,0.0,0.0,0.0,0.0,0.0,0.0,0.0,0.0
1474475678845359968,92,1474475678803844213,modem_origin,-37.072447,-33.56562,-0.1027,-0.00583229168545,-0.0372147644924,-0.976129333167,0.213898505393,6.0,0.0,0.0,0.0,0.0,0.0,0.0,6.0,0.0,0.0,0.0,0.0,0.0,0.0,6.0,0.0,0.0,0.0,0.0,0.0,0.0,0.0,0.0,0.0,0.0,0.0,0.0,0.0,0.0,0.0,0.0,0.0,0.0,0.0,0.0,0.0
1474475680359807616,93,1474475680325817585,modem_origin,-37.385847,-33.68982,0.0474,0.0015194231794,-0.0217375847649,-0.975335398461,0.219649787777,6.0,0.0,0.0,0.0,0.0,0.0,0.0,6.0,0.0,0.0,0.0,0.0,0.0,0.0,6.0,0.0,0.0,0.0,0.0,0.0,0.0,0.0,0.0,0.0,0.0,0.0,0.0,0.0,0.0,0.0,0.0,0.0,0.0,0.0,0.0,0.0
1474475681748050651,94,1474475681683632612,modem_origin,-37.437847,-33.99822,0.0476,0.020181618741,-0.0430658219918,-0.974022144099,0.221402122949,6.0,0.0,0.0,0.0,0.0,0.0,0.0,6.0,0.0,0.0,0.0,0.0,0.0,0.0,6.0,0.0,0.0,0.0,0.0,0.0,0.0,0.0,0.0,0.0,0.0,0.0,0.0,0.0,0.0,0.0,0.0,0.0,0.0,0.0,0.0,0.0
1474475683348521234,95,1474475683285872936,modem_origin,-37.391546,-34.22012,0.0022,0.0251467564211,-0.0238201970437,-0.976252247194,0.213849920982,6.0,0.0,0.0,0.0,0.0,0.0,0.0,6.0,0.0,0.0,0.0,0.0,0.0,0.0,6.0,0.0,0.0,0.0,0.0,0.0,0.0,0.0,0.0,0.0,0.0,0.0,0.0,0.0,0.0,0.0,0.0,0.0,0.0,0.0,0.0,0.0
1474475685285472156,96,1474475685243582726,modem_origin,-37.426247,-34.44042,-0.1801,0.0298086739983,-0.0233421738507,-0.980078267606,0.194969677749,6.0,0.0,0.0,0.0,0.0,0.0,0.0,6.0,0.0,0.0,0.0,0.0,0.0,0.0,6.0,0.0,0.0,0.0,0.0,0.0,0.0,0.0,0.0,0.0,0.0,0.0,0.0,0.0,0.0,0.0,0.0,0.0,0.0,0.0,0.0,0.0
1474475686704340428,97,1474475686643571615,modem_origin,-37.348547,-34.40882,0.1706,0.072579283541,-0.0237535579473,-0.974354210059,0.211664568186,6.0,0.0,0.0,0.0,0.0,0.0,0.0,6.0,0.0,0.0,0.0,0.0,0.0,0.0,6.0,0.0,0.0,0.0,0.0,0.0,0.0,0.0,0.0,0.0,0.0,0.0,0.0,0.0,0.0,0.0,0.0,0.0,0.0,0.0,0.0,0.0
1474475689338112702,98,1474475689283549547,modem_origin,-37.570646,-34.39742,0.1092,0.058697436946,-0.00524415838293,-0.980152285833,0.189284458619,6.0,0.0,0.0,0.0,0.0,0.0,0.0,6.0,0.0,0.0,0.0,0.0,0.0,0.0,6.0,0.0,0.0,0.0,0.0,0.0,0.0,0.0,0.0,0.0,0.0,0.0,0.0,0.0,0.0,0.0,0.0,0.0,0.0,0.0,0.0,0.0
1474475690681096309,99,1474475690646274090,modem_origin,-37.447145,-34.16242,0.0638,0.0367202512561,-0.00706717872112,-0.983219941374,0.178550343091,6.0,0.0,0.0,0.0,0.0,0.0,0.0,6.0,0.0,0.0,0.0,0.0,0.0,0.0,6.0,0.0,0.0,0.0,0.0,0.0,0.0,0.0,0.0,0.0,0.0,0.0,0.0,0.0,0.0,0.0,0.0,0.0,0.0,0.0,0.0,0.0
1474475693604899640,100,1474475693605855465,modem_origin,-37.424746,-34.088413,0.1037,-0.0184803726409,-0.0328787677205,-0.986631980409,0.158539577689,6.0,0.0,0.0,0.0,0.0,0.0,0.0,6.0,0.0,0.0,0.0,0.0,0.0,0.0,6.0,0.0,0.0,0.0,0.0,0.0,0.0,0.0,0.0,0.0,0.0,0.0,0.0,0.0,0.0,0.0,0.0,0.0,0.0,0.0,0.0,0.0
1474475694968054725,101,1474475694963548899,modem_origin,-37.509747,-34.231013,0.7404,-0.0125532855958,-0.0520074044335,-0.984021105381,0.169823758847,6.0,0.0,0.0,0.0,0.0,0.0,0.0,6.0,0.0,0.0,0.0,0.0,0.0,0.0,6.0,0.0,0.0,0.0,0.0,0.0,0.0,0.0,0.0,0.0,0.0,0.0,0.0,0.0,0.0,0.0,0.0,0.0,0.0,0.0,0.0,0.0
1474475696314378324,102,1474475696284701824,modem_origin,-37.589846,-34.461813,0.5003,0.00702768343688,-0.0436586097076,-0.98781392518,0.149225288351,6.0,0.0,0.0,0.0,0.0,0.0,0.0,6.0,0.0,0.0,0.0,0.0,0.0,0.0,6.0,0.0,0.0,0.0,0.0,0.0,0.0,0.0,0.0,0.0,0.0,0.0,0.0,0.0,0.0,0.0,0.0,0.0,0.0,0.0,0.0,0.0
1474475697695935633,103,1474475697687278986,modem_origin,-37.560048,-34.061413,0.5754,0.0238485403887,-0.0190277493461,-0.985991657096,0.163980620844,6.0,0.0,0.0,0.0,0.0,0.0,0.0,6.0,0.0,0.0,0.0,0.0,0.0,0.0,6.0,0.0,0.0,0.0,0.0,0.0,0.0,0.0,0.0,0.0,0.0,0.0,0.0,0.0,0.0,0.0,0.0,0.0,0.0,0.0,0.0,0.0
1474475701061991668,104,1474475701043863535,modem_origin,-37.791547,-34.515413,0.2061,0.0804043010876,-0.0052806266833,-0.988804246652,0.125592297338,6.0,0.0,0.0,0.0,0.0,0.0,0.0,6.0,0.0,0.0,0.0,0.0,0.0,0.0,6.0,0.0,0.0,0.0,0.0,0.0,0.0,0.0,0.0,0.0,0.0,0.0,0.0,0.0,0.0,0.0,0.0,0.0,0.0,0.0,0.0,0.0
1474475702498057861,105,1474475702488556862,modem_origin,-37.680648,-34.536513,-0.3682,0.052699598353,-0.000708062953047,-0.990098402421,0.130105359244,6.0,0.0,0.0,0.0,0.0,0.0,0.0,6.0,0.0,0.0,0.0,0.0,0.0,0.0,6.0,0.0,0.0,0.0,0.0,0.0,0.0,0.0,0.0,0.0,0.0,0.0,0.0,0.0,0.0,0.0,0.0,0.0,0.0,0.0,0.0,0.0
1474475703837959192,106,1474475703803550482,modem_origin,-37.588346,-34.45072,0.0374,0.0427085098513,-0.0360273235574,-0.990758037844,0.123598242668,6.0,0.0,0.0,0.0,0.0,0.0,0.0,6.0,0.0,0.0,0.0,0.0,0.0,0.0,6.0,0.0,0.0,0.0,0.0,0.0,0.0,0.0,0.0,0.0,0.0,0.0,0.0,0.0,0.0,0.0,0.0,0.0,0.0,0.0,0.0,0.0
1474475705378117506,107,1474475705365971804,modem_origin,-37.611147,-34.17122,0.1803,0.0219983913706,-0.0204469269426,-0.993805629371,0.106997032603,6.0,0.0,0.0,0.0,0.0,0.0,0.0,6.0,0.0,0.0,0.0,0.0,0.0,0.0,6.0,0.0,0.0,0.0,0.0,0.0,0.0,0.0,0.0,0.0,0.0,0.0,0.0,0.0,0.0,0.0,0.0,0.0,0.0,0.0,0.0,0.0
1474475710220665839,108,1474475710206070185,modem_origin,-37.886847,-34.59222,0.3531,0.0436951940676,-0.0364528853923,-0.99263339318,0.106961974112,6.0,0.0,0.0,0.0,0.0,0.0,0.0,6.0,0.0,0.0,0.0,0.0,0.0,0.0,6.0,0.0,0.0,0.0,0.0,0.0,0.0,0.0,0.0,0.0,0.0,0.0,0.0,0.0,0.0,0.0,0.0,0.0,0.0,0.0,0.0,0.0
1474475711595123169,109,1474475711563555002,modem_origin,-37.706947,-34.51952,-0.2802,0.0334583425257,-0.032738070106,-0.993624966914,0.102558194247,6.0,0.0,0.0,0.0,0.0,0.0,0.0,6.0,0.0,0.0,0.0,0.0,0.0,0.0,6.0,0.0,0.0,0.0,0.0,0.0,0.0,0.0,0.0,0.0,0.0,0.0,0.0,0.0,0.0,0.0,0.0,0.0,0.0,0.0,0.0,0.0
1474475713028024078,110,1474475713006018162,modem_origin,-37.833246,-34.63362,0.7045,-0.000500125984321,-0.030274908729,-0.995361832916,0.0913126571174,6.0,0.0,0.0,0.0,0.0,0.0,0.0,6.0,0.0,0.0,0.0,0.0,0.0,0.0,6.0,0.0,0.0,0.0,0.0,0.0,0.0,0.0,0.0,0.0,0.0,0.0,0.0,0.0,0.0,0.0,0.0,0.0,0.0,0.0,0.0,0.0
1474475714348897102,111,1474475714323645115,modem_origin,-37.924347,-34.93612,-0.4517,0.000164564120324,-0.0376464280094,-0.996311911979,0.07710572888,6.0,0.0,0.0,0.0,0.0,0.0,0.0,6.0,0.0,0.0,0.0,0.0,0.0,0.0,6.0,0.0,0.0,0.0,0.0,0.0,0.0,0.0,0.0,0.0,0.0,0.0,0.0,0.0,0.0,0.0,0.0,0.0,0.0,0.0,0.0,0.0
1474475718515199291,112,1474475718483553410,modem_origin,-37.826147,-34.32712,0.4267,0.0289125441264,-0.030126359343,-0.996794379008,0.0682453898984,6.0,0.0,0.0,0.0,0.0,0.0,0.0,6.0,0.0,0.0,0.0,0.0,0.0,0.0,6.0,0.0,0.0,0.0,0.0,0.0,0.0,0.0,0.0,0.0,0.0,0.0,0.0,0.0,0.0,0.0,0.0,0.0,0.0,0.0,0.0,0.0
1474475721347290011,113,1474475721325830460,modem_origin,-37.795046,-34.50062,-0.3102,0.061344064345,-0.0286991735663,-0.996206718984,0.0546391458244,6.0,0.0,0.0,0.0,0.0,0.0,0.0,6.0,0.0,0.0,0.0,0.0,0.0,0.0,6.0,0.0,0.0,0.0,0.0,0.0,0.0,0.0,0.0,0.0,0.0,0.0,0.0,0.0,0.0,0.0,0.0,0.0,0.0,0.0,0.0,0.0
1474475722713034061,114,1474475722683559179,modem_origin,-37.847546,-34.81792,0.0188,0.0461602683099,-0.0264649398759,-0.997118542847,0.0540689198883,6.0,0.0,0.0,0.0,0.0,0.0,0.0,6.0,0.0,0.0,0.0,0.0,0.0,0.0,6.0,0.0,0.0,0.0,0.0,0.0,0.0,0.0,0.0,0.0,0.0,0.0,0.0,0.0,0.0,0.0,0.0,0.0,0.0,0.0,0.0,0.0
1474475724367066411,115,1474475724325754642,modem_origin,-37.737446,-34.31472,0.3033,0.0262591161961,-0.0145456575336,-0.999103569172,0.0298486303092,6.0,0.0,0.0,0.0,0.0,0.0,0.0,6.0,0.0,0.0,0.0,0.0,0.0,0.0,6.0,0.0,0.0,0.0,0.0,0.0,0.0,0.0,0.0,0.0,0.0,0.0,0.0,0.0,0.0,0.0,0.0,0.0,0.0,0.0,0.0,0.0
1474475727603789674,116,1474475727566257000,modem_origin,-37.648399,-34.483219,-1.5431,-0.0136453358958,-0.0312983331835,-0.999047252786,0.0271809832369,6.0,0.0,0.0,0.0,0.0,0.0,0.0,6.0,0.0,0.0,0.0,0.0,0.0,0.0,6.0,0.0,0.0,0.0,0.0,0.0,0.0,0.0,0.0,0.0,0.0,0.0,0.0,0.0,0.0,0.0,0.0,0.0,0.0,0.0,0.0,0.0
1474475728958638848,117,1474475728923688889,modem_origin,-37.829399,-34.693319,-0.6867,-0.0112222234105,-0.0436933116636,-0.998577494176,0.0284243617693,6.0,0.0,0.0,0.0,0.0,0.0,0.0,6.0,0.0,0.0,0.0,0.0,0.0,0.0,6.0,0.0,0.0,0.0,0.0,0.0,0.0,0.0,0.0,0.0,0.0,0.0,0.0,0.0,0.0,0.0,0.0,0.0,0.0,0.0,0.0,0.0
1474475730414281554,118,1474475730365970612,modem_origin,-37.645099,-35.041319,-2.2035,-0.0072703666009,-0.0411865030701,-0.998895611366,0.0214096083035,6.0,0.0,0.0,0.0,0.0,0.0,0.0,6.0,0.0,0.0,0.0,0.0,0.0,0.0,6.0,0.0,0.0,0.0,0.0,0.0,0.0,0.0,0.0,0.0,0.0,0.0,0.0,0.0,0.0,0.0,0.0,0.0,0.0,0.0,0.0,0.0
1474475731828518860,119,1474475731803547859,modem_origin,-37.673799,-35.246019,-1.7789,-0.00926099016118,-0.0376973698986,-0.99912661801,0.0154642668019,6.0,0.0,0.0,0.0,0.0,0.0,0.0,6.0,0.0,0.0,0.0,0.0,0.0,0.0,6.0,0.0,0.0,0.0,0.0,0.0,0.0,0.0,0.0,0.0,0.0,0.0,0.0,0.0,0.0,0.0,0.0,0.0,0.0,0.0,0.0,0.0
1474475734126583380,120,1474475734083551645,modem_origin,-37.8547,-34.838619,0.2884,-0.000158476066788,-0.0484592397655,-0.998800767289,0.00697884154732,6.0,0.0,0.0,0.0,0.0,0.0,0.0,6.0,0.0,0.0,0.0,0.0,0.0,0.0,6.0,0.0,0.0,0.0,0.0,0.0,0.0,0.0,0.0,0.0,0.0,0.0,0.0,0.0,0.0,0.0,0.0,0.0,0.0,0.0,0.0,0.0
1474475735427868163,121,1474475735403652668,modem_origin,-37.691099,-35.207919,-1.6096,-0.017225181599,-0.0250177175457,-0.999537725411,0.0013200026707,6.0,0.0,0.0,0.0,0.0,0.0,0.0,6.0,0.0,0.0,0.0,0.0,0.0,0.0,6.0,0.0,0.0,0.0,0.0,0.0,0.0,0.0,0.0,0.0,0.0,0.0,0.0,0.0,0.0,0.0,0.0,0.0,0.0,0.0,0.0,0.0
1474475736792894606,122,1474475736763657331,modem_origin,-37.549598,-35.139519,-2.0223,0.0111460383356,0.0428085522266,0.999004558753,0.0057519802133,6.0,0.0,0.0,0.0,0.0,0.0,0.0,6.0,0.0,0.0,0.0,0.0,0.0,0.0,6.0,0.0,0.0,0.0,0.0,0.0,0.0,0.0,0.0,0.0,0.0,0.0,0.0,0.0,0.0,0.0,0.0,0.0,0.0,0.0,0.0,0.0
1474475742817517650,123,1474475742803552866,modem_origin,-37.657998,-34.704219,-0.2565,-0.0399098390551,0.0325207522808,0.998163530033,0.0319244847925,6.0,0.0,0.0,0.0,0.0,0.0,0.0,6.0,0.0,0.0,0.0,0.0,0.0,0.0,6.0,0.0,0.0,0.0,0.0,0.0,0.0,0.0,0.0,0.0,0.0,0.0,0.0,0.0,0.0,0.0,0.0,0.0,0.0,0.0,0.0,0.0
1474475745150157919,124,1474475745125523806,modem_origin,-37.698299,-34.689719,0.2101,0.0021011586026,0.0273666278043,0.998592691867,0.0453793848125,6.0,0.0,0.0,0.0,0.0,0.0,0.0,6.0,0.0,0.0,0.0,0.0,0.0,0.0,6.0,0.0,0.0,0.0,0.0,0.0,0.0,0.0,0.0,0.0,0.0,0.0,0.0,0.0,0.0,0.0,0.0,0.0,0.0,0.0,0.0,0.0
1474475746494520795,125,1474475746446042776,modem_origin,-37.7122,-34.787519,-0.7254,0.0090014353751,0.0422442536035,0.99807392338,0.0445290991026,6.0,0.0,0.0,0.0,0.0,0.0,0.0,6.0,0.0,0.0,0.0,0.0,0.0,0.0,6.0,0.0,0.0,0.0,0.0,0.0,0.0,0.0,0.0,0.0,0.0,0.0,0.0,0.0,0.0,0.0,0.0,0.0,0.0,0.0,0.0,0.0
1474475747824603789,126,1474475747803584576,modem_origin,-37.918399,-34.474819,0.1978,0.0305046297774,0.0426134761023,0.997058397888,0.0559295129375,6.0,0.0,0.0,0.0,0.0,0.0,0.0,6.0,0.0,0.0,0.0,0.0,0.0,0.0,6.0,0.0,0.0,0.0,0.0,0.0,0.0,0.0,0.0,0.0,0.0,0.0,0.0,0.0,0.0,0.0,0.0,0.0,0.0,0.0,0.0,0.0
1474475751377820068,127,1474475751363558531,modem_origin,-37.923898,-35.124719,1.1966,-0.00304744177872,0.041565385536,0.997334474921,0.0598913763315,6.0,0.0,0.0,0.0,0.0,0.0,0.0,6.0,0.0,0.0,0.0,0.0,0.0,0.0,6.0,0.0,0.0,0.0,0.0,0.0,0.0,0.0,0.0,0.0,0.0,0.0,0.0,0.0,0.0,0.0,0.0,0.0,0.0,0.0,0.0,0.0
1474475755737983568,128,1474475755686085463,modem_origin,-38.187822,-35.111419,0.1522,0.0150547224588,-0.0269369093903,-0.996693216552,0.0751690782413,6.0,0.0,0.0,0.0,0.0,0.0,0.0,6.0,0.0,0.0,0.0,0.0,0.0,0.0,6.0,0.0,0.0,0.0,0.0,0.0,0.0,0.0,0.0,0.0,0.0,0.0,0.0,0.0,0.0,0.0,0.0,0.0,0.0,0.0,0.0,0.0
1474475757327995765,129,1474475757285824060,modem_origin,-38.531969,-35.13442,0.3738,0.0122166496924,-0.0484970462473,-0.986165234466,0.158040881756,6.0,0.0,0.0,0.0,0.0,0.0,0.0,6.0,0.0,0.0,0.0,0.0,0.0,0.0,6.0,0.0,0.0,0.0,0.0,0.0,0.0,0.0,0.0,0.0,0.0,0.0,0.0,0.0,0.0,0.0,0.0,0.0,0.0,0.0,0.0,0.0
1474475759253006971,130,1474475759203606129,modem_origin,-38.776395,-34.951514,-0.055,-0.0109459176389,-0.0318738868891,-0.979131746472,0.200412737299,6.0,0.0,0.0,0.0,0.0,0.0,0.0,6.0,0.0,0.0,0.0,0.0,0.0,0.0,6.0,0.0,0.0,0.0,0.0,0.0,0.0,0.0,0.0,0.0,0.0,0.0,0.0,0.0,0.0,0.0,0.0,0.0,0.0,0.0,0.0,0.0
1474475760606268335,131,1474475760567627668,modem_origin,-39.173095,-34.803314,-0.1357,-0.0104940431851,-0.0303973417411,-0.975805255673,0.216263680894,6.0,0.0,0.0,0.0,0.0,0.0,0.0,6.0,0.0,0.0,0.0,0.0,0.0,0.0,6.0,0.0,0.0,0.0,0.0,0.0,0.0,0.0,0.0,0.0,0.0,0.0,0.0,0.0,0.0,0.0,0.0,0.0,0.0,0.0,0.0,0.0
1474475763252823164,132,1474475763204092264,modem_origin,-39.542896,-35.426414,0.6123,-0.00450719918551,-0.0257073168525,-0.966413891009,0.255661906198,6.0,0.0,0.0,0.0,0.0,0.0,0.0,6.0,0.0,0.0,0.0,0.0,0.0,0.0,6.0,0.0,0.0,0.0,0.0,0.0,0.0,0.0,0.0,0.0,0.0,0.0,0.0,0.0,0.0,0.0,0.0,0.0,0.0,0.0,0.0,0.0
1474475764596023436,133,1474475764563558578,modem_origin,-39.921396,-35.375514,0.013,0.0139945873324,-0.0353383822372,-0.956807451982,0.288227080784,6.0,0.0,0.0,0.0,0.0,0.0,0.0,6.0,0.0,0.0,0.0,0.0,0.0,0.0,6.0,0.0,0.0,0.0,0.0,0.0,0.0,0.0,0.0,0.0,0.0,0.0,0.0,0.0,0.0,0.0,0.0,0.0,0.0,0.0,0.0,0.0
1474475768136444988,134,1474475768085860729,modem_origin,-40.636195,-36.232214,-0.8657,0.0268759587772,-0.0478287483618,-0.949944164658,0.307564916242,6.0,0.0,0.0,0.0,0.0,0.0,0.0,6.0,0.0,0.0,0.0,0.0,0.0,0.0,6.0,0.0,0.0,0.0,0.0,0.0,0.0,0.0,0.0,0.0,0.0,0.0,0.0,0.0,0.0,0.0,0.0,0.0,0.0,0.0,0.0,0.0
1474475769531784236,135,1474475769488128185,modem_origin,-40.956596,-36.578714,0.214,0.0168201617924,-0.00792751331111,-0.952353330451,0.304429582448,6.0,0.0,0.0,0.0,0.0,0.0,0.0,6.0,0.0,0.0,0.0,0.0,0.0,0.0,6.0,0.0,0.0,0.0,0.0,0.0,0.0,0.0,0.0,0.0,0.0,0.0,0.0,0.0,0.0,0.0,0.0,0.0,0.0,0.0,0.0,0.0
1474475770957045884,136,1474475770923583746,modem_origin,-41.065795,-36.695114,-0.3542,-0.0013600704414,-0.000719590411518,-0.955866651902,0.293796828062,6.0,0.0,0.0,0.0,0.0,0.0,0.0,6.0,0.0,0.0,0.0,0.0,0.0,0.0,6.0,0.0,0.0,0.0,0.0,0.0,0.0,0.0,0.0,0.0,0.0,0.0,0.0,0.0,0.0,0.0,0.0,0.0,0.0,0.0,0.0,0.0
1474475772379112825,137,1474475772366115570,modem_origin,-41.336496,-36.742814,0.176,-0.0213303887408,-0.0351241787477,-0.942030217785,0.333002065103,6.0,0.0,0.0,0.0,0.0,0.0,0.0,6.0,0.0,0.0,0.0,0.0,0.0,0.0,6.0,0.0,0.0,0.0,0.0,0.0,0.0,0.0,0.0,0.0,0.0,0.0,0.0,0.0,0.0,0.0,0.0,0.0,0.0,0.0,0.0,0.0
1474475773703117292,138,1474475773683564425,modem_origin,-41.629995,-37.253614,0.4273,-0.0223862362664,-0.0486683233899,-0.943531403572,0.326923142646,6.0,0.0,0.0,0.0,0.0,0.0,0.0,6.0,0.0,0.0,0.0,0.0,0.0,0.0,6.0,0.0,0.0,0.0,0.0,0.0,0.0,0.0,0.0,0.0,0.0,0.0,0.0,0.0,0.0,0.0,0.0,0.0,0.0,0.0,0.0,0.0
1474475775740108470,139,1474475775683551788,modem_origin,-41.976995,-37.534814,0.8071,-0.0383703935658,-0.0605942057613,-0.941350867225,0.329718971097,6.0,0.0,0.0,0.0,0.0,0.0,0.0,6.0,0.0,0.0,0.0,0.0,0.0,0.0,6.0,0.0,0.0,0.0,0.0,0.0,0.0,0.0,0.0,0.0,0.0,0.0,0.0,0.0,0.0,0.0,0.0,0.0,0.0,0.0,0.0,0.0
1474475777293423226,140,1474475777243555307,modem_origin,-42.484195,-37.919114,0.708,-0.0509440022111,-0.0659836257065,-0.936248150955,0.341306709003,6.0,0.0,0.0,0.0,0.0,0.0,0.0,6.0,0.0,0.0,0.0,0.0,0.0,0.0,6.0,0.0,0.0,0.0,0.0,0.0,0.0,0.0,0.0,0.0,0.0,0.0,0.0,0.0,0.0,0.0,0.0,0.0,0.0,0.0,0.0,0.0
1474475778659453362,141,1474475778606820822,modem_origin,-42.778594,-37.943814,0.8298,-0.0491604429488,-0.0716128203765,-0.937706282636,0.336395276887,6.0,0.0,0.0,0.0,0.0,0.0,0.0,6.0,0.0,0.0,0.0,0.0,0.0,0.0,6.0,0.0,0.0,0.0,0.0,0.0,0.0,0.0,0.0,0.0,0.0,0.0,0.0,0.0,0.0,0.0,0.0,0.0,0.0,0.0,0.0,0.0
1474475783613894499,142,1474475783566171885,modem_origin,-44.117296,-39.920414,0.9468,-0.00869346680332,-0.0496012167709,-0.927246669991,0.371049532975,6.0,0.0,0.0,0.0,0.0,0.0,0.0,6.0,0.0,0.0,0.0,0.0,0.0,0.0,6.0,0.0,0.0,0.0,0.0,0.0,0.0,0.0,0.0,0.0,0.0,0.0,0.0,0.0,0.0,0.0,0.0,0.0,0.0,0.0,0.0,0.0
1474475784898599234,143,1474475784843557835,modem_origin,-44.475194,-40.563614,0.7719,-0.000673247587745,-0.0434861459259,-0.932204242951,0.35931010461,6.0,0.0,0.0,0.0,0.0,0.0,0.0,6.0,0.0,0.0,0.0,0.0,0.0,0.0,6.0,0.0,0.0,0.0,0.0,0.0,0.0,0.0,0.0,0.0,0.0,0.0,0.0,0.0,0.0,0.0,0.0,0.0,0.0,0.0,0.0,0.0
1474475787786582517,144,1474475787765688658,modem_origin,-45.160394,-40.993714,0.154,0.005047691818,-0.0315849364941,-0.930054602091,0.366026433094,6.0,0.0,0.0,0.0,0.0,0.0,0.0,6.0,0.0,0.0,0.0,0.0,0.0,0.0,6.0,0.0,0.0,0.0,0.0,0.0,0.0,0.0,0.0,0.0,0.0,0.0,0.0,0.0,0.0,0.0,0.0,0.0,0.0,0.0,0.0,0.0
1474475789357429572,145,1474475789323666096,modem_origin,-45.565894,-41.801214,0.3326,0.00654516608632,-0.0490762980545,-0.933502307969,0.355136760682,6.0,0.0,0.0,0.0,0.0,0.0,0.0,6.0,0.0,0.0,0.0,0.0,0.0,0.0,6.0,0.0,0.0,0.0,0.0,0.0,0.0,0.0,0.0,0.0,0.0,0.0,0.0,0.0,0.0,0.0,0.0,0.0,0.0,0.0,0.0,0.0
1474475792094613108,146,1474475792043542147,modem_origin,-46.104594,-42.120614,0.7494,0.00172208985686,-0.0505249275115,-0.931513013307,0.360177417595,6.0,0.0,0.0,0.0,0.0,0.0,0.0,6.0,0.0,0.0,0.0,0.0,0.0,0.0,6.0,0.0,0.0,0.0,0.0,0.0,0.0,0.0,0.0,0.0,0.0,0.0,0.0,0.0,0.0,0.0,0.0,0.0,0.0,0.0,0.0,0.0
1474475794822955723,147,1474475794806900740,modem_origin,-46.922395,-43.160714,0.0603,-0.0233835840396,-0.0248154061722,-0.943210982416,0.33043977706,6.0,0.0,0.0,0.0,0.0,0.0,0.0,6.0,0.0,0.0,0.0,0.0,0.0,0.0,6.0,0.0,0.0,0.0,0.0,0.0,0.0,0.0,0.0,0.0,0.0,0.0,0.0,0.0,0.0,0.0,0.0,0.0,0.0,0.0,0.0,0.0
1474475796293693332,148,1474475796243571997,modem_origin,-47.295696,-43.784314,0.0375,-0.0185884586428,-0.0680414964556,-0.936622299294,0.343166858002,6.0,0.0,0.0,0.0,0.0,0.0,0.0,6.0,0.0,0.0,0.0,0.0,0.0,0.0,6.0,0.0,0.0,0.0,0.0,0.0,0.0,0.0,0.0,0.0,0.0,0.0,0.0,0.0,0.0,0.0,0.0,0.0,0.0,0.0,0.0,0.0
1474475797705646937,149,1474475797685810804,modem_origin,-47.667295,-43.619814,1.2273,-0.0504147356509,-0.0527773068169,-0.950100786258,0.303284365351,6.0,0.0,0.0,0.0,0.0,0.0,0.0,6.0,0.0,0.0,0.0,0.0,0.0,0.0,6.0,0.0,0.0,0.0,0.0,0.0,0.0,0.0,0.0,0.0,0.0,0.0,0.0,0.0,0.0,0.0,0.0,0.0,0.0,0.0,0.0,0.0
1474475801061853671,150,1474475801003550529,modem_origin,-47.646594,-43.763314,1.2352,-0.056644563465,-0.0634297779951,-0.949752334092,0.301228419277,6.0,0.0,0.0,0.0,0.0,0.0,0.0,6.0,0.0,0.0,0.0,0.0,0.0,0.0,6.0,0.0,0.0,0.0,0.0,0.0,0.0,0.0,0.0,0.0,0.0,0.0,0.0,0.0,0.0,0.0,0.0,0.0,0.0,0.0,0.0,0.0
1474475802475520944,151,1474475802448949099,modem_origin,-47.683296,-43.849614,0.1201,-0.0525729281146,-0.0497825734938,-0.956483464123,0.282660866527,6.0,0.0,0.0,0.0,0.0,0.0,0.0,6.0,0.0,0.0,0.0,0.0,0.0,0.0,6.0,0.0,0.0,0.0,0.0,0.0,0.0,0.0,0.0,0.0,0.0,0.0,0.0,0.0,0.0,0.0,0.0,0.0,0.0,0.0,0.0,0.0
1474475803880221604,152,1474475803846381187,modem_origin,-47.770496,-43.900014,0.8479,-0.0240548758569,-0.0587615333617,-0.952322741873,0.298412198906,6.0,0.0,0.0,0.0,0.0,0.0,0.0,6.0,0.0,0.0,0.0,0.0,0.0,0.0,6.0,0.0,0.0,0.0,0.0,0.0,0.0,0.0,0.0,0.0,0.0,0.0,0.0,0.0,0.0,0.0,0.0,0.0,0.0,0.0,0.0,0.0
1474475805325760719,153,1474475805283551455,modem_origin,-47.789495,-44.288614,0.3298,0.00671994990548,-0.0333522758944,-0.954979004703,0.294716081243,6.0,0.0,0.0,0.0,0.0,0.0,0.0,6.0,0.0,0.0,0.0,0.0,0.0,0.0,6.0,0.0,0.0,0.0,0.0,0.0,0.0,0.0,0.0,0.0,0.0,0.0,0.0,0.0,0.0,0.0,0.0,0.0,0.0,0.0,0.0,0.0
1474475806779587622,154,1474475806763560057,modem_origin,-48.012993,-44.096221,1.0161,0.0352604783038,-0.0320805609126,-0.954512030013,0.294337087099,6.0,0.0,0.0,0.0,0.0,0.0,0.0,6.0,0.0,0.0,0.0,0.0,0.0,0.0,6.0,0.0,0.0,0.0,0.0,0.0,0.0,0.0,0.0,0.0,0.0,0.0,0.0,0.0,0.0,0.0,0.0,0.0,0.0,0.0,0.0,0.0
1474475809446451243,155,1474475809408342123,modem_origin,-47.923893,-44.097621,-0.796,0.058556450137,-0.0162722998815,-0.958780062087,0.277573678415,6.0,0.0,0.0,0.0,0.0,0.0,0.0,6.0,0.0,0.0,0.0,0.0,0.0,0.0,6.0,0.0,0.0,0.0,0.0,0.0,0.0,0.0,0.0,0.0,0.0,0.0,0.0,0.0,0.0,0.0,0.0,0.0,0.0,0.0,0.0,0.0
1474475810988015851,156,1474475810924251080,modem_origin,-48.138294,-44.369628,0.8851,0.0303836965965,-0.00567733412179,-0.956202097948,0.291070690277,6.0,0.0,0.0,0.0,0.0,0.0,0.0,6.0,0.0,0.0,0.0,0.0,0.0,0.0,6.0,0.0,0.0,0.0,0.0,0.0,0.0,0.0,0.0,0.0,0.0,0.0,0.0,0.0,0.0,0.0,0.0,0.0,0.0,0.0,0.0,0.0
1474475812308598686,157,1474475812286499262,modem_origin,-48.022393,-44.598242,-0.5226,0.0360390856513,-0.0135764922658,-0.962071285013,0.270066113604,6.0,0.0,0.0,0.0,0.0,0.0,0.0,6.0,0.0,0.0,0.0,0.0,0.0,0.0,6.0,0.0,0.0,0.0,0.0,0.0,0.0,0.0,0.0,0.0,0.0,0.0,0.0,0.0,0.0,0.0,0.0,0.0,0.0,0.0,0.0,0.0
1474475813767200455,158,1474475813723552227,modem_origin,-48.008991,-44.94455,-0.0909,0.0121830576722,-0.0124439747717,-0.963040537535,0.268792938265,6.0,0.0,0.0,0.0,0.0,0.0,0.0,6.0,0.0,0.0,0.0,0.0,0.0,0.0,6.0,0.0,0.0,0.0,0.0,0.0,0.0,0.0,0.0,0.0,0.0,0.0,0.0,0.0,0.0,0.0,0.0,0.0,0.0,0.0,0.0,0.0
1474475815374691438,159,1474475815323566675,modem_origin,-47.810719,-44.912848,-1.3991,0.0135338960904,-0.0337315938805,-0.960701420578,0.275194101918,6.0,0.0,0.0,0.0,0.0,0.0,0.0,6.0,0.0,0.0,0.0,0.0,0.0,0.0,6.0,0.0,0.0,0.0,0.0,0.0,0.0,0.0,0.0,0.0,0.0,0.0,0.0,0.0,0.0,0.0,0.0,0.0,0.0,0.0,0.0,0.0
1474475817273438094,160,1474475817245935917,modem_origin,-47.785595,-45.361248,-0.9825,0.0127313752354,-0.000482200451293,-0.970215288291,0.241909019952,6.0,0.0,0.0,0.0,0.0,0.0,0.0,6.0,0.0,0.0,0.0,0.0,0.0,0.0,6.0,0.0,0.0,0.0,0.0,0.0,0.0,0.0,0.0,0.0,0.0,0.0,0.0,0.0,0.0,0.0,0.0,0.0,0.0,0.0,0.0,0.0
1474475818719416273,161,1474475818683554888,modem_origin,-47.730896,-45.210247,-0.834,-0.00214852658905,-0.0341493950203,-0.966141582139,0.255733544758,6.0,0.0,0.0,0.0,0.0,0.0,0.0,6.0,0.0,0.0,0.0,0.0,0.0,0.0,6.0,0.0,0.0,0.0,0.0,0.0,0.0,0.0,0.0,0.0,0.0,0.0,0.0,0.0,0.0,0.0,0.0,0.0,0.0,0.0,0.0,0.0
1474475821714584687,162,1474475821683552980,modem_origin,-48.083395,-44.741047,0.7907,-0.0345127235169,-0.0373210105395,-0.971778944305,0.230351248082,6.0,0.0,0.0,0.0,0.0,0.0,0.0,6.0,0.0,0.0,0.0,0.0,0.0,0.0,6.0,0.0,0.0,0.0,0.0,0.0,0.0,0.0,0.0,0.0,0.0,0.0,0.0,0.0,0.0,0.0,0.0,0.0,0.0,0.0,0.0,0.0
1474475828359263167,163,1474475828323549032,modem_origin,-47.787997,-45.423148,0.8236,0.0343408669896,-0.0160793432622,-0.969185575629,0.243395726273,6.0,0.0,0.0,0.0,0.0,0.0,0.0,6.0,0.0,0.0,0.0,0.0,0.0,0.0,6.0,0.0,0.0,0.0,0.0,0.0,0.0,0.0,0.0,0.0,0.0,0.0,0.0,0.0,0.0,0.0,0.0,0.0,0.0,0.0,0.0,0.0
1474475829786061170,164,1474475829723566294,modem_origin,-47.922097,-45.235348,-0.4348,0.0682139132815,0.00300031075958,-0.972519940994,0.2225821748,6.0,0.0,0.0,0.0,0.0,0.0,0.0,6.0,0.0,0.0,0.0,0.0,0.0,0.0,6.0,0.0,0.0,0.0,0.0,0.0,0.0,0.0,0.0,0.0,0.0,0.0,0.0,0.0,0.0,0.0,0.0,0.0,0.0,0.0,0.0,0.0
1474475831375289688,165,1474475831323557138,modem_origin,-47.845496,-45.564648,-0.0416,0.0763184283503,0.00418203970787,-0.972261450383,0.221055830364,6.0,0.0,0.0,0.0,0.0,0.0,0.0,6.0,0.0,0.0,0.0,0.0,0.0,0.0,6.0,0.0,0.0,0.0,0.0,0.0,0.0,0.0,0.0,0.0,0.0,0.0,0.0,0.0,0.0,0.0,0.0,0.0,0.0,0.0,0.0,0.0
1474475833415463139,166,1474475833365951777,modem_origin,-48.074696,-45.327948,-0.7534,0.0712285102215,-0.00223387525316,-0.975270202664,0.209211713174,6.0,0.0,0.0,0.0,0.0,0.0,0.0,6.0,0.0,0.0,0.0,0.0,0.0,0.0,6.0,0.0,0.0,0.0,0.0,0.0,0.0,0.0,0.0,0.0,0.0,0.0,0.0,0.0,0.0,0.0,0.0,0.0,0.0,0.0,0.0,0.0
1474475836355587784,167,1474475836326609373,modem_origin,-47.861796,-46.254747,0.4969,-0.0193008514855,-0.0336586853447,-0.975423575049,0.216894949853,6.0,0.0,0.0,0.0,0.0,0.0,0.0,6.0,0.0,0.0,0.0,0.0,0.0,0.0,6.0,0.0,0.0,0.0,0.0,0.0,0.0,0.0,0.0,0.0,0.0,0.0,0.0,0.0,0.0,0.0,0.0,0.0,0.0,0.0,0.0,0.0
1474475841948549145,168,1474475841923556566,modem_origin,-48.275896,-45.648548,0.1727,0.0438474150567,-0.0146651604355,-0.978264483846,0.20214088381,6.0,0.0,0.0,0.0,0.0,0.0,0.0,6.0,0.0,0.0,0.0,0.0,0.0,0.0,6.0,0.0,0.0,0.0,0.0,0.0,0.0,0.0,0.0,0.0,0.0,0.0,0.0,0.0,0.0,0.0,0.0,0.0,0.0,0.0,0.0,0.0
1474475844124948274,169,1474475844087035418,modem_origin,-48.098795,-45.545248,-0.5776,0.0706581969117,-0.0225450423354,-0.978722176257,0.191316601416,6.0,0.0,0.0,0.0,0.0,0.0,0.0,6.0,0.0,0.0,0.0,0.0,0.0,0.0,6.0,0.0,0.0,0.0,0.0,0.0,0.0,0.0,0.0,0.0,0.0,0.0,0.0,0.0,0.0,0.0,0.0,0.0,0.0,0.0,0.0,0.0
1474475848387016995,170,1474475848325692892,modem_origin,-48.021796,-45.940348,-1.8162,0.00513455718013,-0.0202442020173,-0.987228722795,0.15793434552,6.0,0.0,0.0,0.0,0.0,0.0,0.0,6.0,0.0,0.0,0.0,0.0,0.0,0.0,6.0,0.0,0.0,0.0,0.0,0.0,0.0,0.0,0.0,0.0,0.0,0.0,0.0,0.0,0.0,0.0,0.0,0.0,0.0,0.0,0.0,0.0
1474475851354300916,171,1474475851326820612,modem_origin,-48.243895,-46.040748,0.2006,-0.0118386281362,-0.039672924661,-0.985907133857,0.162089571972,6.0,0.0,0.0,0.0,0.0,0.0,0.0,6.0,0.0,0.0,0.0,0.0,0.0,0.0,6.0,0.0,0.0,0.0,0.0,0.0,0.0,0.0,0.0,0.0,0.0,0.0,0.0,0.0,0.0,0.0,0.0,0.0,0.0,0.0,0.0,0.0
1474475854068464132,172,1474475854006162405,modem_origin,-48.338696,-45.539748,-0.6418,0.0467448758701,-0.0260329112818,-0.984076521571,0.169501043663,6.0,0.0,0.0,0.0,0.0,0.0,0.0,6.0,0.0,0.0,0.0,0.0,0.0,0.0,6.0,0.0,0.0,0.0,0.0,0.0,0.0,0.0,0.0,0.0,0.0,0.0,0.0,0.0,0.0,0.0,0.0,0.0,0.0,0.0,0.0,0.0
1474475855388439003,173,1474475855363557577,modem_origin,-48.146696,-45.393447,0.0409,0.0690119635404,-0.00158596773045,-0.982347685378,0.173861607686,6.0,0.0,0.0,0.0,0.0,0.0,0.0,6.0,0.0,0.0,0.0,0.0,0.0,0.0,6.0,0.0,0.0,0.0,0.0,0.0,0.0,0.0,0.0,0.0,0.0,0.0,0.0,0.0,0.0,0.0,0.0,0.0,0.0,0.0,0.0,0.0
1474475859577038035,174,1474475859523551226,modem_origin,-48.295596,-45.694447,-0.4437,0.0501992817714,-0.0278336068941,-0.983495339339,0.171587411938,6.0,0.0,0.0,0.0,0.0,0.0,0.0,6.0,0.0,0.0,0.0,0.0,0.0,0.0,6.0,0.0,0.0,0.0,0.0,0.0,0.0,0.0,0.0,0.0,0.0,0.0,0.0,0.0,0.0,0.0,0.0,0.0,0.0,0.0,0.0,0.0
1474475873381139642,175,1474475873323661089,modem_origin,-47.935896,-45.756947,-1.7687,0.0533128672083,-0.0163220264601,-0.993334015883,0.100890349056,6.0,0.0,0.0,0.0,0.0,0.0,0.0,6.0,0.0,0.0,0.0,0.0,0.0,0.0,6.0,0.0,0.0,0.0,0.0,0.0,0.0,0.0,0.0,0.0,0.0,0.0,0.0,0.0,0.0,0.0,0.0,0.0,0.0,0.0,0.0,0.0
1474475876648439462,176,1474475876603556871,modem_origin,-48.567295,-44.943047,0.6286,-0.019334351076,-0.0348813872668,-0.995269396546,0.088590631506,6.0,0.0,0.0,0.0,0.0,0.0,0.0,6.0,0.0,0.0,0.0,0.0,0.0,0.0,6.0,0.0,0.0,0.0,0.0,0.0,0.0,0.0,0.0,0.0,0.0,0.0,0.0,0.0,0.0,0.0,0.0,0.0,0.0,0.0,0.0,0.0
1474475881691693766,177,1474475881643555164,modem_origin,-48.164595,-45.118048,-1.7872,0.0504905490652,-0.0295188492431,-0.994902858806,0.0821440413781,6.0,0.0,0.0,0.0,0.0,0.0,0.0,6.0,0.0,0.0,0.0,0.0,0.0,0.0,6.0,0.0,0.0,0.0,0.0,0.0,0.0,0.0,0.0,0.0,0.0,0.0,0.0,0.0,0.0,0.0,0.0,0.0,0.0,0.0,0.0,0.0
1474475895107057744,178,1474475895084072113,modem_origin,-49.318097,-46.436148,0.3438,0.0170112303574,-0.0389010491282,-0.981577456315,0.18628747589,6.0,0.0,0.0,0.0,0.0,0.0,0.0,6.0,0.0,0.0,0.0,0.0,0.0,0.0,6.0,0.0,0.0,0.0,0.0,0.0,0.0,0.0,0.0,0.0,0.0,0.0,0.0,0.0,0.0,0.0,0.0,0.0,0.0,0.0,0.0,0.0
1474475898527083523,179,1474475898486650944,modem_origin,-50.429495,-46.841855,1.55,-0.0130092257821,-0.026260285242,-0.98057026283,0.193966793849,6.0,0.0,0.0,0.0,0.0,0.0,0.0,6.0,0.0,0.0,0.0,0.0,0.0,0.0,6.0,0.0,0.0,0.0,0.0,0.0,0.0,0.0,0.0,0.0,0.0,0.0,0.0,0.0,0.0,0.0,0.0,0.0,0.0,0.0,0.0,0.0
1474475914793086846,180,1474475914765969992,modem_origin,-54.382839,-48.631477,0.4035,-0.100115882006,-0.0876325510365,-0.934420006825,0.330388554606,6.0,0.0,0.0,0.0,0.0,0.0,0.0,6.0,0.0,0.0,0.0,0.0,0.0,0.0,6.0,0.0,0.0,0.0,0.0,0.0,0.0,0.0,0.0,0.0,0.0,0.0,0.0,0.0,0.0,0.0,0.0,0.0,0.0,0.0,0.0,0.0
1474475918257881791,181,1474475918203559160,modem_origin,-54.77924,-50.239077,0.9331,-0.0423083595286,-0.0698461155069,-0.914037854358,0.397323953044,6.0,0.0,0.0,0.0,0.0,0.0,0.0,6.0,0.0,0.0,0.0,0.0,0.0,0.0,6.0,0.0,0.0,0.0,0.0,0.0,0.0,0.0,0.0,0.0,0.0,0.0,0.0,0.0,0.0,0.0,0.0,0.0,0.0,0.0,0.0,0.0
1474475926796420443,182,1474475926763744831,modem_origin,-57.895484,-52.319266,1.7839,0.0166562201388,-0.0158934255389,-0.926581398666,0.375388972935,6.0,0.0,0.0,0.0,0.0,0.0,0.0,6.0,0.0,0.0,0.0,0.0,0.0,0.0,6.0,0.0,0.0,0.0,0.0,0.0,0.0,0.0,0.0,0.0,0.0,0.0,0.0,0.0,0.0,0.0,0.0,0.0,0.0,0.0,0.0,0.0
1474475932448000016,183,1474475932403549910,modem_origin,-58.747188,-52.866929,-1.7452,-0.0789669421171,-0.0632704253911,-0.919132101469,0.380732524711,6.0,0.0,0.0,0.0,0.0,0.0,0.0,6.0,0.0,0.0,0.0,0.0,0.0,0.0,6.0,0.0,0.0,0.0,0.0,0.0,0.0,0.0,0.0,0.0,0.0,0.0,0.0,0.0,0.0,0.0,0.0,0.0,0.0,0.0,0.0,0.0
1474475935744162731,184,1474475935683549166,modem_origin,-58.708289,-53.69033,0.9501,-0.00615523652484,-0.0315970897904,-0.936655292074,0.348770126028,6.0,0.0,0.0,0.0,0.0,0.0,0.0,6.0,0.0,0.0,0.0,0.0,0.0,0.0,6.0,0.0,0.0,0.0,0.0,0.0,0.0,0.0,0.0,0.0,0.0,0.0,0.0,0.0,0.0,0.0,0.0,0.0,0.0,0.0,0.0,0.0
1474475937371762376,185,1474475937326184511,modem_origin,-58.683288,-53.67623,-0.5792,0.0482776959151,-0.00211736603057,-0.928318669206,0.368631563003,6.0,0.0,0.0,0.0,0.0,0.0,0.0,6.0,0.0,0.0,0.0,0.0,0.0,0.0,6.0,0.0,0.0,0.0,0.0,0.0,0.0,0.0,0.0,0.0,0.0,0.0,0.0,0.0,0.0,0.0,0.0,0.0,0.0,0.0,0.0,0.0
1474475938756831739,186,1474475938723547697,modem_origin,-58.71699,-53.666829,-0.4861,0.0714328633906,-0.000207618658795,-0.925483545499,0.371991276688,6.0,0.0,0.0,0.0,0.0,0.0,0.0,6.0,0.0,0.0,0.0,0.0,0.0,0.0,6.0,0.0,0.0,0.0,0.0,0.0,0.0,0.0,0.0,0.0,0.0,0.0,0.0,0.0,0.0,0.0,0.0,0.0,0.0,0.0,0.0,0.0
1474475946668892516,187,1474475946646726131,modem_origin,-59.26509,-53.98473,0.0511,-0.0380389601428,-0.042874023563,-0.943978644058,0.32499103861,6.0,0.0,0.0,0.0,0.0,0.0,0.0,6.0,0.0,0.0,0.0,0.0,0.0,0.0,6.0,0.0,0.0,0.0,0.0,0.0,0.0,0.0,0.0,0.0,0.0,0.0,0.0,0.0,0.0,0.0,0.0,0.0,0.0,0.0,0.0,0.0
1474475948087907520,188,1474475948049686909,modem_origin,-59.26509,-53.98473,0.0511,-0.0183324953444,-0.0459334280365,-0.938425236266,0.341924137409,6.0,0.0,0.0,0.0,0.0,0.0,0.0,6.0,0.0,0.0,0.0,0.0,0.0,0.0,6.0,0.0,0.0,0.0,0.0,0.0,0.0,0.0,0.0,0.0,0.0,0.0,0.0,0.0,0.0,0.0,0.0,0.0,0.0,0.0,0.0,0.0
1474475952306300748,189,1474475952283557653,modem_origin,-58.96979,-54.49643,0.1709,0.0323295518523,0.000940434151465,-0.951669537666,0.305416120629,6.0,0.0,0.0,0.0,0.0,0.0,0.0,6.0,0.0,0.0,0.0,0.0,0.0,0.0,6.0,0.0,0.0,0.0,0.0,0.0,0.0,0.0,0.0,0.0,0.0,0.0,0.0,0.0,0.0,0.0,0.0,0.0,0.0,0.0,0.0,0.0
1474475956669414111,190,1474475956643580675,modem_origin,-59.327388,-54.01953,0.2096,-0.0109666419501,-0.0391145557518,-0.953292933826,0.299303134982,6.0,0.0,0.0,0.0,0.0,0.0,0.0,6.0,0.0,0.0,0.0,0.0,0.0,0.0,6.0,0.0,0.0,0.0,0.0,0.0,0.0,0.0,0.0,0.0,0.0,0.0,0.0,0.0,0.0,0.0,0.0,0.0,0.0,0.0,0.0,0.0
1474475959998568855,191,1474475959965967178,modem_origin,-59.443889,-53.83623,-1.8541,-0.0132490689484,-0.0151681477087,-0.955728305737,0.293560547553,6.0,0.0,0.0,0.0,0.0,0.0,0.0,6.0,0.0,0.0,0.0,0.0,0.0,0.0,6.0,0.0,0.0,0.0,0.0,0.0,0.0,0.0,0.0,0.0,0.0,0.0,0.0,0.0,0.0,0.0,0.0,0.0,0.0,0.0,0.0,0.0
1474475962728854252,192,1474475962683572531,modem_origin,-59.187289,-54.78893,0.1769,0.0528073515216,-0.0376846020158,-0.956281302877,0.285161926217,6.0,0.0,0.0,0.0,0.0,0.0,0.0,6.0,0.0,0.0,0.0,0.0,0.0,0.0,6.0,0.0,0.0,0.0,0.0,0.0,0.0,0.0,0.0,0.0,0.0,0.0,0.0,0.0,0.0,0.0,0.0,0.0,0.0,0.0,0.0,0.0
1474475964386161460,193,1474475964325652122,modem_origin,-59.206687,-54.848131,1.1384,0.0167042924339,-0.0178211247866,-0.967420252379,0.251994899578,6.0,0.0,0.0,0.0,0.0,0.0,0.0,6.0,0.0,0.0,0.0,0.0,0.0,0.0,6.0,0.0,0.0,0.0,0.0,0.0,0.0,0.0,0.0,0.0,0.0,0.0,0.0,0.0,0.0,0.0,0.0,0.0,0.0,0.0,0.0,0.0
1474475965750890788,194,1474475965683552742,modem_origin,-59.049991,-55.02713,1.5537,0.0230853100161,-0.0324456688854,-0.96681959199,0.252337519161,6.0,0.0,0.0,0.0,0.0,0.0,0.0,6.0,0.0,0.0,0.0,0.0,0.0,0.0,6.0,0.0,0.0,0.0,0.0,0.0,0.0,0.0,0.0,0.0,0.0,0.0,0.0,0.0,0.0,0.0,0.0,0.0,0.0,0.0,0.0,0.0
1474475972809528555,195,1474475972766847849,modem_origin,-59.462989,-54.25893,-0.5188,0.0291910210284,-0.0224762337962,-0.967220251159,0.251252241688,6.0,0.0,0.0,0.0,0.0,0.0,0.0,6.0,0.0,0.0,0.0,0.0,0.0,0.0,6.0,0.0,0.0,0.0,0.0,0.0,0.0,0.0,0.0,0.0,0.0,0.0,0.0,0.0,0.0,0.0,0.0,0.0,0.0,0.0,0.0,0.0
1474475978194877912,196,1474475978126957655,modem_origin,-59.393889,-54.74773,0.756,0.0214290695834,-0.035587725357,-0.977796281237,0.205398980474,6.0,0.0,0.0,0.0,0.0,0.0,0.0,6.0,0.0,0.0,0.0,0.0,0.0,0.0,6.0,0.0,0.0,0.0,0.0,0.0,0.0,0.0,0.0,0.0,0.0,0.0,0.0,0.0,0.0,0.0,0.0,0.0,0.0,0.0,0.0,0.0
1474475979525213644,197,1474475979483557224,modem_origin,-59.23324,-54.966929,0.2155,-0.0171381768305,0.00955055871531,-0.973578621108,0.227507666343,6.0,0.0,0.0,0.0,0.0,0.0,0.0,6.0,0.0,0.0,0.0,0.0,0.0,0.0,6.0,0.0,0.0,0.0,0.0,0.0,0.0,0.0,0.0,0.0,0.0,0.0,0.0,0.0,0.0,0.0,0.0,0.0,0.0,0.0,0.0,0.0
1474475981000984226,198,1474475980963549137,modem_origin,-59.13534,-55.155629,0.4588,0.0161502841437,-0.0152471447419,-0.95069112573,0.309342975284,6.0,0.0,0.0,0.0,0.0,0.0,0.0,6.0,0.0,0.0,0.0,0.0,0.0,0.0,6.0,0.0,0.0,0.0,0.0,0.0,0.0,0.0,0.0,0.0,0.0,0.0,0.0,0.0,0.0,0.0,0.0,0.0,0.0,0.0,0.0,0.0
1474475990657358443,199,1474475990603547573,modem_origin,-59.666041,-54.265429,-0.6484,0.0049006846146,-0.0196013937558,-0.977537802614,0.20978944948,6.0,0.0,0.0,0.0,0.0,0.0,0.0,6.0,0.0,0.0,0.0,0.0,0.0,0.0,6.0,0.0,0.0,0.0,0.0,0.0,0.0,0.0,0.0,0.0,0.0,0.0,0.0,0.0,0.0,0.0,0.0,0.0,0.0,0.0,0.0,0.0
1474475993563641475,200,1474475993527191162,modem_origin,-59.496741,-54.778128,0.1718,0.00920556371849,-0.0190906727918,-0.977138884221,0.21154291468,6.0,0.0,0.0,0.0,0.0,0.0,0.0,6.0,0.0,0.0,0.0,0.0,0.0,0.0,6.0,0.0,0.0,0.0,0.0,0.0,0.0,0.0,0.0,0.0,0.0,0.0,0.0,0.0,0.0,0.0,0.0,0.0,0.0,0.0,0.0,0.0
1474475996398848578,201,1474475996363559723,modem_origin,-59.649741,-54.428029,-0.1714,0.00970872449295,-0.0199610981863,-0.979571237408,0.199868672061,6.0,0.0,0.0,0.0,0.0,0.0,0.0,6.0,0.0,0.0,0.0,0.0,0.0,0.0,6.0,0.0,0.0,0.0,0.0,0.0,0.0,0.0,0.0,0.0,0.0,0.0,0.0,0.0,0.0,0.0,0.0,0.0,0.0,0.0,0.0,0.0
1474475999145449955,202,1474475999087755442,modem_origin,-59.618441,-54.539929,0.1024,-0.0107919071402,-0.0398274261748,-0.973621543926,0.224406773668,6.0,0.0,0.0,0.0,0.0,0.0,0.0,6.0,0.0,0.0,0.0,0.0,0.0,0.0,6.0,0.0,0.0,0.0,0.0,0.0,0.0,0.0,0.0,0.0,0.0,0.0,0.0,0.0,0.0,0.0,0.0,0.0,0.0,0.0,0.0,0.0
1474476001877527194,203,1474476001849266768,modem_origin,-59.700739,-54.253828,-1.1316,0.0178125279922,-0.0161604217729,-0.982132367625,0.186648244239,6.0,0.0,0.0,0.0,0.0,0.0,0.0,6.0,0.0,0.0,0.0,0.0,0.0,0.0,6.0,0.0,0.0,0.0,0.0,0.0,0.0,0.0,0.0,0.0,0.0,0.0,0.0,0.0,0.0,0.0,0.0,0.0,0.0,0.0,0.0,0.0
1474476005587044175,204,1474476005525691509,modem_origin,-59.49074,-54.881129,-0.894,-0.011589864832,-0.0228031986509,-0.983237468852,0.180526366524,6.0,0.0,0.0,0.0,0.0,0.0,0.0,6.0,0.0,0.0,0.0,0.0,0.0,0.0,6.0,0.0,0.0,0.0,0.0,0.0,0.0,0.0,0.0,0.0,0.0,0.0,0.0,0.0,0.0,0.0,0.0,0.0,0.0,0.0,0.0,0.0
1474476009274396962,205,1474476009243560791,modem_origin,-59.524241,-54.68883,-1.0272,-0.0166254370198,-0.0299718197459,-0.985564579895,0.165794281327,6.0,0.0,0.0,0.0,0.0,0.0,0.0,6.0,0.0,0.0,0.0,0.0,0.0,0.0,6.0,0.0,0.0,0.0,0.0,0.0,0.0,0.0,0.0,0.0,0.0,0.0,0.0,0.0,0.0,0.0,0.0,0.0,0.0,0.0,0.0,0.0
1474476010685702864,206,1474476010687808037,modem_origin,-59.28784,-54.861029,-1.3824,-0.013481983264,-0.0338332957457,-0.98444363132,0.171884498949,6.0,0.0,0.0,0.0,0.0,0.0,0.0,6.0,0.0,0.0,0.0,0.0,0.0,0.0,6.0,0.0,0.0,0.0,0.0,0.0,0.0,0.0,0.0,0.0,0.0,0.0,0.0,0.0,0.0,0.0,0.0,0.0,0.0,0.0,0.0,0.0
1474476014338665100,207,1474476014323557854,modem_origin,-59.54534,-54.815628,-0.7329,0.0107914699162,-0.0146079583342,-0.986749201401,0.16123326352,6.0,0.0,0.0,0.0,0.0,0.0,0.0,6.0,0.0,0.0,0.0,0.0,0.0,0.0,6.0,0.0,0.0,0.0,0.0,0.0,0.0,0.0,0.0,0.0,0.0,0.0,0.0,0.0,0.0,0.0,0.0,0.0,0.0,0.0,0.0,0.0
1474476017156406862,208,1474476017123628139,modem_origin,-59.49304,-54.769629,-1.1704,0.0193790196603,-0.025883634607,-0.981542451417,0.188491132745,6.0,0.0,0.0,0.0,0.0,0.0,0.0,6.0,0.0,0.0,0.0,0.0,0.0,0.0,6.0,0.0,0.0,0.0,0.0,0.0,0.0,0.0,0.0,0.0,0.0,0.0,0.0,0.0,0.0,0.0,0.0,0.0,0.0,0.0,0.0,0.0
1474476026255964789,209,1474476026243702888,modem_origin,-60.163641,-55.134336,0.5708,-0.0305750962374,-0.0327155426056,-0.941781016575,0.333231711546,6.0,0.0,0.0,0.0,0.0,0.0,0.0,6.0,0.0,0.0,0.0,0.0,0.0,0.0,6.0,0.0,0.0,0.0,0.0,0.0,0.0,0.0,0.0,0.0,0.0,0.0,0.0,0.0,0.0,0.0,0.0,0.0,0.0,0.0,0.0,0.0
1474476027679124627,210,1474476027643552780,modem_origin,-60.560239,-55.197236,1.1427,-0.0155410798775,-0.0409561930667,-0.928229866423,0.369418976455,6.0,0.0,0.0,0.0,0.0,0.0,0.0,6.0,0.0,0.0,0.0,0.0,0.0,0.0,6.0,0.0,0.0,0.0,0.0,0.0,0.0,0.0,0.0,0.0,0.0,0.0,0.0,0.0,0.0,0.0,0.0,0.0,0.0,0.0,0.0,0.0
1474476030425794688,211,1474476030403548717,modem_origin,-61.097139,-55.667837,0.6302,-0.0143604154639,-0.0336181875382,-0.924228677952,0.380085446691,6.0,0.0,0.0,0.0,0.0,0.0,0.0,6.0,0.0,0.0,0.0,0.0,0.0,0.0,6.0,0.0,0.0,0.0,0.0,0.0,0.0,0.0,0.0,0.0,0.0,0.0,0.0,0.0,0.0,0.0,0.0,0.0,0.0,0.0,0.0,0.0
1474476037933101677,212,1474476037885784626,modem_origin,-61.761541,-57.323036,0.368,-0.0132525688553,-0.0368819764248,-0.900932482846,0.432186013871,6.0,0.0,0.0,0.0,0.0,0.0,0.0,6.0,0.0,0.0,0.0,0.0,0.0,0.0,6.0,0.0,0.0,0.0,0.0,0.0,0.0,0.0,0.0,0.0,0.0,0.0,0.0,0.0,0.0,0.0,0.0,0.0,0.0,0.0,0.0,0.0
1474476040810642741,213,1474476040768998146,modem_origin,-62.298341,-57.468236,-1.0335,-0.0288212193374,-0.0333176866641,-0.907735887246,0.417222755944,6.0,0.0,0.0,0.0,0.0,0.0,0.0,6.0,0.0,0.0,0.0,0.0,0.0,0.0,6.0,0.0,0.0,0.0,0.0,0.0,0.0,0.0,0.0,0.0,0.0,0.0,0.0,0.0,0.0,0.0,0.0,0.0,0.0,0.0,0.0,0.0
1474476046385636525,214,1474476046363557816,modem_origin,-62.836641,-58.571737,-0.2299,-0.0214709656004,-0.048597476014,-0.90175125381,0.428977807367,6.0,0.0,0.0,0.0,0.0,0.0,0.0,6.0,0.0,0.0,0.0,0.0,0.0,0.0,6.0,0.0,0.0,0.0,0.0,0.0,0.0,0.0,0.0,0.0,0.0,0.0,0.0,0.0,0.0,0.0,0.0,0.0,0.0,0.0,0.0,0.0
1474476047818710139,215,1474476047807158709,modem_origin,-63.351041,-59.112436,0.5608,-0.0349006403608,-0.0904397316611,-0.881285900155,0.462534066234,6.0,0.0,0.0,0.0,0.0,0.0,0.0,6.0,0.0,0.0,0.0,0.0,0.0,0.0,6.0,0.0,0.0,0.0,0.0,0.0,0.0,0.0,0.0,0.0,0.0,0.0,0.0,0.0,0.0,0.0,0.0,0.0,0.0,0.0,0.0,0.0
1474476049359693235,216,1474476049323555470,modem_origin,-63.928442,-59.628736,0.6141,-0.0789495955463,-0.0989735422678,-0.872203506984,0.472474593707,6.0,0.0,0.0,0.0,0.0,0.0,0.0,6.0,0.0,0.0,0.0,0.0,0.0,0.0,6.0,0.0,0.0,0.0,0.0,0.0,0.0,0.0,0.0,0.0,0.0,0.0,0.0,0.0,0.0,0.0,0.0,0.0,0.0,0.0,0.0,0.0
1474476050846957488,217,1474476050806272745,modem_origin,-64.334138,-60.126935,0.1259,-0.0752595811012,-0.107874630152,-0.874134619792,0.467533663069,6.0,0.0,0.0,0.0,0.0,0.0,0.0,6.0,0.0,0.0,0.0,0.0,0.0,0.0,6.0,0.0,0.0,0.0,0.0,0.0,0.0,0.0,0.0,0.0,0.0,0.0,0.0,0.0,0.0,0.0,0.0,0.0,0.0,0.0,0.0,0.0
1474476052313444420,218,1474476052286500692,modem_origin,-64.202642,-60.831037,-0.5928,-0.0609650861727,-0.103513046564,-0.899697700083,0.419657426868,6.0,0.0,0.0,0.0,0.0,0.0,0.0,6.0,0.0,0.0,0.0,0.0,0.0,0.0,6.0,0.0,0.0,0.0,0.0,0.0,0.0,0.0,0.0,0.0,0.0,0.0,0.0,0.0,0.0,0.0,0.0,0.0,0.0,0.0,0.0,0.0
1474476053719009806,219,1474476053683552027,modem_origin,-64.677442,-60.924535,-0.3922,-0.0472420172928,-0.056188206113,-0.915521954332,0.395513120429,6.0,0.0,0.0,0.0,0.0,0.0,0.0,6.0,0.0,0.0,0.0,0.0,0.0,0.0,6.0,0.0,0.0,0.0,0.0,0.0,0.0,0.0,0.0,0.0,0.0,0.0,0.0,0.0,0.0,0.0,0.0,0.0,0.0,0.0,0.0,0.0
1474476055341380268,220,1474476055323630571,modem_origin,-65.141038,-61.324636,-1.3788,-0.019159255206,-0.0554630711228,-0.910194918322,0.410002416263,6.0,0.0,0.0,0.0,0.0,0.0,0.0,6.0,0.0,0.0,0.0,0.0,0.0,0.0,6.0,0.0,0.0,0.0,0.0,0.0,0.0,0.0,0.0,0.0,0.0,0.0,0.0,0.0,0.0,0.0,0.0,0.0,0.0,0.0,0.0,0.0
1474476058753643681,221,1474476058726633549,modem_origin,-65.825342,-63.093536,1.1148,0.00691908563068,-0.0468464694028,-0.910332314837,0.411160079678,6.0,0.0,0.0,0.0,0.0,0.0,0.0,6.0,0.0,0.0,0.0,0.0,0.0,0.0,6.0,0.0,0.0,0.0,0.0,0.0,0.0,0.0,0.0,0.0,0.0,0.0,0.0,0.0,0.0,0.0,0.0,0.0,0.0,0.0,0.0,0.0
1474476060373661883,222,1474476060363571644,modem_origin,-66.067239,-63.577436,-0.7136,-0.00406238644521,-0.0261145146255,-0.920602080332,0.389606646286,6.0,0.0,0.0,0.0,0.0,0.0,0.0,6.0,0.0,0.0,0.0,0.0,0.0,0.0,6.0,0.0,0.0,0.0,0.0,0.0,0.0,0.0,0.0,0.0,0.0,0.0,0.0,0.0,0.0,0.0,0.0,0.0,0.0,0.0,0.0,0.0
1474476086433734913,223,1474476086403563261,modem_origin,-69.815692,-64.928494,-1.595,-0.0366641303508,-0.0520879240632,-0.9392843907,0.33717565615,6.0,0.0,0.0,0.0,0.0,0.0,0.0,6.0,0.0,0.0,0.0,0.0,0.0,0.0,6.0,0.0,0.0,0.0,0.0,0.0,0.0,0.0,0.0,0.0,0.0,0.0,0.0,0.0,0.0,0.0,0.0,0.0,0.0,0.0,0.0,0.0
1474476087831556155,224,1474476087803657055,modem_origin,-69.812991,-64.876595,-2.4423,-0.033488776485,-0.0495498246302,-0.93404979753,0.35209983309,6.0,0.0,0.0,0.0,0.0,0.0,0.0,6.0,0.0,0.0,0.0,0.0,0.0,0.0,6.0,0.0,0.0,0.0,0.0,0.0,0.0,0.0,0.0,0.0,0.0,0.0,0.0,0.0,0.0,0.0,0.0,0.0,0.0,0.0,0.0,0.0
1474476089370532239,225,1474476089325825453,modem_origin,-69.999591,-64.971894,1.4703,0.0243943702336,-0.0399939639754,-0.956863548664,0.286736022822,6.0,0.0,0.0,0.0,0.0,0.0,0.0,6.0,0.0,0.0,0.0,0.0,0.0,0.0,6.0,0.0,0.0,0.0,0.0,0.0,0.0,0.0,0.0,0.0,0.0,0.0,0.0,0.0,0.0,0.0,0.0,0.0,0.0,0.0,0.0,0.0
1474476090836939976,226,1474476090808482885,modem_origin,-69.999591,-64.971894,1.4703,0.0363346443318,0.00788562040204,-0.95326079265,0.299852416713,6.0,0.0,0.0,0.0,0.0,0.0,0.0,6.0,0.0,0.0,0.0,0.0,0.0,0.0,6.0,0.0,0.0,0.0,0.0,0.0,0.0,0.0,0.0,0.0,0.0,0.0,0.0,0.0,0.0,0.0,0.0,0.0,0.0,0.0,0.0,0.0
1474476093192819272,227,1474476093123525143,modem_origin,-70.021792,-65.181294,0.8646,0.0358600100955,-0.033932690799,-0.952162427641,0.301578088659,6.0,0.0,0.0,0.0,0.0,0.0,0.0,6.0,0.0,0.0,0.0,0.0,0.0,0.0,6.0,0.0,0.0,0.0,0.0,0.0,0.0,0.0,0.0,0.0,0.0,0.0,0.0,0.0,0.0,0.0,0.0,0.0,0.0,0.0,0.0,0.0
1474476095984509861,228,1474476095923550606,modem_origin,-70.051993,-64.992495,-1.6884,-0.0186800844991,-0.0264853658122,-0.960683306533,0.275748371509,6.0,0.0,0.0,0.0,0.0,0.0,0.0,6.0,0.0,0.0,0.0,0.0,0.0,0.0,6.0,0.0,0.0,0.0,0.0,0.0,0.0,0.0,0.0,0.0,0.0,0.0,0.0,0.0,0.0,0.0,0.0,0.0,0.0,0.0,0.0,0.0
1474476100267701052,229,1474476100203560352,modem_origin,-69.824343,-65.278493,-2.4644,0.0235276969265,-0.0311749029386,-0.961620550732,0.271588823986,6.0,0.0,0.0,0.0,0.0,0.0,0.0,6.0,0.0,0.0,0.0,0.0,0.0,0.0,6.0,0.0,0.0,0.0,0.0,0.0,0.0,0.0,0.0,0.0,0.0,0.0,0.0,0.0,0.0,0.0,0.0,0.0,0.0,0.0,0.0,0.0
1474476101778128048,230,1474476101727039576,modem_origin,-70.176546,-64.976793,-2.2856,0.031318362822,-0.0161429637075,-0.962367878831,0.269456175781,6.0,0.0,0.0,0.0,0.0,0.0,0.0,6.0,0.0,0.0,0.0,0.0,0.0,0.0,6.0,0.0,0.0,0.0,0.0,0.0,0.0,0.0,0.0,0.0,0.0,0.0,0.0,0.0,0.0,0.0,0.0,0.0,0.0,0.0,0.0,0.0
1474476113927646500,231,1474476113883552790,modem_origin,-70.001745,-65.350593,-3.1092,0.0021641154936,-0.0254425388726,-0.966541993017,0.255234342429,6.0,0.0,0.0,0.0,0.0,0.0,0.0,6.0,0.0,0.0,0.0,0.0,0.0,0.0,6.0,0.0,0.0,0.0,0.0,0.0,0.0,0.0,0.0,0.0,0.0,0.0,0.0,0.0,0.0,0.0,0.0,0.0,0.0,0.0,0.0,0.0
1474476115357434325,232,1474476115324481010,modem_origin,-70.001745,-65.350593,-3.1092,0.0375062615165,-0.0199824006817,-0.970656393428,0.236685761946,6.0,0.0,0.0,0.0,0.0,0.0,0.0,6.0,0.0,0.0,0.0,0.0,0.0,0.0,6.0,0.0,0.0,0.0,0.0,0.0,0.0,0.0,0.0,0.0,0.0,0.0,0.0,0.0,0.0,0.0,0.0,0.0,0.0,0.0,0.0,0.0
1474476116827235681,233,1474476116763549089,modem_origin,-69.884146,-65.620893,-2.6588,0.0598644899666,0.00441843000816,-0.969008864577,0.239621661561,6.0,0.0,0.0,0.0,0.0,0.0,0.0,6.0,0.0,0.0,0.0,0.0,0.0,0.0,6.0,0.0,0.0,0.0,0.0,0.0,0.0,0.0,0.0,0.0,0.0,0.0,0.0,0.0,0.0,0.0,0.0,0.0,0.0,0.0,0.0,0.0
1474476132980971886,234,1474476132963551283,modem_origin,-71.160838,-64.589402,-1.9103,0.0473135212326,-0.0139346836052,-0.979158702884,0.197016471056,6.0,0.0,0.0,0.0,0.0,0.0,0.0,6.0,0.0,0.0,0.0,0.0,0.0,0.0,6.0,0.0,0.0,0.0,0.0,0.0,0.0,0.0,0.0,0.0,0.0,0.0,0.0,0.0,0.0,0.0,0.0,0.0,0.0,0.0,0.0,0.0
1474476137477147210,235,1474476137444676161,modem_origin,-70.445093,-65.073001,-3.7577,0.0790939560785,-0.00587099439319,-0.983331563324,0.16361147303,6.0,0.0,0.0,0.0,0.0,0.0,0.0,6.0,0.0,0.0,0.0,0.0,0.0,0.0,6.0,0.0,0.0,0.0,0.0,0.0,0.0,0.0,0.0,0.0,0.0,0.0,0.0,0.0,0.0,0.0,0.0,0.0,0.0,0.0,0.0,0.0
1474476161320562756,236,1474476161284705400,modem_origin,-70.49119,-65.530002,-0.6883,0.0257491925991,0.0188047630144,-0.914763681629,0.402729148115,6.0,0.0,0.0,0.0,0.0,0.0,0.0,6.0,0.0,0.0,0.0,0.0,0.0,0.0,6.0,0.0,0.0,0.0,0.0,0.0,0.0,0.0,0.0,0.0,0.0,0.0,0.0,0.0,0.0,0.0,0.0,0.0,0.0,0.0,0.0,0.0
