%time,field.data
1474477153467904939,50.0
1474477156408642703,50.0
1474477157565940801,60.0000038147
1474477159478439395,66.6666717529
1474477160565553591,71.4285736084
1474477163464356883,75.0
1474477165488765226,77.7777786255
1474477166666514107,80.0
1474477168488875374,81.8181838989
1474477169666705316,83.3333282471
1474477172465133015,84.6153869629
1474477172465133015,85.7142868042
1474477175162769829,86.6666641235
1474477175444509945,87.5
1474477176562108610,88.2352981567
1474477179260987129,88.8888931274
1474477179442084522,89.4736862183
1474477181435923922,90.0
1474477182664288489,90.4761886597
1474477184445894049,90.9090957642
1474477185562861689,91.3043518066
1474477187505442398,91.6666717529
1474477190656679254,92.0
1474477194483289977,92.3076934814
1474477199465090906,92.592590332
1474477202424196218,92.8571395874
1474477203662580014,93.1034469604
1474477206482863273,93.3333358765
1474477209432460689,93.5483856201
1474477212492208250,93.75
1474477214506742007,93.9393920898
1474477215855783441,94.1176452637
1474477217436648325,94.2857131958
1474477218565337644,94.444442749
1474477220478892900,94.5945892334
1474477223428713295,94.7368469238
1474477224445484741,94.8717956543
1474477225452079983,95.0
1474477228159891753,95.1219482422
1474477228461726040,95.2380981445
1474477230263925169,95.3488311768
1474477231472483622,95.4545440674
1474477234473024402,95.555557251
1474477235660734929,95.6521759033
1474477237482917553,95.744682312
1474477239426570280,95.8333282471
1474477240655325862,95.9183654785
1474477242437476776,96.0
1474477243555096604,96.0784301758
1474477245427422476,96.1538467407
1474477246554932153,96.2264175415
1474477248478202144,96.296295166
1474477250493426030,96.3636322021
1474477251660916188,96.4285736084
1474477254549888589,96.4912261963
1474477256472694673,96.5517196655
1474477258496271016,96.610168457
1474477259654330760,96.6666641235
1474477261426163142,96.7213058472
1474477262553764814,96.7741928101
1474477264487013753,96.8253936768
1474477266429917541,96.875
1474477267758608244,96.9230804443
1474477269480463329,96.9696960449
1474477270658417983,97.0149307251
1474477272440035627,97.0588226318
1474477273557979128,97.1014480591
1474477275661671074,97.1428604126
1474477277956956438,97.1830978394
1474477278430384002,97.2222213745
1474477279436921336,97.260269165
1474477280555062152,97.2973022461
1474477282488286226,97.3333358765
1474477283660700022,97.3684158325
1474477285472102517,97.40259552
1474477287475018637,97.4358978271
1474477288652701279,97.4683532715
1474477290484862027,97.5
1474477291653827639,97.5308685303
1474477293436167874,97.5609741211
1474477295481403062,97.5903625488
1474477296861002425,97.6190414429
1474477298501383514,97.6470565796
1474477299658670356,97.6744155884
1474477301440232360,97.7011489868
1474477304456036669,97.7272720337
1474477306169692570,97.7528076172
1474477306443526198,97.7777786255
1474477307568553691,97.8022003174
1474477310255266076,97.8260879517
1474477310450008065,97.8494644165
1474477313653636968,97.8723373413
1474477315481054882,97.8947372437
1474477316663628935,97.9166717529
1474477318482831654,97.9381408691
1474477320479990276,97.9591827393
1474477323475606261,97.9797973633
1474477324469263074,98.0
1474477325428047310,99.0
1474477326655821355,99.0
1474477328757343044,100.0
1474477330956286428,100.0
1474477333753651291,98.0
1474477335449638748,98.0
1474477337477657370,98.0
1474477357489612110,98.0
1474477360849189088,98.0
1474477360859269303,98.0
1474477362420960428,98.0
1474477363457473274,98.0
1474477365491502487,98.0
1474477366658836989,98.0
1474477368469638168,98.0
1474477370421724182,98.0
1474477373469628914,98.0
1474477378471898143,96.0
1474477381151340410,96.0
1474477381423938838,96.0
1474477382551009897,96.0
1474477384418583613,96.0
1474477386252114335,96.0
1474477389467666375,96.0
1474477390651947058,96.0
1474477394258515244,95.0
1474477395555875414,95.0
1474477397431938275,95.0
1474477398552669009,95.0
1474477400483418792,95.0
1474477402352733442,95.0
1474477403456465339,95.0
1474477406153302665,95.0
1474477406480163420,95.0
1474477408855880449,95.0
1474477410954043090,95.0
1474477411552658073,95.0
1474477413414490192,95.0
1474477414556131181,95.0
1474477416405210837,95.0
1474477417553013328,95.0
1474477424436339169,93.0
1474477425460412841,93.0
1474477426430243552,93.0
1474477429486192154,93.0
1474477430439011291,93.0
1474477431431078793,93.0
1474477432663198965,93.0
1474477434416526270,93.0
1474477436262594598,93.0
1474477437435065054,93.0
1474477438749100779,93.0
1474477440413019027,93.0
1474477441664037585,93.0
1474477443471987332,93.0
1474477445430871387,93.0
1474477446553129180,93.0
1474477448462426751,93.0
1474477449548422678,93.0
1474477452663875943,93.0
1474477452663875943,93.0
1474477454492756589,93.0
1474477455661021577,93.0
1474477457472751456,93.0
1474477458554855174,93.0
1474477460664502312,93.0
1474477461415175221,93.0
1474477462764059735,93.0
1474477465589113406,93.0
1474477467469140115,93.0
1474477469365447164,93.0
1474477470550944711,93.0
1474477472491446430,93.0
1474477473670733998,93.0
1474477475471234232,93.0
1474477477363146577,93.0
1474477483552570911,93.0
1474477486424564925,93.0
1474477502654861464,91.0
1474477504398429087,91.0
1474477505552991121,91.0
1474477507423321607,91.0
1474477512754607048,89.0
1474477514262216093,89.0
1474477514474578140,89.0
1474477515656966607,89.0
1474477517473732902,89.0
1474477519408826661,89.0
1474477520548519559,89.0
1474477522433635895,89.0
1474477523552636671,89.0
1474477525432232047,89.0
1474477527433632700,89.0
1474477528652255875,90.0
1474477530474668773,91.0
1474477531651936285,91.0
1474477533487725377,91.0
1474477535378147497,91.0
1474477538476081766,91.0
1474477542416125071,91.0
1474477545467601339,91.0
1474477546654070389,91.0
1474477548426062121,91.0
1474477549555795667,91.0
1474477551763422605,91.0
1474477552482995212,91.0
1474477553562990942,91.0
1474477555482269316,91.0
1474477556563090668,92.0
1474477558476051851,93.0
1474477560362630343,93.0
1474477561464182765,93.0
1474477564164301144,93.0
1474477564425962806,93.0
1474477565556495434,93.0
1474477567414862369,93.0
1474477569246123078,93.0
1474477575411334472,91.0
1474477577247443044,91.0
1474477580477284792,91.0
1474477581659304697,91.0
1474477583478763792,91.0
1474477585350801038,91.0
1474477586546162911,91.0
1474477589246502285,91.0
1474477589428057004,91.0
1474477590650242269,91.0
1474477592487586729,91.0
1474477594352470182,91.0
1474477595546890804,91.0
1474477597420730914,91.0
1474477598546971713,91.0
1474477601468213157,92.0
1474477602653063601,93.0
1474477605478162415,93.0
1474477606419082820,93.0
1474477607453710129,93.0
1474477609417775555,93.0
1474477614752561177,93.0
1474477616436532524,93.0
1474477617548515907,93.0
1474477625470889374,93.0
1474477629480609639,93.0
1474477633853808772,93.0
1474477642739938447,93.0
1474477645742838920,93.0
1474477648466113377,93.0
1474477650461921490,93.0
1474477652344602905,93.0
1474477653544836804,93.0
1474477658433260457,91.0
1474477659541479304,91.0
1474477661844330496,91.0
1474477663484463142,91.0
1474477664641994111,91.0
1474477666463977449,91.0
1474477669643008247,91.0
1474477680480624613,89.0
1474477681643343601,89.0
1474477683471799330,89.0
1474477684641607062,89.0
1474477687462866076,89.0
1474477689242852929,89.0
1474477689464434106,89.0
1474477690641552841,89.0
1474477692483973990,89.0
1474477696399382428,89.0
1474477697545976240,90.0
1474477699420581614,91.0
1474477704421215835,91.0
1474477705541171942,91.0
1474477707449204162,91.0
1474477712480005812,91.0
1474477713639847904,92.0
1474477715404227940,93.0
1474477716541843688,93.0
1474477718396705259,93.0
1474477720416014731,93.0
1474477721394016493,93.0
1474477722462547716,93.0
1474477725143042984,93.0
1474477725407124685,93.0
1474477728461429691,93.0
1474477729640534428,93.0
1474477731456025363,93.0
1474477732534390955,93.0
1474477734474330018,93.0
1474477736423603168,93.0
1474477737640793686,93.0
1474477739414153068,93.0
1474477742430568914,93.0
1474477744246716616,93.0
1474477745445194438,93.0
1474477752439561501,93.0
1474477752479813268,93.0
1474477756040407868,93.0
1474477756449986028,93.0
1474477762470192403,91.0
1474477763413914002,91.0
1474477764646287954,91.0
1474477766417117570,91.0
1474477768234929587,91.0
1474477769456955926,91.0
1474477774474396158,91.0
1474477776937578934,91.0
1474477777471743956,91.0
1474477778423308199,91.0
1474477779738133817,91.0
1474477781417798047,92.0
1474477782537516712,93.0
1474477784638562573,94.0
1474477786637264012,93.0
1474477791459154030,91.0
1474477794403889656,91.0
1474477795467857709,91.0
1474477796453756739,91.0
1474477797633903696,91.0
1474477799458457670,91.0
1474477801338118207,91.0
1474477804464048765,91.0
1474477807405438660,91.0
1474477808424030217,91.0
1474477810033863018,91.0
1474477811469069231,91.0
1474477812484634781,91.0
1474477816033800289,91.0
1474477816463842043,91.0
1474477818138750104,91.0
1474477820483994481,91.0
1474477823130176493,91.0
1474477823418130895,91.0
1474477824527474554,91.0
1474477826537693154,91.0
1474477827738402604,91.0
1474477829444671096,91.0
1474477830531585473,91.0
1474477832484249474,91.0
1474477834342234073,91.0
1474477835532002498,91.0
1474477837455843070,91.0
1474477838639633353,91.0
1474477840465473728,92.0
1474477841632836221,93.0
1474477843637914906,93.0
1474477845390287989,93.0
1474477846534881494,93.0
1474477849235642101,93.0
1474477849416938745,93.0
1474477851235312176,93.0
1474477852417346440,93.0
1474477855401905227,94.0
1474477856539233447,95.0
1474477858454348063,95.0
1474477860454705230,95.0
1474477863473507374,95.0
1474477864641094756,95.0
1474477866414178181,95.0
1474477868464504293,95.0
1474477869624322266,95.0
1474477871409837883,95.0
1474477872537454533,95.0
1474477876138226933,95.0
1474477876464299234,95.0
1474477877529147531,95.0
1474477879473200668,95.0
1474477880640938057,95.0
1474477882468945515,95.0
1474477884330316346,95.0
1474477885467662965,95.0
1474477888132896292,95.0
1474477888394669678,95.0
1474477889536708311,95.0
1474477891473915119,95.0
1474477895424670192,95.0
1474477896543529924,95.0
1474477900485336370,95.0
1474477902345509577,95.0
1474477903540401654,95.0
1474477907473714322,95.0
1474477908640538308,95.0
1474477910736725587,95.0
1474477914414275310,93.0
1474477915436868939,93.0
1474477920125720588,93.0
1474477920448076685,93.0
1474477922827864830,93.0
1474477924423646996,93.0
1474477929367211016,93.0
1474477930732524016,93.0
1474477933530064664,93.0
1474477935728782794,94.0
1474477936424138011,95.0
1474477937627716579,95.0
1474477939408796802,95.0
1474477942383562760,95.0
1474477944433812934,95.0
1474477947130144631,95.0
1474477947459787203,95.0
1474477948535562337,95.0
1474477950436214500,95.0
1474477955456684487,93.0
1474477956633150912,93.0
1474477958423766807,93.0
1474477960235392575,93.0
1474477961456613939,94.0
1474477963454750491,94.0
1474477964634147478,95.0
1474477966428606300,96.0
1474477967534681779,96.0
1474477969640358653,96.0
1474477971468882165,96.0
1474477974425056867,96.0
1474477975400149108,96.0
1474477977041367896,96.0
1474477978403120755,96.0
1474477981448455496,96.0
1474477983229202287,96.0
1474477983390381977,96.0
1474477986450001312,96.0
1474477987420702269,96.0
1474477988450488415,96.0
1474477989738017796,96.0
1474477993383119414,96.0
1474477994735372433,96.0
1474477996381338828,96.0
1474477997527871488,96.0
1474478000235763372,96.0
1474478000367279868,96.0
1474478002423256229,96.0
1474478003634078962,96.0
1474478005447526015,96.0
1474478006533931443,96.0
1474478008381320889,96.0
1474478010461936148,96.0
1474478011722808840,96.0
1474478013437563754,96.0
1474478014529297787,96.0
1474478016401053662,96.0
1474478019457727208,96.0
1474478021230282507,96.0
1474478021372028873,96.0
1474478022632515112,96.0
1474478024421208844,96.0
1474478027448007819,96.0
1474478028461821237,96.0
1474478029414025788,96.0
1474478030734538300,96.0
1474478032433233627,96.0
1474478034332691785,96.0
1474478035429919688,96.0
1474478038132964998,96.0
1474478038415200627,96.0
1474478039524349593,96.0
1474478043529467398,96.0
1474478043529467398,96.0
1474478045433849600,96.0
1474478046532410930,96.0
1474478048381825715,96.0
1474478049533660815,96.0
1474478054630612927,96.0
1474478058533914189,96.0
1474478064394793771,94.0
1474478065530976640,94.0
1474478067374720633,94.0
1474478068523848763,94.0
1474478074432185902,92.0
1474478076223725609,92.0
1474478076425379355,92.0
1474478077521609296,92.0
1474478079624432348,92.0
1474478081931583324,92.0
1474478082434954398,92.0
1474478083385803425,92.0
1474478084832417259,93.0
1474478086928487898,94.0
1474478087520957522,94.0
1474478089385353409,94.0
1474478090531449233,94.0
1474478092443321449,94.0
1474478095632621412,94.0
1474478097461197244,94.0
1474478098630389757,94.0
1474478100413739794,94.0
1474478101531018602,94.0
1474478103729757468,94.0
1474478104381603432,94.0
1474478107429521792,94.0
1474478108412069682,94.0
1474478109407442972,94.0
1474478111430047272,94.0
1474478112633935764,94.0
1474478114424828101,94.0
1474478115633004244,94.0
1474478117374372448,94.0
1474478118529761156,95.0
1474478120629816305,96.0
1474478122452282179,96.0
1474478123632453720,96.0
1474478125363038763,96.0
1474478126522918932,96.0
1474478129425137262,96.0
1474478132124428235,96.0
1474478132390906916,96.0
1474478133623599749,96.0
1474478136522804555,96.0
1474478138413949078,96.0
1474478139530499489,96.0
1474478142442618506,96.0
1474478145126828198,96.0
1474478145414434695,96.0
1474478146524760291,96.0
1474478148733747522,96.0
1474478149388810117,96.0
1474478153533692661,94.0
1474478155444774416,94.0
1474478158427018870,94.0
1474478160233322823,94.0
1474478160411228970,94.0
1474478161729566155,94.0
1474478163427766828,94.0
1474478165338383869,94.0
1474478168383417616,94.0
1474478170236319957,94.0
1474478170418404928,94.0
1474478171634349015,94.0
1474478173825528438,94.0
1474478174399817246,94.0
1474478175731194219,94.0
1474478177466004811,94.0
1474478178626455522,94.0
1474478182471667589,94.0
1474478183731257738,94.0
1474478185382928794,94.0
1474478186532270542,94.0
1474478188431365268,94.0
1474478190331971888,94.0
1474478191531191327,94.0
1474478193453002317,94.0
1474478194634012780,94.0
1474478196362274671,94.0
1474478203452817298,94.0
1474478204632215877,94.0
1474478206724125762,94.0
1474478207383801134,94.0
1474478208829264069,94.0
1474478210364025101,94.0
1474478211530996325,94.0
1474478213415401472,94.0
1474478215224347396,94.0
1474478216428026453,94.0
1474478218406789468,94.0
1474478219527040385,94.0
1474478221401906178,94.0
1474478224421472753,94.0
1474478225531935206,94.0
1474478227434958435,95.0
1474478228530185333,96.0
