% frame a, frame b, inliers, ax, ay, az, aqx, aqy, aqz, aqw, bx, by, bz, bqx, bqy, bqz, bqw
346,416,165,-48.7738,-30.8666,-3.45507,-0.281043,0.000628812,0.237881,0.929746,-49.1095,-30.4753,-3.42622,-0.25498,-0.110743,-0.0286472,0.960157
138,359,48,-41.171,-33.6633,-2.10528,0.0217532,0.220055,0.968514,0.114386,-42.6417,-32.1515,-2.77404,-0.153252,-0.10037,-0.603651,0.775916
198,352,90,-42.9872,-31.1972,-2.85055,0.0317979,0.272785,0.958623,0.0749571,-44.6585,-30.6537,-3.22386,-0.206141,-0.0710161,-0.110917,0.969619
85,428,69,-43.9621,-34.6995,-1.43915,-0.00343214,0.225409,0.967774,0.112214,-44.7838,-33.5441,-1.95418,-0.139036,-0.229107,-0.675568,0.686867
262,321,139,-47.3601,-45.5878,2.69191,0.0504513,0.192316,0.974773,0.101425,-47.3205,-45.8637,2.74289,-0.00364753,0.170166,0.976644,0.131139
198,284,52,-42.9872,-31.1972,-2.85055,0.0317979,0.272785,0.958623,0.0749571,-43.9291,-31.0667,-2.98287,-0.198748,-0.0100697,-0.0562523,0.978383
52,268,115,-50.828,-42.1896,1.4857,-0.128145,-0.0762702,-0.0870268,0.984981,-50.0175,-43.2173,1.89586,-0.0587531,0.160568,0.713495,0.679479
95,153,82,-52.3188,-34.5432,-1.80919,0.0569491,0.326722,0.8325,-0.443794,-52.5586,-33.8579,-1.70829,-0.0315043,-0.266823,-0.812811,0.516867
37,96,220,-52.6383,-35.1548,-1.42621,0.0401864,0.231472,0.912474,-0.334958,-52.874,-34.8882,-1.2908,-0.135939,-0.29919,-0.77302,0.542629
38,97,57,-52.8518,-35.4432,-1.3244,0.0410836,0.254955,0.859975,-0.440175,-53.1132,-35.7705,-0.798155,-0.12162,-0.22434,-0.755858,0.602959
3,65,69,-40.232,-44.6446,1.72096,-0.0166304,0.13176,0.562151,0.816302,-41.0494,-43.7006,1.81593,-0.101837,-0.00052141,-0.148536,0.983649
198,354,5,-42.9872,-31.1972,-2.85055,0.0317979,0.272785,0.958623,0.0749571,-44.042,-30.7343,-3.06288,-0.204512,-0.0365889,-0.168256,0.963601
103,334,130,-52.8263,-39.722,0.48695,-0.118916,-0.0924044,-0.243214,0.95821,-52.3668,-40.6179,0.906401,-0.13343,0.0864756,0.636303,0.754876
219,337,130,-51.9098,-36.1587,-0.784495,-0.172338,-0.113559,-0.247611,0.946622,-51.42,-37.2023,-0.313978,-0.0891817,0.0529171,0.592918,0.798558
220,337,14,-51.5999,-36.3726,-0.624655,-0.142725,-0.139405,-0.160105,0.966728,-51.42,-37.2023,-0.313978,-0.0891817,0.0529171,0.592918,0.798558
130,185,237,-37.4559,-37.604,-0.752052,-0.0678537,0.160723,0.646858,0.742387,-37.677,-37.6115,-0.679919,-0.103871,0.193869,0.592982,0.774595
120,245,5,-40.3645,-42.7133,1.35885,-0.0666919,0.0715407,0.173145,0.980028,-38.9105,-42.2174,1.09951,-0.157119,-0.129026,-0.750614,0.628685
39,156,88,-53.4621,-35.8768,-0.955248,-0.106942,-0.256551,-0.810927,0.51492,-53.4438,-35.8873,-0.953672,-0.0782627,-0.212046,-0.715705,0.660816
40,156,219,-53.4967,-36.2904,-0.813679,-0.101551,-0.232586,-0.781278,0.57026,-53.4438,-35.8873,-0.953672,-0.0782627,-0.212046,-0.715705,0.660816
6,67,56,-39.7082,-43.8568,1.73093,-0.069002,0.175902,0.588611,0.786025,-39.444,-43.831,1.53963,-0.0868613,0.115505,0.371762,0.91701
37,155,23,-52.6383,-35.1548,-1.42621,0.0401864,0.231472,0.912474,-0.334958,-53.1915,-34.6671,-1.38279,-0.115082,-0.268561,-0.751476,0.591536
72,127,60,-38.0237,-40.5642,0.494669,-0.0736566,0.217418,0.628078,0.743521,-38.0417,-39.9024,0.243011,-0.0488878,0.150075,0.611907,0.775021
67,246,87,-39.444,-43.831,1.53963,-0.0868613,0.115505,0.371762,0.91701,-38.8772,-42.5293,1.18337,-0.154859,-0.114284,-0.764834,0.614806
3,66,67,-40.232,-44.6446,1.72096,-0.0166304,0.13176,0.562151,0.816302,-40.5313,-44.0348,1.71832,-0.205543,0.029384,-0.0669672,0.975912
153,407,314,-52.5586,-33.8579,-1.70829,-0.0315043,-0.266823,-0.812811,0.516867,-53.4977,-35.0647,-1.18493,-0.138398,0.0815119,0.592737,0.789218
283,353,46,-44.5968,-31.0359,-2.94554,-0.187042,-0.0418367,-0.0082719,0.981426,-44.2261,-30.6236,-3.1786,-0.206355,-0.0563504,-0.154038,0.964632
83,362,207,-41.8368,-35.1352,-1.39515,-0.00511602,0.198192,0.971018,0.133485,-42.3015,-34.226,-1.56531,-0.146942,-0.210262,-0.717537,0.647563
49,330,75,-53.1083,-41.5567,1.12559,-0.178496,-0.0950139,-0.186991,0.961325,-52.6841,-41.9916,1.33517,-0.0592649,0.0767106,0.67942,0.727319
173,300,94,-42.3274,-39.8767,0.642877,-0.178254,-0.033369,-0.0939574,0.97892,-40.9404,-39.2887,0.391559,-0.137711,-0.16791,-0.781723,0.584595
224,274,216,-49.5695,-37.0764,-0.340716,-0.157669,-0.0318942,-0.0886608,0.982987,-48.8807,-38.1173,0.038015,-0.121171,0.0956017,0.581124,0.799045
129,183,54,-37.7916,-38.8477,-0.251437,-0.0876908,0.18719,0.623559,0.753952,-38.063,-38.8222,-0.173859,-0.0538698,0.111069,0.535794,0.835276
8,121,162,-39.5478,-43.1057,1.70698,-0.112323,0.157964,0.576298,0.793922,-40.0396,-42.72,1.36353,-0.0375256,0.150344,0.285403,0.945798
7,121,174,-39.6613,-43.4147,1.70887,-0.0720513,0.186569,0.571787,0.795651,-40.0396,-42.72,1.36353,-0.0375256,0.150344,0.285403,0.945798
74,129,184,-37.8144,-38.8258,-0.268506,-0.068393,0.149499,0.629869,0.759103,-37.7916,-38.8477,-0.251437,-0.0876908,0.18719,0.623559,0.753952
94,151,50,-51.3194,-33.7428,-1.99524,-0.0530088,0.282873,0.924435,-0.250184,-52.0712,-33.1651,-2.35155,0.0496061,0.294673,0.835561,-0.461025
198,283,288,-42.9872,-31.1972,-2.85055,0.0317979,0.272785,0.958623,0.0749571,-44.5968,-31.0359,-2.94554,-0.187042,-0.0418367,-0.0082719,0.981426
135,289,33,-38.9397,-34.6444,-1.8584,0.0339797,0.228706,0.942092,0.242901,-39.9323,-33.1295,-2.37074,-0.189734,-0.1169,-0.655374,0.721679
156,404,7,-53.4438,-35.8873,-0.953672,-0.0782627,-0.212046,-0.715705,0.660816,-54.2499,-36.6209,-0.522352,-0.144784,0.0764932,0.591585,0.789439
40,98,70,-53.4967,-36.2904,-0.813679,-0.101551,-0.232586,-0.781278,0.57026,-53.1768,-36.6754,-0.597131,-0.0522193,-0.205753,-0.753685,0.622011
36,154,88,-52.2501,-34.8861,-1.54423,0.014374,0.255389,0.91755,-0.304419,-52.9117,-34.3187,-1.65222,-0.0983016,-0.256654,-0.78529,0.554784
73,182,53,-37.8964,-39.5192,-0.0130592,-0.0578961,0.23383,0.637835,0.731532,-38.3012,-39.1281,-0.0923233,-0.062309,0.105547,0.524827,0.842339
378,443,119,-46.1386,-45.2395,2.54965,0.0252138,0.216101,0.973069,-0.0761675,-47.1652,-44.5707,2.24766,-0.0488351,-0.119036,-0.435685,0.890856
201,349,179,-45.9385,-30.7866,-2.91268,-0.000667096,0.294411,0.946855,0.129569,-46.8123,-30.3576,-3.43541,-0.207833,-0.0826786,-0.0266946,0.974298
199,282,364,-43.6099,-31.2101,-2.90638,0.00967535,0.267135,0.959367,0.0903285,-45.3026,-31.1385,-3.10361,-0.160123,0.0250422,0.107247,0.980934
39,403,14,-53.4621,-35.8768,-0.955248,-0.106942,-0.256551,-0.810927,0.51492,-54.2031,-37.0844,-0.43929,-0.123743,0.0554514,0.616921,0.775256
108,270,101,-49.9773,-40.7804,0.85841,-0.144236,-0.0573777,-0.0752299,0.98501,-49.6984,-41.5425,1.15879,-0.119329,0.116565,0.628329,0.759852
316,446,87,-44.6612,-46.0777,2.57156,0.0193232,0.208268,0.977502,-0.0272132,-45.9117,-45.6918,2.6941,-0.121579,-0.0911815,-0.173203,0.97309
260,444,85,-45.6706,-45.8424,2.80058,0.0183845,0.171475,0.981027,0.0885711,-47.0666,-44.9648,2.26591,-0.15383,-0.0848429,-0.383856,0.906528
213,409,224,-51.89,-31.8332,-2.898,-0.120952,-0.271097,-0.794494,0.52977,-52.7081,-32.9076,-2.31802,-0.204835,0.140896,0.592535,0.76622
112,436,86,-47.1132,-41.052,1.47863,-0.107266,-0.0599237,-0.0517429,0.991073,-46.4587,-40.3865,0.95927,-0.0888018,-0.162355,-0.773465,0.606224
285,356,50,-43.1376,-31.2372,-2.99779,-0.190683,-0.01407,-0.0911643,0.977308,-43.4829,-30.9641,-3.14948,-0.108999,-0.0488142,-0.228077,0.96629
202,347,240,-46.9545,-30.5996,-3.03039,-0.00876815,0.29034,0.950514,0.110227,-48.2794,-30.5059,-3.41329,-0.272815,-0.0812948,0.124393,0.950521
103,333,158,-52.8263,-39.722,0.48695,-0.118916,-0.0924044,-0.243214,0.95821,-52.4043,-41.0287,1.0289,-0.121566,0.0836981,0.63456,0.75865
261,319,68,-46.7742,-45.5953,2.79709,0.0155435,0.185544,0.977876,0.0953447,-46.4671,-46.0112,2.73517,0.00649343,0.180855,0.982264,0.0490601
378,442,62,-46.1386,-45.2395,2.54965,0.0252138,0.216101,0.973069,-0.0761675,-47.3232,-44.0743,2.01853,-0.145123,-0.137965,-0.632459,0.748265
348,419,64,-47.5413,-30.4483,-3.51784,-0.261193,-0.0797561,0.0468008,0.960847,-47.4379,-30.6933,-3.45094,-0.230772,-0.116336,-0.113146,0.959379
325,385,115,-50.7144,-44.887,2.45859,0.00528665,0.151522,0.976225,0.15491,-50.9483,-44.925,2.39678,-0.0531761,0.179489,0.977012,0.101996
280,422,229,-46.3373,-31.4816,-2.93606,-0.20395,0.0538628,0.284399,0.935212,-46.3941,-30.8416,-3.06066,-0.205729,-0.0994139,-0.155505,0.961047
200,422,10,-44.894,-30.9002,-2.95803,0.0213959,0.265282,0.958111,0.105783,-46.3941,-30.8416,-3.06066,-0.205729,-0.0994139,-0.155505,0.961047
200,421,8,-44.894,-30.9002,-2.95803,0.0213959,0.265282,0.958111,0.105783,-46.8553,-30.7487,-3.09807,-0.21805,-0.138789,-0.119603,0.958586
232,366,84,-43.9702,-37.584,0.0359074,-0.102636,-0.0704994,-0.0503936,0.990937,-43.0201,-36.9985,-0.474667,-0.121265,-0.154625,-0.78092,0.592916
202,348,5,-46.9545,-30.5996,-3.03039,-0.00876815,0.29034,0.950514,0.110227,-47.5413,-30.4483,-3.51784,-0.261193,-0.0797561,0.0468008,0.960847
40,402,87,-53.4967,-36.2904,-0.813679,-0.101551,-0.232586,-0.781278,0.57026,-54.3254,-37.4834,-0.234909,-0.118768,0.0723705,0.603259,0.785325
135,290,168,-38.9397,-34.6444,-1.8584,0.0339797,0.228706,0.942092,0.242901,-39.8683,-33.3988,-2.25632,-0.148197,-0.140706,-0.652361,0.729838
349,419,13,-46.8123,-30.3576,-3.43541,-0.207833,-0.0826786,-0.0266946,0.974298,-47.4379,-30.6933,-3.45094,-0.230772,-0.116336,-0.113146,0.959379
203,415,48,-48.0568,-30.3799,-3.14381,-0.0232285,0.304983,0.943771,0.125468,-49.7141,-30.4761,-3.62855,-0.190676,-0.107819,0.0273232,0.975331
37,406,92,-52.6383,-35.1548,-1.42621,0.0401864,0.231472,0.912474,-0.334958,-53.7871,-35.7349,-0.944942,-0.179957,0.0636287,0.583554,0.789323
377,444,92,-45.6859,-44.9447,2.41691,0.0495306,0.213229,0.956976,-0.190465,-47.0666,-44.9648,2.26591,-0.15383,-0.0848429,-0.383856,0.906528
96,406,8,-52.874,-34.8882,-1.2908,-0.135939,-0.29919,-0.77302,0.542629,-53.7871,-35.7349,-0.944942,-0.179957,0.0636287,0.583554,0.789323
322,381,306,-48.6871,-45.457,2.68431,0.0320813,0.18321,0.974803,0.123142,-48.7841,-45.2986,2.61723,0.0135784,0.170946,0.984162,0.0449291
154,217,29,-52.9117,-34.3187,-1.65222,-0.0983016,-0.256654,-0.78529,0.554784,-52.7819,-34.5441,-1.54352,-0.109539,-0.161484,-0.666373,0.719633
262,379,68,-47.3601,-45.5878,2.69191,0.0504513,0.192316,0.974773,0.101425,-47.1328,-45.3252,2.64156,0.0105826,0.218868,0.973866,-0.0597411
33,340,139,-49.9191,-35.0691,-1.14431,-0.101418,0.255223,0.949258,0.153247,-50.7545,-35.468,-0.757989,-0.151863,0.0671368,0.601025,0.781792
220,336,28,-51.5999,-36.3726,-0.624655,-0.142725,-0.139405,-0.160105,0.966728,-51.5527,-37.5276,-0.27732,-0.0910473,0.0441651,0.605972,0.789023
256,313,93,-43.0194,-46.0926,2.70756,0.00732277,0.173595,0.98479,-0.000428685,-43.1676,-45.6995,2.60543,0.0213092,0.157928,0.973677,-0.162968
117,302,54,-42.3791,-41.998,1.11832,-0.138486,0.0457694,-0.0981869,0.984422,-41.616,-41.7113,1.42101,-0.133623,-0.128703,-0.749036,0.636023
263,380,109,-48.1802,-45.3853,2.62483,0.0265912,0.190162,0.97074,0.144206,-48.2516,-45.2872,2.55417,0.0308796,0.211385,0.976914,-0.000891023
258,315,132,-44.0287,-46.1165,2.69582,0.0153588,0.161826,0.984182,0.0704397,-44.1105,-46.0253,2.53807,0.00751201,0.199155,0.975782,-0.0901702
95,152,14,-52.3188,-34.5432,-1.80919,0.0569491,0.326722,0.8325,-0.443794,-52.3644,-33.6034,-2.19066,0.0613424,0.289677,0.829168,-0.474136
229,433,236,-46.4983,-37.4176,-0.266009,-0.10365,-0.0177657,-0.0363623,0.99379,-45.6144,-36.7793,-0.378632,-0.151166,-0.211911,-0.760927,0.594334
214,408,82,-52.1469,-32.4522,-2.57051,-0.138185,-0.273622,-0.754378,0.580474,-52.9193,-33.4988,-1.86752,-0.208491,0.109827,0.593609,0.769479
155,406,261,-53.1915,-34.6671,-1.38279,-0.115082,-0.268561,-0.751476,0.591536,-53.7871,-35.7349,-0.944942,-0.179957,0.0636287,0.583554,0.789323
200,350,32,-44.894,-30.9002,-2.95803,0.0213959,0.265282,0.958111,0.105783,-46.4701,-30.4121,-3.47871,-0.247054,-0.0981864,-0.0408359,0.963149
280,350,38,-46.3373,-31.4816,-2.93606,-0.20395,0.0538628,0.284399,0.935212,-46.4701,-30.4121,-3.47871,-0.247054,-0.0981864,-0.0408359,0.963149
197,285,137,-41.4834,-31.4818,-2.90364,0.0514734,0.25759,0.957805,0.116655,-43.1376,-31.2372,-2.99779,-0.190683,-0.01407,-0.0911643,0.977308
6,246,76,-39.7082,-43.8568,1.73093,-0.069002,0.175902,0.588611,0.786025,-38.8772,-42.5293,1.18337,-0.154859,-0.114284,-0.764834,0.614806
7,245,66,-39.6613,-43.4147,1.70887,-0.0720513,0.186569,0.571787,0.795651,-38.9105,-42.2174,1.09951,-0.157119,-0.129026,-0.750614,0.628685
162,272,169,-49.7686,-39.0525,0.182028,-0.142605,-0.0560861,-0.06275,0.986195,-49.4091,-40.3166,0.634613,-0.135806,0.117998,0.602639,0.77747
200,280,207,-44.894,-30.9002,-2.95803,0.0213959,0.265282,0.958111,0.105783,-46.3373,-31.4816,-2.93606,-0.20395,0.0538628,0.284399,0.935212
87,277,143,-46.1878,-34.1823,-1.51247,-0.0484402,0.241432,0.956579,0.155948,-47.6451,-34.396,-1.43398,-0.14546,0.128328,0.597673,0.777921
74,183,60,-37.8144,-38.8258,-0.268506,-0.068393,0.149499,0.629869,0.759103,-38.063,-38.8222,-0.173859,-0.0538698,0.111069,0.535794,0.835276
122,244,171,-39.7103,-42.4922,1.36086,-0.196471,0.119752,0.341935,0.91112,-38.7004,-41.308,0.796716,-0.165112,-0.153629,-0.730679,0.644395
95,154,161,-52.3188,-34.5432,-1.80919,0.0569491,0.326722,0.8325,-0.443794,-52.9117,-34.3187,-1.65222,-0.0983016,-0.256654,-0.78529,0.554784
322,380,11,-48.6871,-45.457,2.68431,0.0320813,0.18321,0.974803,0.123142,-48.2516,-45.2872,2.55417,0.0308796,0.211385,0.976914,-0.000891023
198,353,127,-42.9872,-31.1972,-2.85055,0.0317979,0.272785,0.958623,0.0749571,-44.2261,-30.6236,-3.1786,-0.206355,-0.0563504,-0.154038,0.964632
146,343,411,-48.9451,-32.2841,-2.39633,-0.0253328,0.26982,0.952157,0.141256,-49.8335,-32.7778,-2.21725,-0.205789,0.142107,0.592923,0.76544
219,336,69,-51.9098,-36.1587,-0.784495,-0.172338,-0.113559,-0.247611,0.946622,-51.5527,-37.5276,-0.27732,-0.0910473,0.0441651,0.605972,0.789023
258,314,60,-44.0287,-46.1165,2.69582,0.0153588,0.161826,0.984182,0.0704397,-43.8195,-45.7891,2.63409,-0.0155205,0.117177,0.992754,-0.0216551
97,156,34,-53.1132,-35.7705,-0.798155,-0.12162,-0.22434,-0.755858,0.602959,-53.4438,-35.8873,-0.953672,-0.0782627,-0.212046,-0.715705,0.660816
96,155,315,-52.874,-34.8882,-1.2908,-0.135939,-0.29919,-0.77302,0.542629,-53.1915,-34.6671,-1.38279,-0.115082,-0.268561,-0.751476,0.591536
94,152,38,-51.3194,-33.7428,-1.99524,-0.0530088,0.282873,0.924435,-0.250184,-52.3644,-33.6034,-2.19066,0.0613424,0.289677,0.829168,-0.474136
71,126,97,-38.0425,-40.9394,0.712934,-0.0728963,0.202061,0.6355,0.741618,-38.1908,-40.7606,0.488002,-0.0717981,0.132409,0.581754,0.799297
37,217,9,-52.6383,-35.1548,-1.42621,0.0401864,0.231472,0.912474,-0.334958,-52.7819,-34.5441,-1.54352,-0.109539,-0.161484,-0.666373,0.719633
203,345,61,-48.0568,-30.3799,-3.14381,-0.0232285,0.304983,0.943771,0.125468,-49.3441,-31.2331,-3.17861,-0.287453,0.0391159,0.375484,0.880257
90,341,60,-49.3918,-33.4879,-1.44066,0.0158274,0.249003,0.958674,0.136716,-50.4482,-34.3129,-1.25094,-0.162727,0.0999282,0.614668,0.765322
36,95,223,-52.2501,-34.8861,-1.54423,0.014374,0.255389,0.91755,-0.304419,-52.3188,-34.5432,-1.80919,0.0569491,0.326722,0.8325,-0.443794
70,124,50,-38.1042,-41.3494,0.882131,-0.0571268,0.177065,0.638056,0.747174,-38.537,-41.2752,0.727286,-0.0755286,0.178097,0.502962,0.842381
71,124,19,-38.0425,-40.9394,0.712934,-0.0728963,0.202061,0.6355,0.741618,-38.537,-41.2752,0.727286,-0.0755286,0.178097,0.502962,0.842381
9,122,94,-39.4807,-42.7326,1.50901,-0.113892,0.223612,0.573057,0.780148,-39.7103,-42.4922,1.36086,-0.196471,0.119752,0.341935,0.91112
211,410,98,-51.4837,-30.9682,-3.51845,0.0905619,0.289965,0.836598,-0.455876,-52.1477,-31.6853,-3.12333,-0.2274,0.11312,0.571613,0.780225
38,405,83,-52.8518,-35.4432,-1.3244,0.0410836,0.254955,0.859975,-0.440175,-54.0412,-36.1993,-0.754992,-0.130204,0.093513,0.567125,0.807881
22,364,61,-41.4994,-36.9864,-0.314489,0.000193785,0.227966,0.959215,0.167146,-42.6154,-36.0841,-0.902233,-0.0985496,-0.165892,-0.779008,0.596585
29,276,99,-47.1445,-35.6099,-0.636764,0.0105574,0.250251,0.95774,0.141408,-47.9384,-35.5779,-0.883531,-0.11011,0.111014,0.608438,0.778046
154,216,95,-52.9117,-34.3187,-1.65222,-0.0983016,-0.256654,-0.78529,0.554784,-52.5539,-34.0415,-1.93855,-0.111099,-0.252555,-0.741955,0.611045
70,125,21,-38.1042,-41.3494,0.882131,-0.0571268,0.177065,0.638056,0.747174,-38.3354,-41.0172,0.620549,-0.0768686,0.161926,0.54855,0.816679
280,421,75,-46.3373,-31.4816,-2.93606,-0.20395,0.0538628,0.284399,0.935212,-46.8553,-30.7487,-3.09807,-0.21805,-0.138789,-0.119603,0.958586
201,421,65,-45.9385,-30.7866,-2.91268,-0.000667096,0.294411,0.946855,0.129569,-46.8553,-30.7487,-3.09807,-0.21805,-0.138789,-0.119603,0.958586
201,348,81,-45.9385,-30.7866,-2.91268,-0.000667096,0.294411,0.946855,0.129569,-47.5413,-30.4483,-3.51784,-0.261193,-0.0797561,0.0468008,0.960847
39,404,187,-53.4621,-35.8768,-0.955248,-0.106942,-0.256551,-0.810927,0.51492,-54.2499,-36.6209,-0.522352,-0.144784,0.0764932,0.591585,0.789439
323,383,450,-49.8205,-45.119,2.65052,-0.000704201,0.170198,0.974542,0.145946,-49.7539,-45.1234,2.56277,-0.0098615,0.177849,0.980782,0.0796182
139,359,9,-41.8647,-33.5085,-2.14216,-0.00444437,0.211154,0.970363,0.117428,-42.6417,-32.1515,-2.77404,-0.153252,-0.10037,-0.603651,0.775916
107,270,49,-50.7033,-40.5882,0.861059,-0.130054,-0.0576338,-0.104126,0.984338,-49.6984,-41.5425,1.15879,-0.119329,0.116565,0.628329,0.759852
12,241,52,-39.1026,-41.3958,1.01041,-0.0953062,0.223994,0.557989,0.793342,-38.8956,-40.1148,0.204553,-0.204647,-0.0721452,-0.643424,0.734111
152,216,79,-52.3644,-33.6034,-2.19066,0.0613424,0.289677,0.829168,-0.474136,-52.5539,-34.0415,-1.93855,-0.111099,-0.252555,-0.741955,0.611045
73,128,150,-37.8964,-39.5192,-0.0130592,-0.0578961,0.23383,0.637835,0.731532,-37.953,-39.6635,0.14551,-0.0685064,0.16844,0.631391,0.753844
71,125,110,-38.0425,-40.9394,0.712934,-0.0728963,0.202061,0.6355,0.741618,-38.3354,-41.0172,0.620549,-0.0768686,0.161926,0.54855,0.816679
151,215,318,-52.0712,-33.1651,-2.35155,0.0496061,0.294673,0.835561,-0.461025,-52.1988,-32.9811,-2.41633,-0.128728,-0.282682,-0.760348,0.57043
150,213,68,-51.4076,-32.4071,-2.57899,0.048168,0.260444,0.899877,-0.346511,-51.89,-31.8332,-2.898,-0.120952,-0.271097,-0.794494,0.52977
95,217,24,-52.3188,-34.5432,-1.80919,0.0569491,0.326722,0.8325,-0.443794,-52.7819,-34.5441,-1.54352,-0.109539,-0.161484,-0.666373,0.719633
95,216,274,-52.3188,-34.5432,-1.80919,0.0569491,0.326722,0.8325,-0.443794,-52.5539,-34.0415,-1.93855,-0.111099,-0.252555,-0.741955,0.611045
260,318,126,-45.6706,-45.8424,2.80058,0.0183845,0.171475,0.981027,0.0885711,-45.916,-46.036,2.72782,0.0265786,0.157166,0.985863,0.0516379
104,334,11,-52.5409,-39.9076,0.553784,-0.11181,-0.077675,-0.222537,0.965372,-52.3668,-40.6179,0.906401,-0.13343,0.0864756,0.636303,0.754876
104,333,50,-52.5409,-39.9076,0.553784,-0.11181,-0.077675,-0.222537,0.965372,-52.4043,-41.0287,1.0289,-0.121566,0.0836981,0.63456,0.75865
7,120,120,-39.6613,-43.4147,1.70887,-0.0720513,0.186569,0.571787,0.795651,-40.3645,-42.7133,1.35885,-0.0666919,0.0715407,0.173145,0.980028
142,425,144,-44.2331,-32.8503,-1.91466,0.0552765,0.235402,0.965914,0.0924176,-45.2917,-31.8824,-2.6367,-0.161547,-0.121758,-0.569161,0.796952
348,418,62,-47.5413,-30.4483,-3.51784,-0.261193,-0.0797561,0.0468008,0.960847,-47.7171,-30.7726,-3.50144,-0.21933,-0.122773,-0.0718734,0.965223
154,407,148,-52.9117,-34.3187,-1.65222,-0.0983016,-0.256654,-0.78529,0.554784,-53.4977,-35.0647,-1.18493,-0.138398,0.0815119,0.592737,0.789218
349,421,11,-46.8123,-30.3576,-3.43541,-0.207833,-0.0826786,-0.0266946,0.974298,-46.8553,-30.7487,-3.09807,-0.21805,-0.138789,-0.119603,0.958586
155,405,170,-53.1915,-34.6671,-1.38279,-0.115082,-0.268561,-0.751476,0.591536,-54.0412,-36.1993,-0.754992,-0.130204,0.093513,0.567125,0.807881
156,403,132,-53.4438,-35.8873,-0.953672,-0.0782627,-0.212046,-0.715705,0.660816,-54.2031,-37.0844,-0.43929,-0.123743,0.0554514,0.616921,0.775256
201,419,192,-45.9385,-30.7866,-2.91268,-0.000667096,0.294411,0.946855,0.129569,-47.4379,-30.6933,-3.45094,-0.230772,-0.116336,-0.113146,0.959379
142,426,96,-44.2331,-32.8503,-1.91466,0.0552765,0.235402,0.965914,0.0924176,-45.0844,-32.162,-2.52493,-0.143195,-0.146531,-0.608836,0.766383
202,417,186,-46.9545,-30.5996,-3.03039,-0.00876815,0.29034,0.950514,0.110227,-48.533,-30.4633,-3.45761,-0.254597,-0.0887181,-0.0828491,0.959399
261,320,56,-46.7742,-45.5953,2.79709,0.0155435,0.185544,0.977876,0.0953447,-46.8771,-45.9933,2.71243,0.00600671,0.173185,0.980907,0.0882769
201,418,70,-45.9385,-30.7866,-2.91268,-0.000667096,0.294411,0.946855,0.129569,-47.7171,-30.7726,-3.50144,-0.21933,-0.122773,-0.0718734,0.965223
139,360,11,-41.8647,-33.5085,-2.14216,-0.00444437,0.211154,0.970363,0.117428,-42.3792,-32.9944,-2.29719,-0.177095,-0.162039,-0.677604,0.69515
154,406,107,-52.9117,-34.3187,-1.65222,-0.0983016,-0.256654,-0.78529,0.554784,-53.7871,-35.7349,-0.944942,-0.179957,0.0636287,0.583554,0.789323
284,355,337,-43.9291,-31.0667,-2.98287,-0.198748,-0.0100697,-0.0562523,0.978383,-43.7818,-30.8557,-3.12682,-0.169404,-0.0273639,-0.158274,0.97237
284,354,362,-43.9291,-31.0667,-2.98287,-0.198748,-0.0100697,-0.0562523,0.978383,-44.042,-30.7343,-3.06288,-0.204512,-0.0365889,-0.168256,0.963601
345,415,170,-49.3441,-31.2331,-3.17861,-0.287453,0.0391159,0.375484,0.880257,-49.7141,-30.4761,-3.62855,-0.190676,-0.107819,0.0273232,0.975331
83,361,116,-41.8368,-35.1352,-1.39515,-0.00511602,0.198192,0.971018,0.133485,-42.2817,-33.8234,-1.82722,-0.170869,-0.210285,-0.717442,0.641765
138,360,149,-41.171,-33.6633,-2.10528,0.0217532,0.220055,0.968514,0.114386,-42.3792,-32.9944,-2.29719,-0.177095,-0.162039,-0.677604,0.69515
136,289,56,-39.8063,-34.2526,-1.92193,0.0148925,0.240266,0.950826,0.194887,-39.9323,-33.1295,-2.37074,-0.189734,-0.1169,-0.655374,0.721679
200,281,261,-44.894,-30.9002,-2.95803,0.0213959,0.265282,0.958111,0.105783,-46.0465,-31.2568,-2.93003,-0.204452,0.0622452,0.235819,0.948005
319,444,5,-46.4671,-46.0112,2.73517,0.00649343,0.180855,0.982264,0.0490601,-47.0666,-44.9648,2.26591,-0.15383,-0.0848429,-0.383856,0.906528
56,438,50,-48.0157,-42.569,1.73946,-0.167687,-0.100964,-0.0465603,0.979551,-46.8802,-42.3715,1.59251,-0.103156,-0.153379,-0.791589,0.582426
211,411,61,-51.4837,-30.9682,-3.51845,0.0905619,0.289965,0.836598,-0.455876,-52.2058,-31.5981,-3.38776,-0.23296,0.0981534,0.448535,0.85727
315,447,76,-44.1105,-46.0253,2.53807,0.00751201,0.199155,0.975782,-0.0901702,-45.6081,-45.764,2.82217,-0.0817635,-0.0788086,-0.156661,0.981102
85,429,139,-43.9621,-34.6995,-1.43915,-0.00343214,0.225409,0.967774,0.112214,-44.7566,-33.8802,-1.68838,-0.127142,-0.221306,-0.70117,0.665747
201,420,116,-45.9385,-30.7866,-2.91268,-0.000667096,0.294411,0.946855,0.129569,-47.0385,-30.734,-3.17891,-0.237781,-0.136791,-0.124553,0.953538
96,405,13,-52.874,-34.8882,-1.2908,-0.135939,-0.29919,-0.77302,0.542629,-54.0412,-36.1993,-0.754992,-0.130204,0.093513,0.567125,0.807881
324,384,221,-50.1913,-45.1007,2.46279,0.010285,0.163136,0.977259,0.135078,-50.0567,-45.1139,2.50565,-0.0133704,0.151565,0.98241,0.108256
284,356,99,-43.9291,-31.0667,-2.98287,-0.198748,-0.0100697,-0.0562523,0.978383,-43.4829,-30.9641,-3.14948,-0.108999,-0.0488142,-0.228077,0.96629
283,352,142,-44.5968,-31.0359,-2.94554,-0.187042,-0.0418367,-0.0082719,0.981426,-44.6585,-30.6537,-3.22386,-0.206141,-0.0710161,-0.110917,0.969619
349,420,61,-46.8123,-30.3576,-3.43541,-0.207833,-0.0826786,-0.0266946,0.974298,-47.0385,-30.734,-3.17891,-0.237781,-0.136791,-0.124553,0.953538
347,417,133,-48.2794,-30.5059,-3.41329,-0.272815,-0.0812948,0.124393,0.950521,-48.533,-30.4633,-3.45761,-0.254597,-0.0887181,-0.0828491,0.959399
263,322,57,-48.1802,-45.3853,2.62483,0.0265912,0.190162,0.97074,0.144206,-48.6871,-45.457,2.68431,0.0320813,0.18321,0.974803,0.123142
235,298,162,-41.2015,-38.0946,-0.201953,-0.132709,0.0307493,-0.111484,0.984385,-40.3393,-37.5699,-0.36258,-0.162064,-0.168712,-0.769811,0.593854
135,291,165,-38.9397,-34.6444,-1.8584,0.0339797,0.228706,0.942092,0.242901,-39.8448,-33.7613,-2.15058,-0.164696,-0.117737,-0.669131,0.715036
345,416,145,-49.3441,-31.2331,-3.17861,-0.287453,0.0391159,0.375484,0.880257,-49.1095,-30.4753,-3.42622,-0.25498,-0.110743,-0.0286472,0.960157
234,298,56,-41.829,-37.8511,-0.0701667,-0.122859,0.0380291,-0.107758,0.985823,-40.3393,-37.5699,-0.36258,-0.162064,-0.168712,-0.769811,0.593854
36,96,16,-52.2501,-34.8861,-1.54423,0.014374,0.255389,0.91755,-0.304419,-52.874,-34.8882,-1.2908,-0.135939,-0.29919,-0.77302,0.542629
62,303,173,-42.8384,-43.1618,1.84753,-0.09174,0.0683636,-0.111665,0.987138,-41.7915,-42.3179,1.5835,-0.116275,-0.116357,-0.773686,0.611842
195,287,205,-39.8375,-31.9009,-2.85014,0.0758368,0.249378,0.950276,0.170394,-41.3032,-31.7755,-2.76629,-0.18486,-0.0293459,-0.159579,0.969278
36,217,180,-52.2501,-34.8861,-1.54423,0.014374,0.255389,0.91755,-0.304419,-52.7819,-34.5441,-1.54352,-0.109539,-0.161484,-0.666373,0.719633
53,269,83,-50.3889,-42.2906,1.49678,-0.159948,-0.0749525,-0.0771362,0.981249,-49.9036,-42.7663,1.71412,-0.0896553,0.11893,0.645972,0.748691
