% timestamp, frame id, x, y, z, qx, qy, qz, qw
1474477150.374442,0,0.077939,0.159543,-0.005070,-0.033090,0.120086,0.523743,0.842720
1474477150.908468,1,0.167347,0.309523,0.024359,-0.034734,0.130827,0.533432,0.834942
1474477151.975055,2,-40.340469,-45.009356,1.908577,-0.002646,0.154632,0.544487,0.824388
1474477153.042562,3,-40.231958,-44.644614,1.720957,-0.016630,0.131760,0.562151,0.816302
1474477154.109465,4,-40.106184,-44.614384,1.977092,-0.071544,0.176421,0.577980,0.793534
1474477155.308751,5,-39.921776,-44.367489,2.007352,-0.100940,0.187568,0.583930,0.783361
1474477156.641471,6,-39.708215,-43.856758,1.730934,-0.069002,0.175902,0.588611,0.786025
1474477157.974110,7,-39.661340,-43.414702,1.708867,-0.072051,0.186569,0.571787,0.795651
1474477159.442173,8,-39.547846,-43.105660,1.706976,-0.112323,0.157964,0.576298,0.793922
1474477160.774021,9,-39.480695,-42.732588,1.509014,-0.113892,0.223612,0.573057,0.780148
1474477161.845149,10,-39.377955,-42.337332,1.422301,-0.131522,0.259484,0.579537,0.761254
1474477163.041030,11,-39.290705,-41.893282,1.215108,-0.105658,0.274996,0.560926,0.773677
1474477164.108331,12,-39.102563,-41.395817,1.010409,-0.095306,0.223994,0.557989,0.793342
1474477167.708568,13,-38.788850,-40.307753,0.888976,-0.086304,0.191544,0.532895,0.819686
1474477168.907132,14,-38.588117,-39.943541,0.867031,-0.115339,0.179251,0.542235,0.812740
1474477171.174432,15,-38.463374,-39.342807,0.611136,-0.072547,0.325753,0.757728,0.560777
1474477171.973733,16,-38.488130,-39.062831,0.515428,-0.009444,0.383711,0.800370,0.460526
1474477175.574390,17,-39.024238,-38.392411,0.139487,-0.007891,0.241511,0.897442,0.369065
1474477177.840216,18,-39.505733,-37.964782,0.070315,0.020713,0.267648,0.915008,0.301159
1474477179.175172,19,-39.831909,-37.802116,-0.085607,0.031205,0.239316,0.936016,0.256180
1474477180.640221,20,-40.133641,-37.551041,-0.118402,0.020924,0.244449,0.944798,0.217172
1474477182.108924,21,-40.555619,-37.396909,-0.200997,0.010285,0.241667,0.946925,0.211720
1474477185.306696,22,-41.499418,-36.986382,-0.314489,0.000194,0.227966,0.959215,0.167146
1474477189.173196,23,-42.774267,-36.715056,-0.466699,-0.014218,0.243493,0.956250,0.161540
1474477190.108429,24,-43.205596,-36.587042,-0.432415,-0.003102,0.252071,0.954444,0.159645
1474477191.706441,25,-43.794448,-36.431018,-0.507170,0.022358,0.240723,0.957904,0.154829
1474477197.174938,26,-46.107249,-35.813483,-0.607266,0.007468,0.247048,0.955958,0.158288
1474477198.106743,27,-46.510935,-35.731001,-0.608807,0.014419,0.257945,0.953992,0.152169
1474477199.573749,28,-47.144515,-35.609924,-0.636764,0.010557,0.250251,0.957740,0.141408
1474477201.173384,29,-47.800052,-35.541391,-0.751877,-0.028009,0.247989,0.956165,0.153186
1474477202.639489,30,-48.415361,-35.354988,-0.832477,-0.064117,0.243392,0.953686,0.164720
1474477203.974492,31,-48.921727,-35.225088,-0.954528,-0.078352,0.265181,0.948692,0.153373
1474477206.906007,32,-49.919083,-35.069114,-1.144306,-0.101418,0.255223,0.949258,0.153247
1474477209.573626,33,-50.623554,-34.778907,-1.332355,-0.084531,0.247317,0.959367,0.106320
1474477212.374343,34,-51.445502,-34.667321,-1.616947,-0.000919,0.194303,0.967372,-0.162595
1474477214.640154,35,-52.250074,-34.886056,-1.544227,0.014374,0.255389,0.917550,-0.304419
1474477215.972555,36,-52.638258,-35.154825,-1.426207,0.040186,0.231472,0.912474,-0.334958
1474477217.839819,37,-52.851768,-35.443209,-1.324402,0.041084,0.254955,0.859975,-0.440175
1474477220.108748,38,-53.462068,-35.876826,-0.955248,-0.106942,-0.256551,-0.810927,0.514920
1474477222.239764,39,-53.496660,-36.290434,-0.813679,-0.101551,-0.232586,-0.781278,0.570260
1474477226.239066,40,-53.854313,-37.287126,-0.345151,-0.092606,-0.234728,-0.733208,0.631452
1474477228.240442,41,-53.961529,-37.612269,-0.165845,-0.098065,-0.216682,-0.730809,0.639805
1474477231.438892,42,-53.973931,-38.600899,0.071133,-0.083359,-0.200553,-0.701519,0.678749
1474477233.841479,43,-54.147978,-39.113350,0.309193,-0.070632,-0.193260,-0.708149,0.675416
1474477235.573321,44,-54.133692,-39.716644,0.489144,-0.104133,-0.184668,-0.676065,0.705684
1474477237.572993,45,-54.220104,-40.085719,0.609967,-0.188598,-0.167181,-0.547427,0.798001
1474477240.771716,46,-53.801225,-40.822378,0.744430,-0.163594,-0.172797,-0.373035,0.896785
1474477243.305360,47,-53.561933,-41.268818,0.943885,-0.154280,-0.107850,-0.327152,0.926033
1474477245.838235,48,-53.108297,-41.556701,1.125589,-0.178496,-0.095014,-0.186991,0.961325
1474477248.771496,49,-52.312532,-41.869836,1.284738,-0.168662,-0.079106,-0.146620,0.971493
1474477253.571374,50,-51.161719,-42.127295,1.470767,-0.153157,-0.071449,-0.098937,0.980637
1474477254.505781,51,-50.827996,-42.189616,1.485700,-0.128145,-0.076270,-0.087027,0.984981
1474477256.371283,52,-50.388926,-42.290584,1.496778,-0.159948,-0.074952,-0.077136,0.981249
1474477259.705066,53,-49.541964,-42.422850,1.612033,-0.107335,-0.035890,-0.056261,0.991981
1474477262.104561,54,-48.474891,-42.534767,1.746699,-0.104290,-0.058989,-0.055702,0.991232
1474477263.437733,55,-48.015684,-42.569024,1.739457,-0.167687,-0.100964,-0.046560,0.979551
1474477266.371664,56,-46.812609,-42.710359,1.855527,-0.119390,-0.069248,-0.034388,0.989832
1474477269.038168,57,-45.815012,-42.678144,1.951602,-0.095315,-0.038570,-0.074964,0.991871
1474477270.905697,58,-44.958322,-42.808862,1.932387,-0.100715,-0.025455,-0.096795,0.989868
1474477272.504132,59,-44.336181,-42.886767,2.012421,-0.093491,-0.020934,-0.105829,0.989758
1474477273.704106,60,-43.784953,-43.026158,1.975536,-0.083236,-0.008814,-0.109367,0.990471
1474477275.971488,61,-42.838384,-43.161799,1.847525,-0.091740,0.068364,-0.111665,0.987138
1474477278.770640,62,-42.004987,-43.405676,1.769916,-0.090600,0.023142,-0.108712,0.989666
1474477280.237265,63,-41.615411,-43.508853,1.766957,-0.111879,0.017749,-0.123725,0.985830
1474477282.103721,64,-41.049374,-43.700645,1.815929,-0.101837,-0.000521,-0.148536,0.983649
1474477284.104207,65,-40.531315,-44.034800,1.718324,-0.205543,0.029384,-0.066967,0.975912
1474477288.104897,66,-39.443993,-43.831027,1.539629,-0.086861,0.115505,0.371762,0.917010
1474477291.704288,67,-38.869035,-43.275474,1.351504,-0.083583,0.131080,0.470386,0.868659
1474477298.903483,68,-38.134189,-41.603834,1.064644,-0.031741,0.159607,0.634731,0.755403
1474477299.836703,69,-38.104174,-41.349440,0.882131,-0.057127,0.177065,0.638056,0.747174
1474477301.170148,70,-38.042527,-40.939368,0.712934,-0.072896,0.202061,0.635500,0.741618
1474477302.503989,71,-38.023708,-40.564178,0.494669,-0.073657,0.217418,0.628078,0.743521
1474477304.503884,72,-37.896351,-39.519153,-0.013059,-0.057896,0.233830,0.637835,0.731532
1474477307.304229,73,-37.814429,-38.825849,-0.268506,-0.068393,0.149499,0.629869,0.759103
1474477310.103300,74,-37.614657,-38.114016,-0.581769,-0.067606,0.122575,0.695164,0.705090
1474477311.437045,75,-37.576070,-37.822331,-0.666290,-0.025636,0.217419,0.787166,0.576578
1474477313.037690,76,-37.757772,-37.397083,-0.811270,0.037195,0.212719,0.846480,0.486661
1474477315.971043,77,-38.147748,-36.749719,-0.884886,0.025735,0.248650,0.904559,0.345375
1474477319.037188,78,-38.869173,-36.217870,-1.070125,0.014746,0.216968,0.936467,0.275203
1474477322.102772,79,-39.567001,-35.887669,-1.212833,0.056484,0.207749,0.955964,0.199455
1474477324.902672,80,-40.233961,-35.526952,-1.164294,0.037954,0.221338,0.964756,0.137164
1474477328.102541,81,-41.094574,-35.269962,-1.278541,0.007691,0.214436,0.966578,0.140303
1474477331.169819,82,-41.836823,-35.135241,-1.395148,-0.005116,0.198192,0.971018,0.133485
1474477332.902435,83,-42.458028,-34.986338,-1.397173,-0.001865,0.208872,0.969499,0.128222
1474477336.635632,84,-43.962117,-34.699477,-1.439152,-0.003432,0.225409,0.967774,0.112214
1474477339.702218,85,-45.222093,-34.470620,-1.481988,-0.026557,0.240225,0.961822,0.128398
1474477342.235487,86,-46.187829,-34.182277,-1.512474,-0.048440,0.241432,0.956579,0.155948
1474477344.902717,87,-47.198485,-33.932541,-1.449053,-0.008083,0.243478,0.960995,0.130927
1474477346.769673,88,-47.938954,-33.680470,-1.466983,0.000381,0.237873,0.964033,0.118558
1474477350.904025,89,-49.391804,-33.487915,-1.440665,0.015827,0.249003,0.958674,0.136716
1474477352.378794,90,-49.745822,-33.461046,-1.503642,-0.011618,0.253257,0.959623,0.121860
1474477354.635128,91,-50.395700,-33.464025,-1.686638,-0.058343,0.256391,0.954416,0.141242
1474477356.768412,92,-50.875418,-33.412214,-1.818511,-0.056579,0.226971,0.971780,-0.030437
1474477358.768330,93,-51.319366,-33.742835,-1.995242,-0.053009,0.282873,0.924435,-0.250184
1474477363.034866,94,-52.318775,-34.543168,-1.809189,0.056949,0.326722,0.832500,-0.443794
1474477366.234822,95,-52.874004,-34.888181,-1.290802,-0.135939,-0.299190,-0.773020,0.542629
1474477370.634757,96,-53.113165,-35.770469,-0.798155,-0.121620,-0.224340,-0.755858,0.602959
1474477374.513829,97,-53.176832,-36.675379,-0.597131,-0.052219,-0.205753,-0.753685,0.622011
1474477379.301659,98,-53.399141,-37.922041,-0.279922,-0.076212,-0.220922,-0.740716,0.629861
1474477380.767706,99,-53.535342,-38.277462,-0.127194,-0.107814,-0.192329,-0.716976,0.661310
1474477383.434929,100,-53.476186,-38.802982,0.120230,-0.006383,-0.228017,-0.414091,0.881190
1474477386.768284,101,-53.023400,-39.535747,0.425402,-0.119890,-0.112860,-0.308090,0.937000
1474477387.834171,102,-52.826313,-39.722008,0.486950,-0.118916,-0.092404,-0.243214,0.958210
1474477389.300795,103,-52.540909,-39.907641,0.553784,-0.111810,-0.077675,-0.222537,0.965372
1474477392.234038,104,-51.807119,-40.297612,0.669574,-0.110379,-0.067534,-0.129073,0.983156
1474477394.634762,105,-51.242122,-40.403677,0.812148,-0.134540,-0.061682,-0.135150,0.979708
1474477397.168298,106,-50.703253,-40.588187,0.861059,-0.130054,-0.057634,-0.104126,0.984338
1474477399.834544,107,-49.977315,-40.780387,0.858410,-0.144236,-0.057378,-0.075230,0.985010
1474477402.500589,108,-49.220313,-40.845437,0.985260,-0.138723,-0.070530,-0.091293,0.983589
1474477405.168009,109,-48.274412,-40.941040,1.268555,-0.120350,-0.105796,-0.074855,0.984236
1474477406.633640,110,-47.655778,-41.009859,1.405121,-0.072340,-0.098805,-0.062014,0.990535
1474477407.968081,111,-47.113238,-41.052006,1.478630,-0.107266,-0.059924,-0.051743,0.991073
1474477411.300910,112,-45.810556,-41.215796,1.521165,-0.087831,-0.026133,-0.062934,0.993802
1474477414.366741,113,-44.571108,-41.432604,1.416970,-0.119408,0.019674,-0.063414,0.990623
1474477416.499796,114,-43.587279,-41.625501,1.252038,-0.137970,0.057866,-0.091278,0.984522
1474477417.833295,115,-43.018387,-41.790962,1.226650,-0.136385,0.057173,-0.110919,0.982765
1474477419.301010,116,-42.379107,-41.998033,1.118324,-0.138486,0.045769,-0.098187,0.984422
1474477422.499943,117,-41.530166,-42.270971,1.141307,-0.154612,0.015561,-0.161107,0.974627
1474477425.299775,118,-40.835608,-42.496340,1.253943,-0.137000,-0.019235,-0.123424,0.982664
1474477427.567276,119,-40.364485,-42.713252,1.358853,-0.066692,0.071541,0.173145,0.980028
1474477428.766325,120,-40.039583,-42.720029,1.363534,-0.037526,0.150344,0.285403,0.945798
1474477430.366889,121,-39.710300,-42.492171,1.360861,-0.196471,0.119752,0.341935,0.911120
1474477435.432822,122,-38.793389,-41.599909,0.805116,-0.112850,0.173729,0.470232,0.857884
1474477436.899454,123,-38.537020,-41.275181,0.727286,-0.075529,0.178097,0.502962,0.842381
1474477438.099408,124,-38.335360,-41.017179,0.620549,-0.076869,0.161926,0.548550,0.816679
1474477439.299821,125,-38.190846,-40.760558,0.488002,-0.071798,0.132409,0.581754,0.799297
1474477442.765962,126,-38.041742,-39.902382,0.243011,-0.048888,0.150075,0.611907,0.775021
1474477443.833975,127,-37.953042,-39.663523,0.145510,-0.068506,0.168440,0.631391,0.753844
1474477446.233881,128,-37.791591,-38.847736,-0.251437,-0.087691,0.187190,0.623559,0.753952
1474477449.966486,129,-37.455891,-37.604044,-0.752052,-0.067854,0.160723,0.646858,0.742387
1474477453.698946,130,-37.386645,-36.664399,-1.127418,-0.039687,0.152267,0.653760,0.740160
1474477456.899488,131,-37.459812,-36.051228,-1.370865,0.013374,0.296789,0.845442,0.443808
1474477458.365514,132,-37.743039,-35.691852,-1.471929,0.027465,0.270265,0.867922,0.415829
1474477461.032451,133,-38.177973,-35.080546,-1.667078,0.027035,0.236570,0.915687,0.323761
1474477464.366905,134,-38.939682,-34.644356,-1.858397,0.033980,0.228706,0.942092,0.242901
1474477467.965197,135,-39.806292,-34.252552,-1.921930,0.014893,0.240266,0.950826,0.194887
1474477469.965619,136,-40.193796,-33.979632,-1.925321,0.022392,0.238728,0.953833,0.180859
1474477473.698364,137,-41.171045,-33.663275,-2.105278,0.021753,0.220055,0.968514,0.114386
1474477476.498280,138,-41.864710,-33.508464,-2.142157,-0.004444,0.211154,0.970363,0.117428
1474477478.232865,139,-42.583784,-33.325740,-2.151019,0.011645,0.232212,0.966873,0.105347
1474477480.365503,140,-43.433626,-33.107682,-2.043148,0.055472,0.249420,0.961695,0.099270
1474477482.764765,141,-44.233079,-32.850314,-1.914660,0.055277,0.235402,0.965914,0.092418
1474477484.634744,142,-44.984787,-32.926082,-1.928441,0.011303,0.246863,0.965225,0.085280
1474477489.964585,143,-47.194705,-32.543093,-2.192984,-0.028569,0.268038,0.955962,0.116086
1474477491.698769,144,-47.766408,-32.506224,-2.254456,-0.013519,0.275960,0.950930,0.139265
1474477494.903750,145,-48.945077,-32.284150,-2.396327,-0.025333,0.269820,0.952157,0.141256
1474477496.505955,146,-49.417877,-32.178574,-2.420351,-0.051007,0.284079,0.949212,0.125277
1474477499.698222,147,-50.347249,-32.141630,-2.781608,-0.056863,0.254494,0.963563,0.059555
1474477503.032402,148,-51.137816,-32.323185,-2.758619,-0.024824,0.345920,0.879385,-0.326199
1474477504.501989,149,-51.407603,-32.407076,-2.578993,0.048168,0.260444,0.899877,-0.346511
1474477508.230782,150,-52.071189,-33.165112,-2.351548,0.049606,0.294673,0.835561,-0.461025
1474477510.365264,151,-52.364388,-33.603358,-2.190655,0.061342,0.289677,0.829168,-0.474136
1474477512.363961,152,-52.558578,-33.857867,-1.708292,-0.031504,-0.266823,-0.812811,0.516867
1474477514.097234,153,-52.911746,-34.318650,-1.652223,-0.098302,-0.256654,-0.785290,0.554784
1474477516.232061,154,-53.191522,-34.667103,-1.382786,-0.115082,-0.268561,-0.751476,0.591536
1474477521.963697,155,-53.443819,-35.887323,-0.953672,-0.078263,-0.212046,-0.715705,0.660816
1474477527.164190,156,-53.230557,-37.056691,-0.527037,-0.109001,-0.140879,-0.421860,0.888992
1474477530.896739,157,-52.758994,-37.713347,-0.127420,-0.106174,-0.137854,-0.289020,0.941377
1474477535.431722,158,-51.867723,-38.314837,0.085395,-0.110922,-0.072279,-0.164765,0.977407
1474477537.430513,159,-51.476818,-38.560412,0.096811,-0.134229,-0.059395,-0.104038,0.983682
1474477539.429836,160,-50.911061,-38.796848,0.185346,-0.119014,-0.039004,-0.086005,0.988391
1474477543.963046,161,-49.768616,-39.052525,0.182028,-0.142605,-0.056086,-0.062750,0.986195
1474477545.432343,162,-49.422982,-39.031888,0.260690,-0.158884,-0.068076,-0.050241,0.983665
1474477547.433289,163,-48.627318,-39.122861,0.338734,-0.159577,-0.082515,-0.039259,0.982947
1474477549.296215,164,-47.907477,-39.193050,0.470339,-0.137878,-0.043580,-0.019497,0.989298
1474477553.030731,165,-46.320102,-39.323495,0.610654,-0.144596,-0.019032,-0.038111,0.988573
1474477554.496770,166,-45.709473,-39.331796,0.597166,-0.121559,-0.020668,-0.053729,0.990913
1474477555.962670,167,-45.231143,-39.358676,0.642046,-0.182542,0.006356,-0.123637,0.975373
1474477558.762599,168,-44.014404,-39.660049,0.572862,-0.137250,0.020733,-0.037412,0.989613
1474477559.695970,169,-43.679466,-39.689223,0.554115,-0.090235,0.008012,-0.039391,0.995109
1474477560.763249,170,-43.235050,-39.673817,0.615268,-0.145484,-0.022491,-0.064144,0.987023
1474477561.962517,171,-42.724174,-39.776469,0.669556,-0.119350,-0.042986,-0.097941,0.987074
1474477563.162447,172,-42.327446,-39.876730,0.642877,-0.178254,-0.033369,-0.093957,0.978920
1474477565.566525,173,-41.582855,-40.074885,0.553239,-0.121738,0.065930,-0.106300,0.984649
1474477568.362306,174,-40.852885,-40.348974,0.593338,-0.174843,0.066969,-0.152778,0.970363
1474477570.230402,175,-40.596247,-40.489454,0.616884,-0.232201,0.060647,0.021415,0.970539
1474477572.228925,176,-39.830501,-40.302345,0.544128,-0.052911,0.149262,0.223384,0.961780
1474477575.695462,177,-39.225510,-40.101593,0.187883,-0.184329,0.140832,0.393390,0.889625
1474477576.630930,178,-39.004924,-39.858811,0.121386,-0.123437,0.165195,0.403031,0.891650
1474477578.495350,179,-38.708201,-39.622201,-0.021230,-0.117237,0.074895,0.478325,0.867094
1474477580.895923,180,-38.301168,-39.128052,-0.092323,-0.062309,0.105547,0.524827,0.842339
1474477582.229291,181,-38.062967,-38.822225,-0.173859,-0.053870,0.111069,0.535794,0.835276
1474477585.428554,182,-37.813486,-38.090272,-0.509395,-0.092998,0.166419,0.561553,0.805179
1474477587.028601,183,-37.677017,-37.611481,-0.679919,-0.103871,0.193869,0.592982,0.774595
1474477591.428730,184,-37.325745,-36.138372,-1.529435,-0.094138,0.233489,0.611108,0.750445
1474477593.428316,185,-37.237211,-35.532057,-1.742276,-0.079066,0.174921,0.612493,0.766813
1474477595.162308,186,-37.178315,-35.152393,-1.892056,-0.043737,0.173527,0.620247,0.763720
1474477599.163416,187,-37.011822,-34.218529,-2.282276,-0.052520,0.224217,0.804066,0.548130
1474477599.961902,188,-37.146413,-33.928314,-2.340994,-0.017584,0.330223,0.817699,0.471182
1474477603.028746,189,-37.575178,-33.382250,-2.666684,0.015176,0.238625,0.902598,0.357973
1474477605.694787,190,-38.121718,-32.867099,-2.765702,0.041984,0.239468,0.921956,0.301478
1474477608.362117,191,-38.639667,-32.398192,-2.819763,0.082356,0.244935,0.933189,0.249766
1474477609.827967,192,-38.964592,-32.139140,-2.727146,0.089910,0.240268,0.942155,0.215712
1474477613.294378,193,-39.837490,-31.900921,-2.850145,0.075837,0.249378,0.950276,0.170394
1474477615.960930,194,-40.405129,-31.698578,-2.840525,0.033524,0.274211,0.952722,0.126510
1474477619.427711,195,-41.483435,-31.481763,-2.903638,0.051473,0.257590,0.957805,0.116655
1474477623.427913,196,-42.987189,-31.197176,-2.850545,0.031798,0.272785,0.958623,0.074957
1474477624.894035,197,-43.609879,-31.210094,-2.906376,0.009675,0.267135,0.959367,0.090328
1474477627.827271,198,-44.894045,-30.900169,-2.958031,0.021396,0.265282,0.958111,0.105783
1474477630.760576,199,-45.938534,-30.786575,-2.912682,-0.000667,0.294411,0.946855,0.129569
1474477633.429247,200,-46.954455,-30.599577,-3.030386,-0.008768,0.290340,0.950514,0.110227
1474477636.364037,201,-48.056829,-30.379946,-3.143806,-0.023229,0.304983,0.943771,0.125468
1474477638.893635,202,-48.613891,-30.259053,-3.330902,-0.017524,0.298813,0.947347,0.113740
1474477641.160264,203,-49.283670,-30.188673,-3.532440,-0.028725,0.286268,0.946316,0.147345
1474477642.493499,204,-49.604067,-30.032466,-3.649152,-0.002216,0.215634,0.975853,0.034746
1474477643.695149,205,-49.945758,-30.090415,-3.700581,0.015669,0.289824,0.946294,-0.142420
1474477645.693633,206,-50.447362,-30.255967,-3.653645,0.034333,0.322408,0.898841,-0.294890
1474477646.635134,207,-50.719879,-30.495783,-3.651855,0.047532,0.333712,0.882838,-0.327070
1474477649.694929,208,-51.483739,-30.968155,-3.518448,0.090562,0.289965,0.836598,-0.455876
1474477650.893683,209,-51.606909,-31.277987,-3.387109,-0.111500,-0.289466,-0.800162,0.513339
1474477653.828723,210,-51.889988,-31.833198,-2.898000,-0.120952,-0.271097,-0.794494,0.529770
1474477657.026421,211,-52.146881,-32.452242,-2.570508,-0.138185,-0.273622,-0.754378,0.580474
1474477658.760389,212,-52.198835,-32.981144,-2.416331,-0.128728,-0.282682,-0.760348,0.570430
1474477663.693087,213,-52.553947,-34.041511,-1.938553,-0.111099,-0.252555,-0.741955,0.611045
1474477667.692802,214,-52.781915,-34.544079,-1.543518,-0.109539,-0.161484,-0.666373,0.719633
1474477671.692704,215,-52.515147,-35.531848,-1.080424,-0.121497,-0.136203,-0.381056,0.906357
1474477675.294097,216,-51.909837,-36.158655,-0.784495,-0.172338,-0.113559,-0.247611,0.946622
1474477677.560217,217,-51.599942,-36.372609,-0.624655,-0.142725,-0.139405,-0.160105,0.966728
1474477680.226453,218,-50.982186,-36.630115,-0.416172,-0.167938,-0.123768,-0.134471,0.968708
1474477681.426396,219,-50.718830,-36.695969,-0.372042,-0.133278,-0.093109,-0.120365,0.979326
1474477682.894266,220,-50.236288,-36.850910,-0.344342,-0.162012,-0.062793,-0.122554,0.977133
1474477685.693706,221,-49.569504,-37.076391,-0.340716,-0.157669,-0.031894,-0.088661,0.982987
1474477688.092228,222,-48.951833,-37.117870,-0.316303,-0.156028,-0.042380,-0.073568,0.984097
1474477689.425953,223,-48.438728,-37.192453,-0.317315,-0.152408,-0.040300,-0.067665,0.985175
1474477690.892240,224,-47.878363,-37.302773,-0.249643,-0.124685,-0.030641,-0.065146,0.989581
1474477692.492854,225,-47.225593,-37.368047,-0.274438,-0.141141,-0.027798,-0.042308,0.988694
1474477694.092794,226,-46.498311,-37.417608,-0.266009,-0.103650,-0.017766,-0.036362,0.993790
1474477695.693845,227,-45.892921,-37.477764,-0.229794,-0.132062,-0.038732,-0.042508,0.989572
1474477697.426558,228,-45.210858,-37.530307,-0.169631,-0.125377,-0.057152,-0.035756,0.989816
1474477700.625196,229,-43.970202,-37.583956,0.035907,-0.102636,-0.070499,-0.050394,0.990937
1474477703.560196,230,-42.812258,-37.737374,0.020924,-0.108241,0.014841,-0.040640,0.993183
1474477705.959961,231,-41.828953,-37.851112,-0.070167,-0.122859,0.038029,-0.107758,0.985823
1474477707.694493,232,-41.201454,-38.094589,-0.201953,-0.132709,0.030749,-0.111484,0.984385
1474477709.425757,233,-40.823880,-38.268864,-0.207935,-0.164001,0.012762,-0.110325,0.980188
1474477711.024883,234,-40.288822,-38.475625,-0.187342,-0.149077,0.009339,-0.099622,0.983750
1474477713.959207,235,-39.620214,-38.745196,-0.093305,-0.183181,-0.031117,-0.423439,0.886666
1474477715.692839,236,-39.279219,-39.231487,0.009167,-0.170489,-0.048706,-0.518889,0.836251
1474477717.158154,237,-39.099517,-39.744375,0.039594,-0.176876,-0.048515,-0.559235,0.808466
1474477718.892234,238,-38.895621,-40.114817,0.204553,-0.204647,-0.072145,-0.643424,0.734111
1474477720.757932,239,-38.735672,-40.456283,0.420644,-0.191954,-0.110274,-0.677679,0.701245
1474477722.760064,240,-38.694985,-40.826464,0.660826,-0.167540,-0.133987,-0.723595,0.656040
1474477724.359445,241,-38.700449,-41.307969,0.796716,-0.165112,-0.153629,-0.730679,0.644395
1474477728.357729,242,-38.910496,-42.217434,1.099506,-0.157119,-0.129026,-0.750614,0.628685
1474477729.825203,243,-38.877212,-42.529296,1.183370,-0.154859,-0.114284,-0.764834,0.614806
1474477734.091032,244,-39.143039,-43.476597,1.686522,-0.157893,-0.124224,-0.763102,0.614258
1474477737.690772,245,-39.367094,-44.155328,2.067071,-0.135033,-0.130602,-0.780998,0.595609
1474477739.024099,246,-39.465500,-44.485019,2.120372,-0.125970,-0.134605,-0.765024,0.617050
1474477741.824017,247,-39.599396,-45.123311,2.332056,0.095781,0.181416,0.855412,-0.475588
1474477744.493262,248,-40.031590,-45.503568,2.476894,0.019981,0.127002,0.964422,-0.231002
1474477747.557921,249,-40.704132,-45.953160,2.398500,0.017016,0.143391,0.978271,-0.148777
1474477749.023792,250,-41.060195,-45.976988,2.515327,0.014645,0.119183,0.988650,-0.090292
1474477752.757035,251,-42.075926,-46.161441,2.592933,0.028693,0.160549,0.986320,-0.023941
1474477755.423992,252,-42.664942,-46.099546,2.674713,0.017683,0.145376,0.989061,0.017638
1474477756.624154,253,-43.019421,-46.092560,2.707564,0.007323,0.173595,0.984790,-0.000429
1474477758.490213,254,-43.482828,-46.101559,2.614348,0.001548,0.164969,0.985891,0.028308
1474477760.756785,255,-44.028730,-46.116503,2.695820,0.015359,0.161826,0.984182,0.070440
1474477763.290061,256,-44.748027,-45.861820,2.817576,0.019137,0.170925,0.981720,0.081507
1474477765.824130,257,-45.670583,-45.842374,2.800581,0.018384,0.171475,0.981027,0.088571
1474477768.624920,258,-46.774167,-45.595261,2.797089,0.015544,0.185544,0.977876,0.095345
1474477770.489867,259,-47.360112,-45.587838,2.691907,0.050451,0.192316,0.974773,0.101425
1474477773.824247,260,-48.180220,-45.385252,2.624830,0.026591,0.190162,0.970740,0.144206
1474477775.291004,261,-48.639957,-45.272667,2.589441,0.005714,0.179477,0.973703,0.140209
1474477777.956289,262,-49.055631,-45.113740,2.380829,-0.072534,0.160786,0.878960,0.443076
1474477780.890345,263,-49.575935,-44.513947,2.108824,-0.112926,0.189444,0.826802,0.517453
1474477783.822955,264,-49.803022,-43.748687,1.932227,-0.079713,0.175836,0.749293,0.633472
1474477785.689205,265,-50.017451,-43.217320,1.895864,-0.058753,0.160568,0.713495,0.679479
1474477787.956048,266,-49.903604,-42.766250,1.714116,-0.089655,0.118930,0.645972,0.748691
1474477792.624365,267,-49.698381,-41.542489,1.158792,-0.119329,0.116565,0.628329,0.759852
1474477796.222420,268,-49.537862,-40.708408,0.809706,-0.121843,0.123593,0.618972,0.765998
1474477798.222360,269,-49.409063,-40.316622,0.634613,-0.135806,0.117998,0.602639,0.777470
1474477802.767825,270,-49.006560,-38.687146,0.147926,-0.071533,0.108058,0.607834,0.783418
1474477804.355534,271,-48.880706,-38.117326,0.038015,-0.121171,0.095602,0.581124,0.799045
1474477808.088898,272,-48.331611,-36.830837,-0.479312,-0.111932,0.149253,0.608972,0.770940
1474477811.288665,273,-47.938359,-35.577900,-0.883531,-0.110110,0.111014,0.608438,0.778046
1474477814.362897,274,-47.645056,-34.396015,-1.433979,-0.145460,0.128328,0.597673,0.777921
1474477818.488489,275,-47.144686,-32.924630,-2.107379,-0.127625,0.157774,0.600697,0.773293
1474477822.222508,276,-46.810991,-32.056897,-2.574157,-0.081717,0.128022,0.604315,0.782135
1474477825.954967,277,-46.337283,-31.481616,-2.936059,-0.203950,0.053863,0.284399,0.935212
1474477827.160923,278,-46.046525,-31.256835,-2.930028,-0.204452,0.062245,0.235819,0.948005
1474477829.821489,279,-45.302612,-31.138475,-3.103611,-0.160123,0.025042,0.107247,0.980934
1474477832.767822,280,-44.596850,-31.035883,-2.945542,-0.187042,-0.041837,-0.008272,0.981426
1474477835.821298,281,-43.929067,-31.066673,-2.982871,-0.198748,-0.010070,-0.056252,0.978383
1474477839.021804,282,-43.137578,-31.237194,-2.997787,-0.190683,-0.014070,-0.091164,0.977308
1474477840.887831,283,-42.495732,-31.302038,-2.866771,-0.219904,-0.038702,-0.141621,0.964411
1474477845.821058,284,-41.303230,-31.775529,-2.766291,-0.184860,-0.029346,-0.159579,0.969278
1474477849.154178,285,-40.658837,-32.141889,-2.797673,-0.202954,-0.032563,-0.507757,0.836620
1474477853.554135,286,-39.932328,-33.129465,-2.370744,-0.189734,-0.116900,-0.655374,0.721679
1474477855.022228,287,-39.868299,-33.398781,-2.256321,-0.148197,-0.140706,-0.652361,0.729838
1474477856.487451,288,-39.844795,-33.761348,-2.150582,-0.164696,-0.117737,-0.669131,0.715036
1474477858.353994,289,-39.797472,-34.214540,-1.916588,-0.156602,-0.109287,-0.703055,0.685015
1474477859.953924,290,-39.691952,-34.575459,-1.739777,-0.138889,-0.132433,-0.710000,0.677548
1474477864.087167,291,-39.810419,-35.639366,-1.339197,-0.124856,-0.140816,-0.740921,0.644684
1474477865.287133,292,-39.882474,-35.982021,-1.192824,-0.149393,-0.142844,-0.744309,0.635045
1474477866.620398,293,-39.865042,-36.283417,-1.035703,-0.148391,-0.147088,-0.760481,0.614828
1474477867.820437,294,-40.021452,-36.567945,-0.914010,-0.180554,-0.143043,-0.767768,0.597889
1474477871.153600,295,-40.339281,-37.569918,-0.362580,-0.162064,-0.168712,-0.769811,0.593854
1474477874.887496,296,-40.669853,-38.836841,0.157614,-0.140860,-0.154204,-0.794906,0.569653
1474477876.354194,297,-40.940428,-39.288702,0.391559,-0.137711,-0.167910,-0.781723,0.584595
1474477880.087681,298,-41.311151,-40.594405,0.987936,-0.158568,-0.140687,-0.791556,0.573152
1474477883.020011,299,-41.616027,-41.711254,1.421012,-0.133623,-0.128703,-0.749036,0.636023
1474477884.619917,300,-41.791548,-42.317863,1.583501,-0.116275,-0.116357,-0.773686,0.611842
1474477888.220665,301,-42.082115,-43.626376,1.902168,-0.106490,-0.086421,-0.782331,0.607577
1474477890.619774,302,-42.272166,-44.265820,2.004279,-0.121519,-0.113239,-0.782283,0.600369
1474477891.553658,303,-42.351306,-44.548078,2.113947,-0.131095,-0.129754,-0.775837,0.603370
1474477892.620322,304,-42.446593,-44.827208,2.262410,-0.118495,-0.159149,-0.780879,0.592333
1474477894.619411,305,-42.451212,-45.118053,2.418492,0.099332,0.212571,0.909485,-0.343195
1474477895.688270,306,-42.672716,-45.310419,2.567464,0.096230,0.138375,0.958331,-0.230638
1474477896.486215,307,-42.919932,-45.488948,2.616995,0.064311,0.149780,0.963842,-0.210803
1474477898.353012,308,-43.167594,-45.699545,2.605432,0.021309,0.157928,0.973677,-0.162968
1474477901.153587,309,-43.819515,-45.789052,2.634085,-0.015521,0.117177,0.992754,-0.021655
1474477902.620054,310,-44.110516,-46.025321,2.538073,0.007512,0.199155,0.975782,-0.090170
1474477904.619310,311,-44.661164,-46.077702,2.571565,0.019323,0.208268,0.977502,-0.027213
1474477906.752592,312,-45.174831,-46.064042,2.647576,0.037253,0.145232,0.988013,0.036737
1474477909.286452,313,-45.915987,-46.036036,2.727817,0.026579,0.157166,0.985863,0.051638
1474477911.952455,314,-46.467076,-46.011205,2.735165,0.006493,0.180855,0.982264,0.049060
1474477913.553170,315,-46.877087,-45.993285,2.712430,0.006007,0.173185,0.980907,0.088277
1474477915.019661,316,-47.320468,-45.863695,2.742890,-0.003648,0.170166,0.976644,0.131139
1474477918.753276,317,-48.687059,-45.456955,2.684315,0.032081,0.183210,0.974803,0.123142
1474477921.818851,318,-49.820476,-45.119021,2.650518,-0.000704,0.170198,0.974542,0.145946
1474477923.552057,319,-50.191256,-45.100667,2.462795,0.010285,0.163136,0.977259,0.135078
1474477925.152171,320,-50.714391,-44.887038,2.458591,0.005287,0.151522,0.976225,0.154910
1474477929.019551,321,-51.709760,-44.656271,2.278342,-0.031886,0.189166,0.943213,0.271199
1474477932.351943,322,-52.086016,-44.122254,1.949363,-0.152206,0.137691,0.825530,0.525714
1474477937.018398,323,-52.561508,-43.044563,1.567426,-0.125433,0.116697,0.753393,0.634861
1474477938.218338,324,-52.651101,-42.694087,1.501640,-0.095978,0.114362,0.737252,0.658915
1474477941.152474,325,-52.684107,-41.991600,1.335170,-0.059265,0.076711,0.679420,0.727319
1474477942.485517,326,-52.677267,-41.612576,1.309162,-0.083265,0.046583,0.662399,0.743051
1474477943.818235,327,-52.613526,-41.342531,1.273961,-0.111545,0.058543,0.637004,0.760497
1474477945.285426,328,-52.404297,-41.028691,1.028896,-0.121566,0.083698,0.634560,0.758650
1474477946.485377,329,-52.366826,-40.617935,0.906401,-0.133430,0.086476,0.636303,0.754876
1474477949.684741,330,-52.274068,-39.925801,0.583026,-0.146517,0.104248,0.620496,0.763315
1474477957.151175,331,-51.552730,-37.527645,-0.277320,-0.091047,0.044165,0.605972,0.789023
1474477958.217785,332,-51.419988,-37.202261,-0.313978,-0.089182,0.052917,0.592918,0.798558
1474477960.617726,333,-51.131567,-36.314476,-0.487348,-0.090109,0.067614,0.629868,0.768489
1474477961.821606,334,-50.983526,-35.925065,-0.578640,-0.145835,0.052857,0.619752,0.769315
1474477963.151748,335,-50.754530,-35.468037,-0.757989,-0.151863,0.067137,0.601025,0.781792
1474477966.218796,336,-50.448197,-34.312911,-1.250943,-0.162727,0.099928,0.614668,0.765322
1474477969.418260,337,-50.007969,-33.311214,-1.961783,-0.215312,0.088897,0.570273,0.787736
1474477970.752721,338,-49.833475,-32.777763,-2.217252,-0.205789,0.142107,0.592923,0.765440
1474477974.484660,339,-49.558604,-31.819239,-2.687512,-0.168751,0.110451,0.616008,0.761484
1474477977.951158,340,-49.344086,-31.233072,-3.178611,-0.287453,0.039116,0.375484,0.880257
1474477980.084070,341,-48.773767,-30.866639,-3.455067,-0.281043,0.000629,0.237881,0.929746
1474477982.617670,342,-48.279363,-30.505850,-3.413288,-0.272815,-0.081295,0.124393,0.950521
1474477985.685994,343,-47.541315,-30.448347,-3.517836,-0.261193,-0.079756,0.046801,0.960847
1474477988.218021,344,-46.812319,-30.357626,-3.435411,-0.207833,-0.082679,-0.026695,0.974298
1474477989.550212,345,-46.470120,-30.412108,-3.478714,-0.247054,-0.098186,-0.040836,0.963149
1474477993.284140,346,-45.667216,-30.480715,-3.319298,-0.229984,-0.062763,-0.110126,0.964904
1474477997.416674,347,-44.658510,-30.653684,-3.223857,-0.206141,-0.071016,-0.110917,0.969619
1474477998.883414,348,-44.226110,-30.623608,-3.178604,-0.206355,-0.056350,-0.154038,0.964632
1474478000.085712,349,-44.042028,-30.734259,-3.062884,-0.204512,-0.036589,-0.168256,0.963601
1474478001.283255,350,-43.781759,-30.855652,-3.126817,-0.169404,-0.027364,-0.158274,0.972370
1474478002.349856,351,-43.482900,-30.964080,-3.149482,-0.108999,-0.048814,-0.228077,0.966290
1474478003.817139,352,-43.275078,-31.061864,-3.104479,-0.179249,-0.072761,-0.434368,0.879716
1474478006.483803,353,-42.916509,-31.697868,-2.879923,-0.122119,-0.118920,-0.544123,0.821508
1474478008.216485,354,-42.641650,-32.151519,-2.774039,-0.153252,-0.100370,-0.603651,0.775916
1474478012.350350,355,-42.379195,-32.994369,-2.297186,-0.177095,-0.162039,-0.677604,0.695150
1474478016.082796,356,-42.281742,-33.823449,-1.827222,-0.170869,-0.210285,-0.717442,0.641765
1474478017.951246,357,-42.301465,-34.226002,-1.565308,-0.146942,-0.210262,-0.717537,0.647563
1474478021.550777,358,-42.430338,-35.016326,-1.142644,-0.124512,-0.179056,-0.761970,0.609785
1474478025.418814,359,-42.615386,-36.084095,-0.902233,-0.098550,-0.165892,-0.779008,0.596585
1474478026.883633,360,-42.817967,-36.588804,-0.709566,-0.102763,-0.166977,-0.769584,0.607700
1474478028.349125,361,-43.020088,-36.998543,-0.474667,-0.121265,-0.154625,-0.780920,0.592916
1474478032.482308,362,-43.443330,-38.636823,0.108154,-0.094180,-0.177297,-0.755269,0.623911
1474478035.682478,363,-43.727448,-39.810586,0.467047,-0.098694,-0.184678,-0.760780,0.614302
1474478038.883051,364,-44.067731,-41.052447,1.021033,-0.118901,-0.182217,-0.755104,0.618448
1474478041.550345,365,-44.248471,-42.025009,1.447755,-0.107899,-0.180335,-0.760121,0.614860
1474478043.281981,366,-44.453392,-42.655132,1.717313,-0.113934,-0.154172,-0.767578,0.611616
1474478044.882778,367,-44.485650,-42.953065,1.790932,-0.114508,-0.166787,-0.750011,0.629725
1474478046.750738,368,-44.597431,-43.626481,2.024110,-0.134175,-0.174319,-0.773932,0.593834
1474478049.415828,369,-44.573232,-44.191282,1.866998,-0.128689,-0.225653,-0.777787,0.572335
1474478050.484213,370,-44.654885,-44.505430,1.932582,0.100105,0.221483,0.861983,-0.444870
1474478052.881880,371,-45.198261,-44.861677,2.219713,0.078829,0.192957,0.954802,-0.211912
1474478055.014991,372,-45.685898,-44.944699,2.416907,0.049531,0.213229,0.956976,-0.190465
1474478057.282592,373,-46.138571,-45.239459,2.549652,0.025214,0.216101,0.973069,-0.076167
1474478059.948307,374,-47.132847,-45.325227,2.641559,0.010583,0.218868,0.973866,-0.059741
1474478065.148501,375,-48.251554,-45.287202,2.554168,0.030880,0.211385,0.976914,-0.000891
1474478067.014655,376,-48.784055,-45.298570,2.617228,0.013578,0.170946,0.984162,0.044929
1474478069.415741,377,-49.422572,-45.242256,2.541972,0.004042,0.170479,0.983712,0.056849
1474478070.881257,378,-49.753863,-45.123422,2.562768,-0.009862,0.177849,0.980782,0.079618
1474478072.081203,379,-50.056741,-45.113893,2.505647,-0.013370,0.151565,0.982410,0.108256
1474478074.615816,380,-50.948259,-44.924981,2.396780,-0.053176,0.179489,0.977012,0.101996
1474478078.214906,381,-52.340956,-44.645597,2.168289,-0.059855,0.141701,0.977240,0.146084
1474478079.949441,382,-52.892479,-44.505241,1.954960,-0.066656,0.175294,0.973406,0.131567
1474478084.480890,383,-54.091114,-44.262620,1.638518,-0.102788,0.197024,0.956177,0.190635
1474478086.482116,384,-54.379302,-44.047024,1.502359,-0.116050,0.097767,0.862032,0.483606
1474478087.548195,385,-54.639883,-43.758304,1.385201,-0.172900,0.062806,0.833952,0.520273
1474478089.683166,386,-54.895591,-43.405300,1.180957,-0.145708,0.139748,0.796990,0.569250
1474478091.682182,387,-55.080706,-42.815010,1.089953,-0.163298,0.099695,0.754192,0.628163
1474478093.413885,388,-55.202043,-42.411708,0.873399,-0.121799,0.110738,0.736395,0.656220
1474478095.147146,389,-55.265046,-41.916999,0.770592,-0.136246,0.055133,0.702646,0.696194
1474478098.484904,390,-55.232693,-41.035639,0.680233,-0.099577,0.086826,0.675579,0.725354
1474478101.413673,391,-55.135902,-40.311777,0.564456,-0.110596,0.040424,0.634571,0.763842
1474478103.285793,392,-55.016624,-39.821170,0.448720,-0.107598,0.042037,0.629863,0.768068
1474478106.351680,393,-54.800458,-39.146569,0.179563,-0.108126,0.041841,0.612769,0.781711
1474478107.952321,394,-54.793934,-38.699118,0.095416,-0.131647,0.030976,0.613215,0.778252
1474478109.146791,395,-54.652012,-38.371495,0.004866,-0.121716,0.066457,0.601073,0.787071
1474478110.346744,396,-54.476931,-37.915611,-0.112854,-0.131167,0.036915,0.597663,0.790083
1474478111.546721,397,-54.325443,-37.483363,-0.234909,-0.118768,0.072370,0.603259,0.785325
1474478112.747326,398,-54.203062,-37.084436,-0.439290,-0.123743,0.055451,0.616921,0.775256
1474478114.081898,399,-54.249937,-36.620905,-0.522352,-0.144784,0.076493,0.591585,0.789439
1474478115.414215,400,-54.041225,-36.199252,-0.754992,-0.130204,0.093513,0.567125,0.807881
1474478116.881612,401,-53.787114,-35.734915,-0.944942,-0.179957,0.063629,0.583554,0.789323
1474478118.616219,402,-53.497677,-35.064723,-1.184932,-0.138398,0.081512,0.592737,0.789218
1474478123.414157,403,-52.919295,-33.498808,-1.867518,-0.208491,0.109827,0.593609,0.769479
1474478125.283749,404,-52.708120,-32.907582,-2.318023,-0.204835,0.140896,0.592535,0.766220
1474478130.079576,405,-52.147739,-31.685252,-3.123327,-0.227400,0.113120,0.571613,0.780225
1474478131.418844,406,-52.205845,-31.598099,-3.387759,-0.232960,0.098153,0.448535,0.857270
1474478135.013649,407,-51.495062,-30.989710,-3.636076,-0.244109,-0.000777,0.223949,0.943534
1474478136.346690,408,-51.134830,-30.801857,-3.688233,-0.251821,-0.048095,0.164486,0.952480
1474478139.546369,409,-50.277909,-30.538147,-3.673641,-0.228593,-0.091112,0.096096,0.964474
1474478141.679231,410,-49.714105,-30.476132,-3.628547,-0.190676,-0.107819,0.027323,0.975331
1474478144.346416,411,-49.109519,-30.475265,-3.426218,-0.254980,-0.110743,-0.028647,0.960157
1474478147.145674,412,-48.533009,-30.463337,-3.457609,-0.254597,-0.088718,-0.082849,0.959399
1474478150.213778,413,-47.717069,-30.772585,-3.501440,-0.219330,-0.122773,-0.071873,0.965223
1474478151.413860,414,-47.437888,-30.693266,-3.450937,-0.230772,-0.116336,-0.113146,0.959379
1474478152.481851,415,-47.038514,-30.734008,-3.178906,-0.237781,-0.136791,-0.124553,0.953538
1474478153.412401,416,-46.855340,-30.748725,-3.098072,-0.218050,-0.138789,-0.119603,0.958586
1474478156.213092,417,-46.394127,-30.841569,-3.060657,-0.205729,-0.099414,-0.155505,0.961047
1474478159.013648,418,-45.918052,-30.888161,-2.958752,-0.190372,-0.123108,-0.460260,0.858349
1474478161.678796,419,-45.505303,-31.567047,-2.732471,-0.118831,-0.156621,-0.509342,0.837806
1474478162.879522,420,-45.291710,-31.882440,-2.636703,-0.161547,-0.121758,-0.569161,0.796952
1474478163.812012,421,-45.084399,-32.161978,-2.524933,-0.143195,-0.146531,-0.608836,0.766383
1474478166.213976,422,-44.944177,-32.717654,-2.320492,-0.133284,-0.192129,-0.647748,0.725082
1474478169.414141,423,-44.783806,-33.544115,-1.954177,-0.139036,-0.229107,-0.675568,0.686867
1474478170.744993,424,-44.756565,-33.880209,-1.688377,-0.127142,-0.221306,-0.701170,0.665747
1474478173.944937,425,-44.892657,-34.541188,-1.508565,-0.106262,-0.201227,-0.725752,0.649230
1474478176.878181,426,-45.084874,-35.154943,-1.253609,-0.128721,-0.192939,-0.761996,0.604622
1474478179.413770,427,-45.312832,-35.841050,-0.874825,-0.148881,-0.203317,-0.731397,0.633684
1474478182.346053,428,-45.614370,-36.779337,-0.378632,-0.151166,-0.211911,-0.760927,0.594334
1474478185.677948,429,-45.940781,-38.055441,0.157664,-0.132624,-0.205582,-0.731977,0.635891
1474478189.145122,430,-46.178301,-39.322495,0.650540,-0.108375,-0.163926,-0.757008,0.623154
1474478191.811654,431,-46.458656,-40.386462,0.959270,-0.088802,-0.162355,-0.773465,0.606224
1474478194.211026,432,-46.703500,-41.361535,1.258961,-0.111294,-0.185714,-0.746539,0.629129
1474478196.877586,433,-46.880166,-42.371492,1.592512,-0.103156,-0.153379,-0.791589,0.582426
1474478197.945720,434,-46.966576,-42.690164,1.676576,-0.103673,-0.157590,-0.800239,0.569240
1474478200.477515,435,-47.217899,-43.237666,1.799336,-0.117682,-0.169854,-0.785169,0.583790
1474478201.544144,436,-47.239798,-43.580857,1.955803,-0.109879,-0.176144,-0.792295,0.573732
1474478204.077379,437,-47.323233,-44.074328,2.018532,-0.145123,-0.137965,-0.632459,0.748265
1474478205.944004,438,-47.165229,-44.570724,2.247660,-0.048835,-0.119036,-0.435685,0.890856
1474478207.144743,439,-47.066617,-44.964764,2.265909,-0.153830,-0.084843,-0.383856,0.906528
1474478209.944619,440,-46.568789,-45.427819,2.451537,-0.127878,-0.103034,-0.259954,0.951554
1474478212.878107,441,-45.911674,-45.691816,2.694099,-0.121579,-0.091182,-0.173203,0.973090
1474478214.078148,442,-45.608111,-45.763961,2.822171,-0.081763,-0.078809,-0.156661,0.981102
1474478214.877676,443,-45.372217,-45.878557,2.823537,-0.118557,-0.070339,-0.132059,0.981610
1474478216.877748,444,-44.942971,-45.999648,2.937235,-0.110748,-0.046682,-0.104794,0.987205
1474478218.610317,445,-44.464554,-46.124923,2.953745,-0.128661,-0.044608,-0.086721,0.986882
1474478220.876922,446,-43.903792,-46.271127,3.005470,-0.121291,-0.032286,-0.073599,0.989358
1474478223.277577,447,-43.291644,-46.345713,3.102520,-0.127889,-0.049597,-0.046980,0.989433
1474478224.610121,448,-42.899661,-46.405729,2.992525,-0.117188,-0.048495,-0.009544,0.991879
1474478227.409994,449,-42.839969,-46.537385,2.688326,-0.124133,0.031782,-0.022394,0.991504
1474478228.876450,450,-42.596400,-46.655832,2.391946,-0.149171,0.057544,-0.067425,0.984830
1474478234.477190,451,-42.611425,-46.813413,2.046465,-0.117672,0.025162,-0.026575,0.992378
1474478255.543713,452,-42.332194,-47.108895,2.144651,-0.120960,0.032850,0.102618,0.986792
1474478265.675598,453,-42.053620,-47.247752,2.196728,-0.147542,0.014515,0.065442,0.986782
1474478277.141968,454,-41.999151,-47.437541,2.231369,-0.094385,0.010476,-0.006141,0.995462
