% timestamp, frame id, x, y, z, qx, qy, qz, qw
1474477150.511164,0,0.121786,0.226569,0.005673,-0.034821,0.122863,0.527934,0.839630
1474477151.041040,1,0.201877,0.346811,0.043128,-0.032146,0.135897,0.537405,0.831681
1474477151.975055,2,-40.306117,-45.052684,1.939840,-0.003132,0.154644,0.544159,0.824601
1474477153.708977,3,-40.085035,-44.412924,1.687150,-0.026021,0.128198,0.569906,0.811231
1474477154.640893,4,-39.946128,-44.176491,1.955241,-0.030011,0.136621,0.564106,0.813768
1474477156.774165,5,-39.678683,-43.588584,1.871498,-0.008619,0.143283,0.575920,0.804806
1474477158.108133,6,-39.597517,-43.120294,1.949683,-0.001065,0.148593,0.584708,0.797518
1474477159.309261,7,-39.529579,-42.937094,2.051124,-0.040600,0.129820,0.601405,0.787281
1474477160.374032,8,-39.435116,-42.682243,1.925417,-0.067658,0.167879,0.573570,0.798910
1474477161.308560,9,-39.300263,-42.275731,1.850394,-0.075316,0.196744,0.581374,0.785891
1474477162.242236,10,-39.188218,-41.989482,1.826467,-0.089701,0.228863,0.581658,0.775402
1474477163.307413,11,-39.058854,-41.613764,1.738794,-0.083294,0.234264,0.564475,0.787115
1474477164.240648,12,-38.888626,-41.305274,1.688221,-0.102098,0.202584,0.560019,0.796815
1474477167.708568,13,-38.585874,-40.215208,1.590843,-0.098439,0.168263,0.550096,0.812029
1474477169.573796,14,-38.393323,-39.814958,1.450008,-0.107283,0.119724,0.631635,0.758415
1474477171.309073,15,-38.368068,-39.226719,1.295800,-0.051719,0.307639,0.767611,0.559871
1474477172.106848,16,-38.450721,-38.965644,1.206043,0.022438,0.353783,0.809203,0.468534
1474477175.574390,17,-39.004508,-38.247806,0.898558,0.019283,0.210290,0.897151,0.387977
1474477179.315251,18,-39.807522,-37.617400,0.750851,0.060072,0.209891,0.935596,0.277482
1474477182.909271,19,-40.721311,-37.128156,0.680376,0.038295,0.213000,0.948196,0.232569
1474477183.973422,20,-41.046070,-36.896442,0.687710,0.032577,0.201349,0.957590,0.203516
1474477185.175009,21,-41.323820,-36.724532,0.641560,0.029278,0.202320,0.964425,0.167610
1474477187.573281,22,-41.874195,-36.566657,0.519130,0.021119,0.174159,0.973622,0.145886
1474477188.906610,23,-42.453562,-36.392097,0.522574,0.020855,0.190917,0.970413,0.146337
1474477191.307279,24,-43.420869,-36.059352,0.581482,0.055919,0.181902,0.972080,0.137281
1474477192.639926,25,-43.927989,-35.882982,0.600882,0.040678,0.166591,0.976917,0.127380
1474477194.106409,26,-44.516576,-35.741595,0.593444,0.030371,0.195941,0.969740,0.142437
1474477196.506406,27,-45.391332,-35.568610,0.586467,0.012461,0.182926,0.969172,0.164587
1474477198.773582,28,-46.343218,-35.352766,0.627589,0.006247,0.210562,0.964665,0.158261
1474477200.106247,29,-46.884647,-35.287137,0.601125,-0.016452,0.207162,0.966437,0.151041
1474477201.442641,30,-47.468016,-35.180441,0.450691,-0.041832,0.204982,0.967722,0.140520
1474477203.839256,31,-48.440340,-34.876203,0.276298,-0.087022,0.207401,0.963814,0.143090
1474477205.840170,32,-49.192906,-34.767245,0.085710,-0.095380,0.193352,0.966025,0.142525
1474477208.108080,33,-49.746754,-34.559749,-0.062126,-0.122041,0.171971,0.965211,0.154593
1474477210.507206,34,-50.424537,-34.418615,-0.231344,-0.086544,0.188739,0.972163,0.108571
1474477211.573261,35,-50.795238,-34.316290,-0.390866,-0.049254,0.139315,0.988835,-0.019262
1474477213.842213,36,-51.433309,-34.412629,-0.393057,-0.050488,0.260547,0.925566,-0.269988
1474477216.105977,37,-52.172218,-34.867020,-0.384805,0.003340,0.209064,0.919784,-0.332081
1474477218.506171,38,-52.700484,-35.251236,-0.247365,0.021621,0.230504,0.853712,-0.466451
1474477219.705444,39,-52.923479,-35.446178,-0.078847,-0.055521,-0.232486,-0.825076,0.511974
1474477221.305644,40,-53.072275,-35.824285,0.037204,-0.081877,-0.236257,-0.780500,0.572973
1474477223.972861,41,-53.337448,-36.396670,0.321497,-0.059680,-0.220705,-0.779255,0.583515
1474477225.038894,42,-53.423511,-36.615358,0.390600,-0.073919,-0.205385,-0.762171,0.609465
1474477226.239066,43,-53.556753,-37.059690,0.499123,-0.075796,-0.223977,-0.739955,0.629727
1474477229.039740,44,-53.706873,-37.663539,0.722193,-0.061874,-0.224975,-0.731051,0.641188
1474477231.172504,45,-53.678958,-38.265730,0.823613,-0.054798,-0.196333,-0.718528,0.664957
1474477233.305918,46,-53.820406,-38.679261,0.965019,-0.041331,-0.177685,-0.734023,0.654164
1474477234.506265,47,-53.913884,-38.974154,1.066541,-0.035232,-0.181711,-0.715191,0.673974
1474477235.706166,48,-53.905425,-39.410426,1.152489,-0.065727,-0.171584,-0.693571,0.696561
1474477238.238608,49,-53.933833,-39.901969,1.318351,-0.046706,-0.205531,-0.456546,0.864374
1474477239.308162,50,-53.695911,-40.243022,1.361120,-0.041383,-0.175411,-0.380015,0.907253
1474477242.373118,51,-53.450259,-40.580255,1.357244,-0.101336,-0.107244,-0.431401,0.890013
1474477243.439524,52,-53.299825,-40.914289,1.449958,-0.093286,-0.106150,-0.321169,0.936419
1474477244.640532,53,-53.092668,-41.075612,1.507300,-0.086368,-0.114451,-0.195724,0.970121
1474477247.038309,54,-52.544215,-41.347113,1.710029,-0.124731,-0.102229,-0.191344,0.968183
1474477248.238199,55,-52.237373,-41.467707,1.740463,-0.100651,-0.097153,-0.160474,0.977077
1474477250.771489,56,-51.602694,-41.627344,1.873402,-0.082621,-0.058087,-0.131020,0.986222
1474477251.971463,57,-51.244638,-41.731434,1.896720,-0.095827,-0.066215,-0.125953,0.985174
1474477254.505781,58,-50.608177,-41.851253,1.961793,-0.078257,-0.081130,-0.091153,0.989437
1474477255.839528,59,-50.262657,-41.909332,1.939632,-0.092165,-0.094801,-0.080241,0.987968
1474477258.371202,60,-49.564884,-42.081029,2.036959,-0.084480,-0.073153,-0.081236,0.990410
1474477260.371176,61,-49.019672,-42.060591,2.141408,-0.079179,-0.062432,-0.087776,0.991024
1474477261.571119,62,-48.481838,-42.188253,2.258583,-0.057513,-0.072063,-0.093138,0.991375
1474477263.704412,63,-47.743841,-42.328530,2.322822,-0.097197,-0.119037,-0.084599,0.984493
1474477264.771032,64,-47.308065,-42.402452,2.416611,-0.067533,-0.108487,-0.085430,0.988115
1474477265.840147,65,-46.817489,-42.535454,2.432707,-0.050207,-0.088369,-0.070242,0.992339
1474477268.371010,66,-45.936644,-42.563302,2.559080,-0.044756,-0.050038,-0.077981,0.994692
1474477270.237554,67,-45.059050,-42.725133,2.582564,-0.066053,-0.026508,-0.100982,0.992339
1474477271.704162,68,-44.567323,-42.771702,2.624283,-0.065078,-0.022913,-0.102514,0.992336
1474477272.504132,69,-44.245743,-42.866903,2.676554,-0.048607,-0.013602,-0.099650,0.993742
1474477273.571556,70,-43.801236,-42.976548,2.626088,-0.034029,0.000387,-0.099109,0.994494
1474477275.838130,71,-42.812757,-43.061802,2.440912,-0.057400,0.083774,-0.096585,0.990131
1474477276.904006,72,-42.522487,-43.281742,2.524621,-0.064657,0.099506,-0.090399,0.988810
1474477279.304682,73,-41.879441,-43.458290,2.387550,-0.084606,0.050505,-0.105763,0.989497
1474477281.970554,74,-41.124926,-43.682663,2.400387,-0.080139,0.037093,-0.148409,0.984975
1474477284.637830,75,-40.516428,-44.002879,2.215107,-0.173779,0.061819,0.024588,0.982535
1474477287.304692,76,-39.673380,-43.785707,2.106098,0.022017,0.153368,0.315117,0.936320
1474477289.837687,77,-39.291330,-43.451969,1.859118,-0.035110,0.146821,0.454582,0.877819
1474477292.636887,78,-38.760017,-42.926091,1.741140,-0.008930,0.142346,0.478532,0.866409
1474477295.436857,79,-38.372939,-42.328163,1.683332,0.044467,0.131805,0.559651,0.816971
1474477296.503486,80,-38.252136,-42.051696,1.683155,0.036141,0.119560,0.575865,0.807947
1474477298.903483,81,-38.175729,-41.497010,1.652522,0.023691,0.151002,0.619846,0.769693
1474477299.970032,82,-38.116287,-41.205022,1.481403,-0.000726,0.168509,0.630100,0.758009
1474477301.836664,83,-38.036851,-40.589717,1.274480,-0.007618,0.201719,0.624993,0.754079
1474477302.770070,84,-38.023863,-40.186393,1.101104,-0.011040,0.204302,0.622968,0.755016
1474477303.836592,85,-37.919870,-39.666633,0.925855,-0.029386,0.217837,0.631090,0.743915
1474477304.904022,86,-37.861574,-39.323857,0.772434,0.002543,0.228469,0.637355,0.735917
1474477306.237257,87,-37.893190,-39.044032,0.685477,-0.006760,0.167043,0.630736,0.757775
1474477308.903121,88,-37.729196,-38.292352,0.461762,0.006567,0.181758,0.642823,0.744110
1474477311.170373,89,-37.583921,-37.813639,0.338779,0.009022,0.187888,0.778654,0.598594
1474477313.304483,90,-37.817423,-37.190058,0.228338,0.070803,0.194024,0.856820,0.472441
1474477316.636207,91,-38.242575,-36.587884,0.131504,0.057527,0.236414,0.908658,0.339321
1474477317.702889,92,-38.570008,-36.346786,0.082465,0.046750,0.197539,0.920237,0.334598
1474477321.569418,93,-39.266959,-35.861337,-0.047317,0.074223,0.166192,0.951163,0.249318
1474477322.636080,94,-39.535808,-35.622441,-0.038826,0.071934,0.208223,0.955620,0.195598
1474477324.236048,95,-39.931816,-35.349505,0.055277,0.059697,0.183106,0.966065,0.172126
1474477329.435834,96,-41.172783,-34.977678,-0.117447,0.023396,0.172756,0.974042,0.144395
1474477330.635896,97,-41.460252,-34.919098,-0.186796,0.018501,0.162813,0.976805,0.137849
1474477333.303010,98,-42.308943,-34.664490,-0.142590,0.003975,0.179024,0.974731,0.133543
1474477336.103465,99,-43.398027,-34.470516,-0.158420,-0.015849,0.204332,0.971386,0.120025
1474477338.902267,100,-44.484981,-34.160688,-0.193745,-0.031998,0.209117,0.971267,0.109024
1474477341.035531,101,-45.353960,-34.094505,-0.225923,-0.021220,0.188690,0.975256,0.113231
1474477343.035503,102,-46.222479,-33.953115,-0.208146,-0.008556,0.209996,0.970395,0.119003
1474477345.569779,103,-47.178503,-33.632318,-0.106386,0.001111,0.216222,0.967188,0.133393
1474477347.303557,104,-47.726294,-33.460751,-0.134723,-0.000117,0.201589,0.972515,0.116517
1474477348.768685,105,-48.339581,-33.433680,-0.178071,-0.001799,0.228655,0.968284,0.100696
1474477350.102607,106,-48.789821,-33.347806,-0.183441,0.015255,0.239679,0.962335,0.127406
1474477351.569344,107,-49.213996,-33.214640,-0.131098,0.006284,0.204634,0.967402,0.149057
1474477353.035184,108,-49.509937,-33.174659,-0.263098,-0.018030,0.221213,0.966813,0.126540
1474477354.768481,109,-50.071572,-33.074189,-0.406319,-0.059966,0.203389,0.963329,0.164418
1474477358.236610,110,-50.703042,-33.140766,-0.766050,-0.073704,0.212167,0.950420,-0.215068
1474477359.835830,111,-51.250971,-33.557354,-0.808014,-0.097715,0.244681,0.925285,-0.272820
1474477362.769110,112,-51.738795,-33.965231,-0.780262,-0.011607,0.277413,0.871458,-0.404313
1474477365.968107,113,-52.373218,-34.488385,-0.291985,-0.080804,-0.285264,-0.806534,0.511466
1474477369.568092,114,-52.692449,-35.237045,0.130643,-0.073591,-0.228744,-0.760945,0.602680
1474477371.168942,115,-52.747259,-35.589569,0.158143,-0.073293,-0.218802,-0.749625,0.620336
1474477372.768646,116,-52.898207,-36.028953,0.308005,-0.055835,-0.214535,-0.753662,0.618749
1474477373.968662,117,-52.939060,-36.314305,0.340553,-0.037828,-0.195810,-0.748661,0.632245
1474477375.311123,118,-52.889371,-36.526624,0.316195,-0.025927,-0.202162,-0.743811,0.636555
1474477378.901671,119,-53.056978,-37.511812,0.554632,-0.040096,-0.208526,-0.736037,0.642775
1474477380.234361,120,-53.128519,-37.822435,0.624409,-0.054443,-0.202830,-0.740470,0.638435
1474477381.301627,121,-53.257348,-38.081871,0.727098,-0.113393,-0.161575,-0.684808,0.701479
1474477384.100932,122,-53.124080,-38.664448,0.996374,-0.019481,-0.173570,-0.410763,0.894857
1474477385.168729,123,-53.000293,-38.896299,1.128239,-0.103394,-0.125194,-0.397611,0.903073
1474477387.967567,124,-52.533106,-39.465287,1.213217,-0.083072,-0.089657,-0.252494,0.959848
1474477391.302026,125,-51.719755,-39.961272,1.337465,-0.104464,-0.083308,-0.179454,0.974650
1474477392.634028,126,-51.416019,-40.070287,1.376897,-0.076934,-0.075147,-0.137348,0.984667
1474477395.167312,127,-50.795343,-40.185344,1.506942,-0.095947,-0.076974,-0.146531,0.981528
1474477396.634790,128,-50.499763,-40.289513,1.519171,-0.087377,-0.085865,-0.120973,0.985068
1474477398.101289,129,-50.072269,-40.402421,1.554461,-0.072664,-0.062439,-0.105913,0.989749
1474477401.834780,130,-49.160061,-40.558800,1.663758,-0.086195,-0.063177,-0.084948,0.990638
1474477403.568407,131,-48.540500,-40.653865,1.753195,-0.051742,-0.080906,-0.055690,0.993819
1474477406.366992,132,-47.630553,-40.763548,2.078099,-0.044345,-0.101518,-0.051457,0.992512
1474477407.567092,133,-47.104903,-40.838939,2.166149,-0.078021,-0.075369,-0.055372,0.992555
1474477410.233508,134,-46.025206,-41.015453,2.178151,-0.084037,-0.041930,-0.073134,0.992890
1474477412.766837,135,-44.947780,-41.187280,2.183419,-0.092436,-0.017235,-0.092443,0.991268
1474477415.167462,136,-44.003090,-41.373849,2.050429,-0.060865,0.025466,-0.097135,0.993082
1474477416.766704,137,-43.352552,-41.485608,1.986244,-0.090996,0.061656,-0.106549,0.988213
1474477418.500683,138,-42.703913,-41.722429,1.886584,-0.061591,0.067979,-0.104035,0.990334
1474477419.833248,139,-42.213923,-41.840498,1.817418,-0.090636,0.083530,-0.079285,0.989203
1474477422.634026,140,-41.612415,-42.033501,1.744723,-0.078964,0.070026,-0.143510,0.984005
1474477423.833192,141,-41.252700,-42.186744,1.672495,-0.086484,0.056002,-0.114143,0.988107
1474477425.166496,142,-40.958464,-42.250215,1.748539,-0.074432,0.030638,-0.114920,0.990108
1474477427.567276,143,-40.420670,-42.514223,1.772535,-0.000087,0.086345,0.179593,0.979944
1474477428.499665,144,-40.117397,-42.555036,1.749451,0.030821,0.135567,0.264684,0.954261
1474477431.566230,145,-39.401848,-42.290758,1.637063,-0.098401,0.162257,0.358636,0.913986
1474477434.899495,146,-38.822446,-41.528277,1.345608,-0.054821,0.157956,0.457989,0.873093
1474477437.432849,147,-38.440371,-41.015756,1.315843,-0.013574,0.163146,0.514119,0.841951
1474477438.499381,148,-38.291902,-40.767847,1.217672,-0.003152,0.139855,0.550486,0.823041
1474477439.568721,149,-38.208380,-40.548128,1.198985,0.001498,0.131186,0.573370,0.808724
1474477441.832696,150,-38.098172,-39.973853,1.102579,0.031869,0.149165,0.581116,0.799398
1474477444.232598,151,-37.969531,-39.490327,0.926863,0.005038,0.198439,0.614643,0.763420
1474477446.365822,152,-37.796725,-38.746505,0.662925,-0.025466,0.198405,0.632515,0.748273
1474477449.166706,153,-37.552955,-37.774945,0.286325,-0.011593,0.166568,0.643919,0.746651
1474477450.233924,154,-37.550336,-37.551672,0.272584,-0.012201,0.190903,0.632529,0.750542
1474477453.165638,155,-37.482204,-36.798083,-0.002313,0.007691,0.200356,0.634537,0.746432
1474477455.698881,156,-37.364818,-36.245641,-0.245481,0.023630,0.183908,0.793789,0.579239
1474477457.833299,157,-37.693487,-35.721204,-0.351196,0.085805,0.297966,0.858110,0.409268
1474477459.965428,158,-37.992516,-35.203924,-0.541063,0.082383,0.226367,0.896798,0.371113
1474477461.166644,159,-38.183627,-34.906358,-0.539839,0.085659,0.213657,0.916601,0.326889
1474477463.965663,160,-38.799683,-34.462438,-0.653171,0.096989,0.199255,0.942248,0.251116
1474477468.765747,161,-39.819911,-33.964974,-0.631817,0.037803,0.230788,0.946205,0.223615
1474477471.033007,162,-40.211137,-33.749014,-0.704149,0.057987,0.227167,0.954212,0.185774
1474477472.365072,163,-40.510978,-33.571447,-0.742157,0.047249,0.224207,0.962667,0.144123
1474477474.898963,164,-41.115920,-33.404310,-0.726287,-0.012168,0.219691,0.967616,0.123717
1474477477.835807,165,-42.050798,-33.211180,-0.832841,0.011720,0.224757,0.967484,0.115416
1474477481.032721,166,-43.365241,-32.803350,-0.697220,0.065011,0.242723,0.961409,0.112032
1474477484.498125,167,-44.633173,-32.628766,-0.634990,0.031533,0.237984,0.966998,0.085353
1474477485.431374,168,-45.077557,-32.559893,-0.613305,0.004662,0.231759,0.966618,0.109160
1474477487.831298,169,-46.003650,-32.370967,-0.743848,-0.006035,0.229706,0.963900,0.134519
1474477489.964585,170,-46.921834,-32.170236,-0.810749,-0.011655,0.255635,0.959862,0.114807
1474477492.764600,171,-47.915790,-31.996639,-0.874718,0.005443,0.242153,0.960153,0.139422
1474477495.832333,172,-48.865307,-31.717435,-0.957384,-0.023147,0.228455,0.965911,0.119536
1474477498.097651,173,-49.466449,-31.723132,-1.197637,-0.050455,0.222482,0.969318,0.091537
1474477501.297596,174,-50.237610,-31.581318,-1.406378,-0.004962,0.190688,0.966532,-0.171552
1474477503.698102,175,-50.915138,-31.777299,-1.286005,-0.018421,0.217288,0.918848,-0.328885
1474477506.898113,176,-51.627585,-32.375217,-1.245937,0.058015,0.223599,0.852777,-0.468412
1474477508.764791,177,-51.778800,-32.802377,-1.066250,0.007054,0.234743,0.840536,-0.488206
1474477510.633022,178,-52.078157,-33.132829,-0.935965,-0.017268,-0.224848,-0.827176,0.514708
1474477512.363961,179,-52.313157,-33.456493,-0.747124,-0.025082,-0.244723,-0.797121,0.551435
1474477519.564874,180,-52.940130,-35.013032,-0.106119,-0.058718,-0.212736,-0.747349,0.626710
1474477524.365047,181,-53.162692,-36.201945,0.066985,-0.102935,-0.132012,-0.613335,0.771879
1474477525.963567,182,-53.104316,-36.470208,0.234564,0.016412,-0.193711,-0.455337,0.868835
1474477527.297442,183,-52.952052,-36.806943,0.356003,-0.078302,-0.139199,-0.400432,0.902301
1474477531.563383,184,-52.286124,-37.558543,0.778109,-0.112975,-0.143986,-0.245294,0.952017
1474477535.030880,185,-51.643661,-37.918809,0.914231,-0.086606,-0.082343,-0.164091,0.979180
1474477538.232073,186,-50.980881,-38.261121,0.998595,-0.129333,-0.069028,-0.115693,0.982407
1474477541.563106,187,-50.211377,-38.444118,1.041171,-0.125506,-0.046362,-0.073872,0.988252
1474477544.237562,188,-49.440019,-38.649494,1.021714,-0.088028,-0.070371,-0.068276,0.991281
1474477546.631800,189,-48.722784,-38.699688,1.171303,-0.113622,-0.096406,-0.072458,0.986177
1474477549.296215,190,-47.686503,-38.865006,1.368874,-0.084847,-0.061263,-0.039782,0.993713
1474477550.631026,191,-47.097014,-38.915213,1.455009,-0.073233,-0.058627,-0.048218,0.994422
1474477552.096874,192,-46.570364,-38.980992,1.489227,-0.097597,-0.034743,-0.059207,0.992856
1474477555.162681,193,-45.408449,-39.029845,1.528816,-0.032336,-0.005723,-0.109162,0.993481
1474477557.162546,194,-44.649816,-39.214760,1.500662,-0.082511,0.015437,-0.099420,0.991499
1474477559.032445,195,-43.895228,-39.395101,1.437438,-0.043929,0.029197,-0.038737,0.997856
1474477560.630516,196,-43.233763,-39.418833,1.470938,-0.074615,-0.010137,-0.063771,0.995120
1474477561.831432,197,-42.704717,-39.520926,1.498677,-0.055024,-0.029122,-0.098544,0.993183
1474477563.295850,198,-42.218494,-39.639277,1.452159,-0.119723,-0.024553,-0.094020,0.988040
1474477566.631529,199,-41.282948,-39.917928,1.423176,-0.145721,0.069858,-0.158930,0.973975
1474477570.230402,200,-40.529764,-40.380361,1.454087,-0.184610,0.046750,-0.004229,0.981690
1474477571.296285,201,-40.178764,-40.351688,1.538029,-0.007184,0.126327,0.125838,0.983948
1474477574.495512,202,-39.473377,-40.386763,1.277990,-0.152466,0.128999,0.340915,0.918635
1474477575.433257,203,-39.306910,-40.252954,1.201463,-0.164867,0.138558,0.360358,0.907614
1474477576.362086,204,-39.056583,-40.006545,1.175862,-0.116607,0.177942,0.372965,0.903126
1474477578.095878,205,-38.831321,-39.779790,1.088096,-0.095425,0.114595,0.426899,0.891919
1474477580.228710,206,-38.490748,-39.230394,0.863118,-0.002643,0.146045,0.486629,0.861311
1474477582.628597,207,-38.126287,-38.666844,0.727223,0.008380,0.150158,0.529045,0.835161
1474477586.362704,208,-37.776997,-37.758384,0.380234,-0.053634,0.192682,0.574335,0.793811
1474477590.633179,209,-37.336382,-36.298793,-0.329780,-0.067923,0.215296,0.611819,0.758097
1474477591.695218,210,-37.299465,-35.990076,-0.451585,-0.035938,0.221646,0.615990,0.755075
1474477594.228318,211,-37.178014,-35.258234,-0.599664,-0.022743,0.164195,0.616863,0.769417
1474477595.695927,212,-37.103517,-34.991543,-0.760807,0.008472,0.166309,0.626217,0.761657
1474477597.028146,213,-37.012368,-34.493388,-0.875816,-0.018064,0.140074,0.635450,0.759115
1474477599.695900,214,-37.007532,-33.892559,-1.054718,0.009607,0.281713,0.822638,0.493774
1474477602.095507,215,-37.388557,-33.416670,-1.270199,0.054075,0.209510,0.892292,0.396227
1474477605.827924,216,-38.022249,-32.699296,-1.375824,0.073146,0.204331,0.929632,0.297797
1474477608.228518,217,-38.414409,-32.286934,-1.411523,0.107530,0.214236,0.938043,0.250230
1474477609.170648,218,-38.622946,-32.117033,-1.290259,0.105482,0.208087,0.942823,0.238030
1474477610.628137,219,-38.891052,-31.873742,-1.250338,0.108192,0.211965,0.954345,0.180530
1474477613.294378,220,-39.620332,-31.742185,-1.333950,0.089447,0.218781,0.956079,0.173342
1474477616.096908,221,-40.211066,-31.485091,-1.334695,0.040932,0.241159,0.958841,0.144189
1474477617.698103,222,-40.600057,-31.444054,-1.440588,0.037267,0.212117,0.966642,0.138639
1474477621.294943,223,-41.978890,-31.080488,-1.404572,0.059149,0.237759,0.963940,0.103878
1474477622.494096,224,-42.387985,-30.958857,-1.378278,0.049197,0.221247,0.966925,0.116983
1474477625.027402,225,-43.380587,-30.883852,-1.457384,0.007167,0.230337,0.967382,0.105189
1474477626.495415,226,-44.012229,-30.752858,-1.451573,-0.008722,0.256896,0.958534,0.123046
1474477629.560568,227,-45.276970,-30.421857,-1.467201,0.039520,0.242961,0.960386,0.130640
1474477631.827149,228,-46.077167,-30.157439,-1.469742,0.016283,0.251672,0.959281,0.127184
1474477633.161222,229,-46.603285,-30.064568,-1.515620,0.027197,0.236615,0.965380,0.106370
1474477635.695856,230,-47.652993,-29.826304,-1.533845,0.013167,0.249186,0.960059,0.126567
1474477637.828254,231,-48.078457,-29.663592,-1.647735,0.004363,0.242701,0.963100,0.116255
1474477639.829820,232,-48.766109,-29.621445,-1.762573,0.003554,0.235333,0.963636,0.126533
1474477641.694480,233,-49.112018,-29.496858,-1.887858,-0.012742,0.212992,0.967442,0.136116
1474477643.560160,234,-49.586719,-29.451127,-1.990151,0.004778,0.233694,0.964078,-0.126167
1474477645.960180,235,-50.128312,-29.684204,-1.941469,0.000561,0.288571,0.912237,-0.290775
1474477647.294028,236,-50.431288,-29.985463,-1.972733,0.005734,0.290159,0.898013,-0.330677
1474477649.962209,237,-51.024484,-30.403081,-1.904294,0.022275,0.281192,0.841543,-0.460695
1474477651.026629,238,-51.140412,-30.667349,-1.853731,-0.037414,-0.277359,-0.810155,0.515092
1474477653.560888,239,-51.442071,-31.183174,-1.533025,-0.046780,-0.261293,-0.803345,0.533080
1474477656.493704,240,-51.774776,-31.818606,-1.317222,-0.096967,-0.243623,-0.743524,0.615156
1474477660.093655,241,-51.978132,-32.714448,-1.095301,-0.095148,-0.237031,-0.758483,0.599555
1474477663.161846,242,-52.148830,-33.439319,-0.803546,-0.076930,-0.204642,-0.748174,0.626450
1474477667.292825,243,-52.308585,-34.311094,-0.429387,-0.091313,-0.169559,-0.705132,0.682423
1474477670.892771,244,-52.194019,-35.126434,-0.075376,-0.078216,-0.163729,-0.416695,0.890753
1474477673.959548,245,-51.881462,-35.605388,0.203898,-0.085123,-0.119697,-0.287039,0.946591
1474477676.226924,246,-51.465549,-36.003439,0.278700,-0.148926,-0.136905,-0.248441,0.947288
1474477678.626651,247,-50.922582,-36.253208,0.523223,-0.120295,-0.141793,-0.179216,0.966077
1474477681.025774,248,-50.572184,-36.428660,0.655574,-0.122394,-0.107724,-0.142345,0.976296
1474477683.159649,249,-49.874448,-36.668681,0.702366,-0.151579,-0.060573,-0.127971,0.978253
1474477685.426227,250,-49.353613,-36.857724,0.694998,-0.126947,-0.038434,-0.094122,0.986685
1474477687.426205,251,-48.859991,-36.906905,0.738778,-0.118216,-0.046381,-0.082203,0.988492
1474477688.626493,252,-48.461691,-36.914849,0.715833,-0.129348,-0.055516,-0.072514,0.987385
1474477691.025457,253,-47.575916,-37.086930,0.807285,-0.088900,-0.042446,-0.071087,0.992593
1474477693.426202,254,-46.486027,-37.182031,0.809893,-0.101874,-0.023366,-0.034118,0.993937
1474477696.092108,255,-45.550913,-37.262597,0.877917,-0.091945,-0.044057,-0.043319,0.993845
1474477698.226178,256,-44.687691,-37.342085,0.946026,-0.078172,-0.055252,-0.033238,0.994853
1474477699.425928,257,-44.286453,-37.342328,1.038065,-0.082252,-0.057917,-0.042292,0.994028
1474477701.558735,258,-43.451012,-37.508002,1.073137,-0.110568,-0.034571,-0.069438,0.990837
1474477704.093037,259,-42.529920,-37.569852,1.064952,-0.078940,0.032674,-0.061103,0.994468
1474477705.425703,260,-42.006854,-37.649051,0.988441,-0.093801,0.043870,-0.094721,0.990103
1474477707.961504,261,-41.099363,-37.950737,0.771593,-0.102281,0.044819,-0.119817,0.986496
1474477710.224924,262,-40.528276,-38.118606,0.736170,-0.105217,0.023293,-0.109959,0.988077
1474477711.291522,263,-40.150469,-38.226753,0.689822,-0.080630,0.019487,-0.098722,0.991652
1474477713.959207,264,-39.555014,-38.412359,0.729743,-0.125341,0.005334,-0.421702,0.898013
1474477715.558081,265,-39.261592,-38.765928,0.743575,-0.117780,-0.000405,-0.514301,0.849483
1474477716.359116,266,-39.132293,-39.086943,0.678837,-0.099184,-0.000424,-0.539847,0.835899
1474477719.024690,267,-38.798576,-39.703183,0.781399,-0.136330,-0.016305,-0.642556,0.753836
1474477721.428331,268,-38.715802,-40.361986,1.039860,-0.143008,-0.093109,-0.687883,0.705476
1474477724.491758,269,-38.695889,-41.174342,1.336041,-0.152690,-0.110835,-0.735565,0.650650
1474477727.024436,270,-38.827122,-41.733166,1.523466,-0.146765,-0.059182,-0.757229,0.633689
1474477728.357729,271,-38.830495,-42.040040,1.535089,-0.128442,-0.084745,-0.772825,0.615680
1474477732.357600,272,-39.087825,-42.882207,1.955598,-0.139661,-0.078316,-0.806755,0.568777
1474477735.424621,273,-39.197971,-43.585766,2.199224,-0.111024,-0.097740,-0.797767,0.584541
1474477738.890780,274,-39.548523,-44.373284,2.398195,-0.106839,-0.096737,-0.776382,0.613561
1474477741.024010,275,-39.642699,-44.884509,2.564169,-0.108679,-0.104602,-0.830123,0.536790
1474477742.891285,276,-39.777196,-45.206944,2.584190,0.049215,0.126907,0.930075,-0.341223
1474477743.957243,277,-39.992894,-45.349434,2.661792,0.031033,0.075361,0.966177,-0.244661
1474477746.357791,278,-40.523801,-45.725087,2.570333,0.015580,0.078711,0.981707,-0.172668
1474477749.023792,279,-41.204244,-45.900146,2.710033,0.017572,0.078769,0.993362,-0.081966
1474477751.691040,280,-41.832532,-46.078886,2.724340,0.039975,0.118461,0.990845,-0.050935
1474477753.823658,281,-42.365816,-46.040999,2.870142,0.027206,0.110153,0.993321,0.020964
1474477756.624154,282,-43.095691,-45.995013,2.913308,0.016567,0.130024,0.991289,0.012846
1474477759.024111,283,-43.687360,-45.935223,2.871833,0.015272,0.121099,0.991049,0.054079
1474477761.690083,284,-44.246941,-45.871193,2.947007,0.027130,0.111470,0.987504,0.108048
1474477762.623383,285,-44.539729,-45.705737,3.045592,0.025746,0.105909,0.989148,0.098525
1474477766.361212,286,-45.818175,-45.590638,3.072100,0.013736,0.100522,0.990349,0.094424
1474477767.556659,287,-46.287953,-45.564219,3.083085,-0.007504,0.132187,0.984343,0.116360
1474477769.156532,288,-46.834604,-45.482623,3.098472,0.016646,0.139221,0.984749,0.103007
1474477772.489758,289,-47.577589,-45.287305,3.043035,0.011368,0.135492,0.980078,0.144774
1474477774.756400,290,-48.261660,-45.150980,2.844222,-0.025109,0.129154,0.983598,0.123380
1474477777.423872,291,-48.706174,-44.988001,2.696609,-0.068531,0.115602,0.899275,0.416227
1474477778.622946,292,-49.012373,-44.628400,2.485970,-0.111971,0.058360,0.878130,0.461459
1474477781.023584,293,-49.366974,-44.208213,2.328742,-0.108168,0.102300,0.824960,0.545230
1474477782.223154,294,-49.517932,-43.939163,2.255286,-0.107367,0.024317,0.761747,0.638453
1474477785.156079,295,-49.697638,-43.062452,2.265793,-0.042362,0.090937,0.736264,0.669217
1474477787.822728,296,-49.770667,-42.514601,2.160690,-0.048920,0.069152,0.632370,0.770022
1474477790.766153,297,-49.646284,-41.870204,2.045133,-0.063046,0.095171,0.643406,0.756965
1474477792.089207,298,-49.602431,-41.444881,1.783477,-0.079774,0.083424,0.632645,0.765792
1474477795.822523,299,-49.415544,-40.521227,1.542471,-0.075396,0.104799,0.625754,0.769262
1474477799.688979,300,-49.115529,-39.476953,1.267233,-0.094877,0.083740,0.596766,0.792374
1474477802.622238,301,-48.806071,-38.386162,1.022721,-0.030175,0.069686,0.607208,0.790905
1474477804.088864,302,-48.652694,-37.797010,0.977516,-0.075525,0.050865,0.583765,0.806801
1474477807.555445,303,-48.050088,-36.639356,0.697070,-0.103358,0.079236,0.599524,0.789690
1474477809.155489,304,-47.714604,-36.041849,0.544748,-0.095389,0.059316,0.606261,0.787293
1474477812.488682,305,-47.352621,-34.813526,0.245836,-0.135460,0.074480,0.618361,0.770541
1474477813.956517,306,-47.255229,-34.279677,0.029189,-0.145004,0.095664,0.599077,0.781619
1474477815.555831,307,-47.055745,-33.685845,-0.308398,-0.153782,0.095268,0.587056,0.789076
1474477817.289181,308,-46.863600,-33.012758,-0.597856,-0.146032,0.151600,0.586828,0.781873
1474477818.488489,309,-46.789969,-32.657944,-0.688634,-0.116959,0.151687,0.607104,0.771191
1474477821.688636,310,-46.534505,-31.942923,-1.123925,-0.077144,0.134246,0.595534,0.788268
1474477823.289167,311,-46.558885,-31.512178,-1.121463,-0.032265,0.166049,0.556267,0.813605
1474477826.088288,312,-46.085651,-31.076024,-1.496977,-0.168344,0.060120,0.276000,0.944388
1474477829.022125,313,-45.263994,-30.919156,-1.600851,-0.170500,0.024997,0.123936,0.977213
1474477830.354759,314,-44.880215,-30.801019,-1.626117,-0.149456,-0.000822,0.076382,0.985813
1474477832.888122,315,-44.292088,-30.686750,-1.484549,-0.148419,-0.043795,-0.042621,0.987035
1474477836.088001,316,-43.531043,-30.789483,-1.495471,-0.185081,-0.007970,-0.081737,0.979286
1474477837.287959,317,-43.115714,-30.938272,-1.478552,-0.159151,0.003036,-0.112347,0.980836
1474477839.955564,318,-42.525627,-31.070546,-1.431492,-0.177533,-0.033927,-0.136736,0.973979
1474477843.554412,319,-41.636312,-31.478071,-1.378365,-0.189692,-0.044991,-0.167762,0.966358
1474477847.821530,320,-40.841556,-31.722796,-1.429246,-0.121253,-0.008706,-0.356020,0.926538
1474477850.887926,321,-40.276564,-32.531103,-1.314154,-0.186916,-0.040256,-0.562618,0.804303
1474477851.956065,322,-40.148997,-32.747296,-1.264834,-0.147853,-0.065826,-0.566900,0.807732
1474477855.022228,323,-39.926516,-33.368206,-0.887298,-0.184946,-0.097621,-0.648529,0.731898
1474477856.487451,324,-39.814969,-33.597774,-0.798209,-0.184049,-0.074062,-0.671177,0.714257
1474477859.821492,325,-39.695918,-34.366656,-0.516345,-0.154424,-0.083038,-0.727725,0.663079
1474477862.754510,326,-39.793386,-35.080054,-0.303513,-0.166007,-0.075821,-0.761566,0.621860
1474477865.020255,327,-39.915936,-35.695554,-0.069874,-0.159246,-0.082591,-0.769366,0.613104
1474477867.421160,328,-39.974724,-36.253151,0.166004,-0.174832,-0.085310,-0.788802,0.583050
1474477868.753708,329,-40.106753,-36.418183,0.335851,-0.162289,-0.120269,-0.785566,0.584879
1474477870.886952,330,-40.345236,-37.239592,0.646279,-0.150384,-0.114376,-0.784042,0.591254
1474477873.555206,331,-40.551196,-38.193745,0.892997,-0.138716,-0.102588,-0.785101,0.594853
1474477876.620743,332,-41.062431,-39.208724,1.347246,-0.138711,-0.112413,-0.781664,0.597598
1474477879.020066,333,-41.176444,-40.080522,1.570405,-0.134563,-0.106260,-0.771056,0.613249
1474477881.553312,334,-41.496240,-41.002662,1.926506,-0.147396,-0.089194,-0.762149,0.624058
1474477882.486635,335,-41.548762,-41.329085,2.001489,-0.125195,-0.081882,-0.749735,0.644608
1474477885.420886,336,-41.779120,-42.523597,2.228086,-0.099975,-0.056395,-0.780609,0.614389
1474477886.619856,337,-41.849651,-43.066043,2.325934,-0.087124,-0.042292,-0.796078,0.597395
1474477888.886427,338,-42.030187,-43.709414,2.343769,-0.094378,-0.048793,-0.803299,0.586023
1474477891.553658,339,-42.315619,-44.440125,2.513829,-0.108158,-0.086828,-0.793496,0.592560
1474477892.620322,340,-42.407964,-44.698364,2.622127,-0.094489,-0.113963,-0.795508,0.587581
1474477894.352998,341,-42.395749,-45.007172,2.757438,0.086900,0.164608,0.906852,-0.378117
1474477896.086237,342,-42.742540,-45.267438,2.916792,0.079956,0.077879,0.971053,-0.211184
1474477897.687608,343,-43.182993,-45.538081,2.884701,0.032958,0.101364,0.976893,-0.185255
1474477900.619431,344,-43.661661,-45.644757,2.902088,-0.021624,0.061204,0.997852,-0.008878
1474477903.152792,345,-44.189539,-45.861253,2.773290,0.000463,0.141624,0.985942,-0.088661
1474477906.085935,346,-44.958251,-45.890198,2.888753,0.028096,0.080372,0.994965,0.052869
1474477908.353420,347,-45.535930,-45.943744,2.869342,0.038865,0.120604,0.991166,0.039180
1474477909.419187,348,-45.859178,-45.908674,2.957839,0.035003,0.105984,0.991349,0.069056
1474477912.219125,349,-46.500320,-45.909035,2.962320,0.012197,0.138989,0.988624,0.056170
1474477915.153219,350,-47.280903,-45.747332,2.968062,0.004676,0.134611,0.983869,0.117731
1474477918.352897,351,-48.487224,-45.388478,3.008796,0.050950,0.150895,0.978526,0.130850
1474477920.353224,352,-49.275957,-45.169839,3.000770,0.039667,0.123215,0.979966,0.151362
1474477921.687228,353,-49.711925,-44.986053,3.018385,0.027027,0.139550,0.977055,0.158617
1474477925.018761,354,-50.497253,-44.768810,2.884597,0.008361,0.123381,0.981115,0.148733
1474477926.485333,355,-50.759948,-44.729997,2.788703,0.005007,0.123902,0.980282,0.153851
1474477928.086494,356,-51.314174,-44.524624,2.707630,-0.006745,0.130176,0.968146,0.213779
1474477930.085240,357,-51.529926,-44.490721,2.718669,-0.022278,0.161852,0.886046,0.433855
1474477931.421897,358,-51.712835,-44.188959,2.603772,-0.123170,0.025880,0.836708,0.532991
1474477934.351812,359,-52.157248,-43.531370,2.205381,-0.123657,0.126125,0.792049,0.584345
1474477935.685112,360,-52.280059,-43.223366,2.099083,-0.126669,0.070089,0.758605,0.635264
1474477938.485040,361,-52.452043,-42.397838,2.024232,-0.064105,0.097755,0.727952,0.675589
1474477940.751655,362,-52.496651,-41.860244,1.918344,-0.042770,0.060003,0.683227,0.726479
1474477943.552287,363,-52.444789,-41.119929,1.873192,-0.074514,0.045509,0.645140,0.759059
1474477944.888917,364,-52.283944,-40.845357,1.704278,-0.082149,0.057616,0.633566,0.767155
1474477946.085404,365,-52.190154,-40.542163,1.559346,-0.093408,0.069594,0.628770,0.768817
1474477949.418046,366,-52.091287,-39.714556,1.317225,-0.108526,0.085198,0.603673,0.785202
1474477952.752197,367,-51.758137,-38.897897,1.005682,-0.104108,0.069705,0.593870,0.794746
1474477955.819357,368,-51.478308,-37.710214,0.760220,-0.052058,0.074112,0.606023,0.790274
1474477958.084429,369,-51.212255,-36.947179,0.633716,-0.046428,0.033989,0.588133,0.806715
1474477960.088888,370,-50.913339,-36.229065,0.575816,-0.033747,0.049957,0.613387,0.787478
1474477961.285610,371,-50.783461,-35.790108,0.516539,-0.080741,0.036000,0.609483,0.787855
1474477964.084329,372,-50.328495,-34.790301,0.213978,-0.119056,0.058233,0.601504,0.787799
1474477965.550900,373,-50.188890,-34.202865,0.051507,-0.108139,0.095418,0.612358,0.777315
1474477967.285158,374,-50.033742,-33.564381,-0.193434,-0.131815,0.072967,0.600763,0.785101
1474477971.017453,375,-49.521268,-32.188635,-0.879516,-0.135616,0.117298,0.620452,0.763471
1474477972.484034,376,-49.478095,-31.826496,-1.025178,-0.122504,0.091148,0.631940,0.759827
1474477976.083723,377,-49.309278,-30.924365,-1.410666,-0.081916,0.111771,0.594936,0.791738
1474477977.418038,378,-49.246198,-30.710935,-1.566143,-0.170255,0.051202,0.434283,0.883057
1474477978.752141,379,-48.993911,-30.446270,-1.739902,-0.227626,0.014151,0.288795,0.929830
1474477981.684950,380,-48.344361,-29.980213,-1.872272,-0.146443,-0.015658,0.180117,0.972557
1474477983.018424,381,-47.980611,-29.780539,-1.830984,-0.193671,-0.073070,0.089220,0.974265
1474477986.618476,382,-47.119106,-29.704150,-1.945236,-0.186548,-0.048962,-0.005286,0.981211
1474477989.283746,383,-46.515895,-29.747390,-1.900871,-0.171723,-0.035955,-0.074886,0.981637
1474477994.633899,384,-45.133271,-29.987477,-1.658979,-0.175448,-0.049234,-0.141464,0.973027
1474477995.819466,385,-44.861712,-30.086360,-1.675107,-0.158784,-0.034579,-0.140662,0.976630
1474477997.416674,386,-44.499256,-30.268330,-1.698644,-0.169774,-0.035914,-0.131765,0.975974
1474478001.683950,387,-43.333644,-30.680108,-1.633762,-0.126068,-0.035998,-0.195294,0.971942
1474478003.150997,388,-43.086763,-30.773963,-1.666305,-0.103196,-0.065255,-0.337285,0.933451
1474478004.483108,389,-42.843669,-30.915418,-1.492720,-0.248841,-0.029666,-0.532908,0.808212
1474478006.483803,390,-42.633141,-31.364243,-1.453166,-0.104558,-0.102867,-0.551283,0.821324
1474478008.216485,391,-42.365026,-31.813706,-1.361349,-0.136269,-0.078749,-0.604050,0.781251
1474478012.883745,392,-42.005885,-32.792568,-0.901159,-0.147946,-0.163134,-0.675251,0.703942
1474478016.883123,393,-41.861497,-33.708921,-0.419405,-0.118286,-0.220171,-0.713262,0.654821
1474478020.882651,394,-42.008894,-34.516013,-0.011970,-0.102241,-0.166884,-0.760608,0.619009
1474478024.482876,395,-42.203162,-35.470758,0.115637,-0.073934,-0.121369,-0.770015,0.621997
1474478025.682568,396,-42.404481,-35.931644,0.246199,-0.082667,-0.129176,-0.781778,0.604403
1474478028.883148,397,-42.856415,-37.040297,0.669515,-0.113246,-0.139022,-0.788484,0.588337
1474478032.349804,398,-43.226861,-38.408227,1.080927,-0.084322,-0.147743,-0.766954,0.618744
1474478033.551078,399,-43.331120,-38.738182,1.178146,-0.106150,-0.141311,-0.786146,0.592231
1474478034.616942,400,-43.475595,-39.243279,1.345583,-0.111668,-0.139301,-0.790238,0.586216
1474478037.016647,401,-43.791342,-40.069738,1.630879,-0.113396,-0.139001,-0.785652,0.592090
1474478038.349608,402,-43.902536,-40.537121,1.824587,-0.104062,-0.151457,-0.781037,0.596836
1474478040.615376,403,-44.107761,-41.412976,2.115781,-0.096539,-0.139318,-0.785582,0.595090
1474478041.952737,404,-44.237437,-41.957388,2.283468,-0.073832,-0.146718,-0.784466,0.598027
1474478042.749668,405,-44.346289,-42.248296,2.391660,-0.076939,-0.125981,-0.788016,0.597696
1474478044.485895,406,-44.417614,-42.579850,2.456422,-0.075085,-0.131963,-0.770117,0.619571
1474478046.348654,407,-44.412960,-43.161141,2.637013,-0.086591,-0.128692,-0.786035,0.598406
1474478048.615418,408,-44.480501,-43.705234,2.528866,-0.099459,-0.189224,-0.780458,0.587526
1474478050.215438,409,-44.481859,-44.082506,2.423732,0.059992,0.184350,0.850486,-0.488969
1474478052.881880,410,-45.053223,-44.552028,2.659223,0.045190,0.140536,0.964201,-0.220279
1474478055.548994,411,-45.714376,-44.739134,2.892195,0.015826,0.153706,0.970289,-0.186180
1474478059.415380,412,-46.800233,-45.131136,2.909829,-0.013341,0.150522,0.984997,-0.083342
1474478060.350564,413,-47.025169,-45.151794,2.961627,-0.002260,0.174177,0.982930,-0.059210
1474478064.883464,414,-48.090094,-45.132282,2.852742,0.037295,0.154309,0.987319,-0.000165
1474478068.082739,415,-48.935210,-45.134471,2.943272,0.022743,0.128138,0.987356,0.090506
1474478071.947844,416,-49.884093,-45.013155,2.835410,-0.003168,0.128428,0.987673,0.089438
1474478072.749077,417,-50.314701,-44.972010,2.784346,-0.000331,0.134163,0.986506,0.093843
1474478075.019256,418,-51.083430,-44.750299,2.746581,-0.019273,0.158277,0.982862,0.092517
1474478076.482471,419,-51.752089,-44.661361,2.633936,-0.015451,0.148293,0.983471,0.102737
1474478078.083461,420,-52.256034,-44.512373,2.648976,-0.042096,0.102687,0.983754,0.141110
1474478079.680986,421,-52.739285,-44.385497,2.478105,-0.055037,0.141554,0.978586,0.138933
1474478080.881945,422,-53.073696,-44.280751,2.423114,-0.054373,0.126845,0.982045,0.128611
1474478084.614166,423,-54.060731,-44.098527,2.154583,-0.092738,0.176859,0.954353,0.222106
1474478087.947465,424,-54.615880,-43.520347,1.937545,-0.151552,0.057263,0.834955,0.525930
1474478090.347460,425,-54.878431,-43.045673,1.794711,-0.122687,0.103999,0.776431,0.609334
1474478091.282766,426,-54.947540,-42.741954,1.776383,-0.144445,0.070949,0.760304,0.629317
1474478092.482125,427,-55.003381,-42.449793,1.647279,-0.122159,0.110840,0.750657,0.639771
1474478095.547191,428,-55.133013,-41.687362,1.468224,-0.123275,0.045173,0.696127,0.705812
1474478097.813798,429,-55.102152,-41.054981,1.452053,-0.100385,0.073364,0.673831,0.728349
1474478101.683711,430,-54.960363,-40.083003,1.320294,-0.093837,0.032719,0.629592,0.770544
1474478104.347553,431,-54.814431,-39.409410,1.196145,-0.102121,0.036232,0.606666,0.787537
1474478106.613655,432,-54.595062,-38.941067,0.974674,-0.095648,0.030332,0.588980,0.801894
1474478107.680183,433,-54.546039,-38.624335,0.936303,-0.120900,0.022004,0.592232,0.796342
1474478109.948475,434,-54.268925,-37.919451,0.751522,-0.120538,0.041234,0.584539,0.801302
1474478111.146718,435,-54.022100,-37.407942,0.662827,-0.125252,0.029015,0.594446,0.793791
1474478112.346698,436,-53.894907,-37.023960,0.497075,-0.104307,0.048274,0.623955,0.772962
1474478115.683985,437,-53.560221,-35.838995,0.089017,-0.130481,0.045271,0.573645,0.807377
1474478117.546533,438,-53.279127,-35.252517,-0.073049,-0.144862,0.057351,0.573166,0.804492
1474478122.082178,439,-52.580922,-33.593408,-0.564236,-0.148727,0.032354,0.611436,0.776518
1474478127.014310,440,-52.121500,-31.889770,-1.392750,-0.210612,0.086049,0.602195,0.765245
1474478131.681171,441,-51.901569,-30.869765,-1.917617,-0.173375,0.057915,0.440641,0.878875
1474478135.412649,442,-51.057680,-30.208442,-2.062293,-0.186602,-0.027771,0.204770,0.960457
1474478137.814257,443,-50.463158,-29.908277,-2.053711,-0.198523,-0.080477,0.076409,0.973794
1474478139.412590,444,-49.935077,-29.885699,-2.030176,-0.167603,-0.098001,0.078986,0.977787
1474478141.945820,445,-49.364810,-29.828154,-1.940415,-0.122199,-0.118708,-0.007841,0.985350
1474478144.879181,446,-48.703005,-29.871327,-1.744356,-0.161261,-0.095789,-0.029646,0.981805
1474478147.145674,447,-48.293489,-29.870991,-1.845876,-0.202169,-0.058555,-0.096428,0.972831
1474478149.813628,448,-47.518895,-30.172954,-1.978600,-0.149767,-0.100835,-0.086743,0.979734
1474478152.212327,449,-46.914448,-30.092778,-1.794603,-0.169121,-0.108492,-0.149190,0.968179
1474478153.145533,450,-46.718835,-30.299362,-1.605725,-0.175377,-0.110833,-0.148618,0.966888
1474478155.813428,451,-46.256540,-30.461140,-1.568634,-0.170812,-0.078403,-0.143422,0.971651
1474478157.012290,452,-45.909744,-30.489241,-1.490008,-0.141163,-0.088587,-0.241393,0.956010
1474478159.013648,453,-45.709065,-30.557705,-1.368051,-0.179292,-0.086903,-0.471474,0.859078
1474478160.220216,454,-45.378056,-30.955626,-1.179012,-0.161195,-0.116897,-0.533108,0.822282
1474478162.879522,455,-44.905906,-31.488893,-1.060921,-0.138269,-0.101480,-0.574007,0.800687
1474478165.545185,456,-44.656388,-32.117982,-0.899616,-0.107110,-0.144902,-0.662727,0.726859
1474478169.678554,457,-44.523933,-33.152409,-0.500375,-0.124475,-0.178502,-0.708285,0.671547
1474478172.478308,458,-44.529193,-33.785643,-0.288982,-0.102661,-0.165749,-0.740372,0.643301
1474478175.684864,459,-44.706210,-34.648667,-0.031434,-0.081922,-0.173130,-0.751582,0.631221
1474478178.083757,460,-44.873184,-35.141962,0.206430,-0.106709,-0.184757,-0.776087,0.593436
1474478181.678030,461,-45.248519,-36.358448,0.718614,-0.124297,-0.182981,-0.763734,0.606447
1474478183.011653,462,-45.426905,-36.725149,0.886512,-0.126384,-0.180880,-0.765271,0.604707
1474478184.482157,463,-45.597477,-37.324420,1.073580,-0.115324,-0.185257,-0.747495,0.627400
1474478187.811172,464,-45.851308,-38.526795,1.494871,-0.085925,-0.142517,-0.777679,0.606235
1474478192.478179,465,-46.392022,-40.377286,1.830900,-0.076634,-0.119842,-0.788558,0.598283
1474478193.414614,466,-46.520245,-40.813746,1.943812,-0.089751,-0.132656,-0.778204,0.607245
1474478194.610997,467,-46.548017,-41.310037,1.982079,-0.083452,-0.158684,-0.762318,0.621873
1474478197.544901,468,-46.799480,-42.421781,2.287705,-0.078392,-0.135371,-0.810496,0.564469
1474478199.810850,469,-47.088808,-42.897763,2.311304,-0.097368,-0.144892,-0.794240,0.581986
1474478201.010929,470,-47.182234,-43.236139,2.462246,-0.098789,-0.143994,-0.797827,0.577043
1474478201.944118,471,-47.213865,-43.531230,2.533899,-0.096941,-0.148578,-0.799500,0.573870
1474478204.210712,472,-47.334256,-43.922015,2.567552,-0.122066,-0.111254,-0.619445,0.767470
1474478206.077333,473,-47.139973,-44.423827,2.747587,-0.025511,-0.084557,-0.427188,0.899839
1474478207.277284,474,-46.991861,-44.682896,2.727257,-0.101735,-0.055342,-0.394832,0.911425
1474478208.343946,475,-46.867140,-44.806664,2.793199,-0.115608,-0.054970,-0.375973,0.917746
1474478211.010499,476,-46.267123,-45.380116,2.847579,-0.104391,-0.076797,-0.270915,0.953839
1474478213.280180,477,-45.865659,-45.529562,3.079925,-0.036588,-0.069966,-0.199442,0.976724
1474478216.210955,478,-45.226471,-45.852704,3.146019,-0.057839,-0.047093,-0.122038,0.989719
1474478217.943661,479,-44.709830,-46.000572,3.195954,-0.057694,-0.026442,-0.114620,0.991380
1474478219.543690,480,-44.282953,-46.159398,3.197285,-0.075961,-0.033803,-0.095624,0.991939
1474478221.143548,481,-43.929010,-46.215012,3.239867,-0.064747,-0.021095,-0.086759,0.993899
1474478222.610193,482,-43.600570,-46.238936,3.337670,-0.074038,-0.032012,-0.075391,0.993886
1474478224.076829,483,-43.119575,-46.385524,3.202407,-0.058153,-0.040072,-0.041792,0.996627
1474478225.676757,484,-42.802999,-46.421318,3.134064,-0.057170,-0.017430,-0.019280,0.998026
1474478227.409994,485,-42.899395,-46.451503,2.865629,-0.065474,0.041478,-0.034776,0.996385
1474478228.477657,486,-42.736854,-46.498229,2.667824,-0.070154,0.069607,-0.070327,0.992616
1474478229.809970,487,-42.616236,-46.589178,2.340538,-0.079396,0.078593,-0.078974,0.990597
1474478258.742468,488,-42.361999,-47.003264,2.249920,-0.058147,0.028226,0.078874,0.994787
1474478273.142117,489,-42.184893,-47.135484,2.307618,-0.075240,0.015273,0.010502,0.996993
