%time,field.data
1475331136865017111,50.0
1475331136875072760,50.0
1475331138868076944,66.6666717529
1475331138868076944,66.6666717529
1475331148867071500,37.5
1475331148867071500,37.5
1475331152863224440,40.0
1475331154876291817,45.4545478821
1475331154876291817,36.3636360168
1475331156869015157,50.0
1475331156869015157,41.6666641235
1475331158871616296,53.846157074
1475331158871616296,46.1538467407
1475331160864663887,57.1428604126
1475331160864663887,50.0
1475331166874878624,52.9411773682
1475331166874878624,47.0588226318
1475331168867531244,55.555557251
1475331168867531244,50.0
1475331170869660288,57.8947372437
1475331170869660288,52.6315803528
1475331172872187121,60.0000038147
1475331172872187121,55.0
1475331174865860763,61.9047622681
1475331174865860763,57.1428604126
1475331180864377876,58.3333320618
1475331180864377876,54.1666679382
1475331182867186689,60.0000038147
1475331182867186689,56.0
1475331186871713566,59.2592582703
1475331186871713566,55.555557251
1475331194871494670,54.8387107849
1475331194871494670,51.6128997803
1475331196864475552,56.25
1475331196864475552,53.125
1475331198866612393,57.575756073
1475331198866612393,54.5454559326
1475331200869084575,58.8235321045
1475331200869084575,55.8823509216
1475331202871825230,60.0000038147
1475331202871825230,57.1428604126
1475331204864183421,61.1111106873
1475331204864183421,58.3333320618
1475331206866801176,62.1621627808
1475331206866801176,59.4594612122
1475331208869443227,63.1578903198
1475331208869443227,60.5263175964
1475331210871649883,64.1025695801
1475331210871649883,61.5384635925
1475331212864608682,65.0
1475331212864608682,62.5
1475331214867422610,65.8536605835
1475331214867422610,63.4146347046
1475331216869946636,66.6666717529
1475331216869946636,64.2857131958
1475331218872212309,67.4418640137
1475331218872212309,65.1162796021
1475331220865175917,68.1818161011
1475331220865175917,65.9090957642
1475331222868793170,68.8888931274
1475331222868793170,66.6666717529
1475331224872330004,69.5652160645
1475331224872330004,67.3913040161
1475331226864960208,70.2127609253
1475331226864960208,68.085105896
1475331228869611046,70.8333282471
1475331228869611046,68.75
1475331232874254910,70.0
1475331232874254910,68.0
1475331234867539094,70.5882339478
1475331234867539094,68.627456665
1475331236869889475,71.1538467407
1475331236869889475,69.2307739258
1475331238872345030,71.6981124878
1475331238872345030,69.8113174438
1475331242868491586,70.9090881348
1475331242868491586,69.0909118652
1475331244871842995,71.4285736084
1475331244871842995,69.6428604126
1475331246875294736,71.9298248291
1475331246875294736,70.1754379272
1475331248868609113,72.4137878418
1475331248868609113,70.6896514893
1475331250872327713,72.8813552856
1475331250872327713,71.1864395142
1475331252865368417,73.3333358765
1475331252865368417,71.6666641235
1475331254868496233,73.7704925537
1475331254868496233,72.1311416626
1475331256871567086,74.1935501099
1475331256871567086,72.5806503296
1475331258868546949,74.6031799316
1475331258868546949,73.01587677
1475331260871085768,75.0
1475331260871085768,73.4375
1475331262869949826,75.3846130371
1475331262869949826,73.8461532593
1475331264867769922,75.7575759888
1475331264867769922,74.2424240112
1475331266871740997,76.1194076538
1475331266871740997,74.6268615723
1475331268864902807,76.4705886841
1475331268864902807,75.0
1475331270867732443,76.8115921021
1475331270867732443,75.3623199463
1475331278868823956,72.6027374268
1475331278878883982,73.9726028442
1475331296869306467,67.0731735229
1475331296869306467,65.8536605835
1475331298862081415,67.4698791504
1475331298862081415,66.2650604248
1475331300866521885,67.8571395874
1475331300866521885,66.6666717529
1475331302869379560,68.2352981567
1475331302869379560,67.0588226318
1475331306866364518,67.8160934448
1475331306866364518,66.6666717529
1475331308874919953,68.1818161011
1475331308874919953,67.0454559326
1475331310869024673,68.5393295288
1475331310869024673,67.4157333374
1475331312872561281,68.8888931274
1475331312872561281,67.7777786255
1475331314885508629,69.2307739258
1475331314885508629,68.1318664551
1475331316869242948,69.5652160645
1475331316869242948,68.478263855
1475331320867542586,69.1489334106
1475331320867542586,68.085105896
1475331322871176849,69.4736862183
1475331322871176849,68.4210510254
1475331330868704270,67.6767654419
1475331330868704270,66.6666717529
1475331334875936628,68.0
1475331334875936628,67.0
1475331336869082257,68.0
1475331336869082257,67.0
1475331340864694745,68.0
1475331340864694745,67.0
1475331342868108305,69.0
1475331342868108305,68.0
1475331344871722145,70.0
1475331344871722145,69.0
1475331348864443751,70.0
1475331348864443751,69.0
1475331350876971145,71.0
1475331350876971145,70.0
1475331360862850862,67.0
1475331360862850862,67.0
1475331362866340696,68.0
1475331362866340696,68.0
1475331364869703590,69.0
1475331364869703590,69.0
1475331368870095719,68.0
1475331368870095719,68.0
1475331374865005832,66.0
1475331374875066142,66.0
1475331376869779080,67.0
1475331376869779080,67.0
1475331378867539361,68.0
1475331378867539361,68.0
1475331384874881829,67.0
1475331384874881829,67.0
1475331386867582000,67.0
1475331386867582000,67.0
1475331388864859927,68.0
1475331388874919603,68.0
1475331390869370998,69.0
1475331390869370998,69.0
1475331392863712812,70.0
1475331392873831051,70.0
1475331398875606077,68.0
1475331398875606077,68.0
1475331414867434919,61.0
1475331414867434919,61.0
1475331416870218103,61.0
1475331416870218103,61.0
1475331422870538878,58.9999961853
1475331422870538878,58.9999961853
1475331424874593297,58.9999961853
1475331424874593297,58.9999961853
1475331428869520746,58.0
1475331428869520746,58.0
1475331430873192566,58.9999961853
1475331430873192566,58.9999961853
1475331432867610699,58.9999961853
1475331432867610699,58.9999961853
1475331434872364280,58.9999961853
1475331434872364280,58.9999961853
1475331436866028300,58.9999961853
1475331436866028300,58.9999961853
1475331438878952728,58.9999961853
1475331438878952728,58.9999961853
1475331440872699177,60.0000038147
1475331440872699177,60.0000038147
1475331442866035689,60.0000038147
1475331442866035689,60.0000038147
1475331446873357249,58.9999961853
1475331446873357249,58.9999961853
1475331448866388771,58.9999961853
1475331448866388771,58.9999961853
1475331450870053493,58.9999961853
1475331450870053493,58.9999961853
1475331452873708647,58.9999961853
1475331452873708647,58.9999961853
1475331454866955658,58.9999961853
1475331454866955658,58.9999961853
1475331456871202387,58.9999961853
1475331456871202387,58.9999961853
1475331458876969673,58.9999961853
1475331458876969673,58.9999961853
1475331464868059671,57.0
1475331464868059671,57.0
1475331466863446809,57.0
1475331466863446809,57.0
1475331468867968981,57.0
1475331468867968981,57.0
1475331470870366221,57.0
1475331470870366221,57.0
1475331472863756145,58.0
1475331472863756145,58.0
1475331474866331846,58.9999961853
1475331474866331846,58.9999961853
1475331476869266256,60.0000038147
1475331476869266256,60.0000038147
1475331478862520053,60.0000038147
1475331478862520053,60.0000038147
1475331480867092730,61.0
1475331480867092730,61.0
1475331482870150119,62.0
1475331482870150119,62.0
1475331486867461235,63.0
1475331486877516868,63.0
1475331488862531060,64.0
1475331488862531060,64.0
1475331492871626765,65.0
1475331492871626765,65.0
1475331494875737419,66.0
1475331494875737419,66.0
1475331500867572279,64.0
1475331500867572279,64.0
1475331502871112906,64.0
1475331502871112906,64.0
1475331504864430151,65.0
1475331504864430151,65.0
1475331506868061353,65.0
1475331506868061353,65.0
1475331510875068634,64.0
1475331510875068634,64.0
1475331512869581873,64.0
1475331512869581873,64.0
1475331514872421842,64.0
1475331514882593715,64.0
1475331522867566835,62.0
1475331522867566835,62.0
1475331524871578621,63.0
1475331524871578621,63.0
1475331526874555346,64.0
1475331526874555346,64.0
1475331528868617832,65.0
1475331528868617832,65.0
1475331532865996019,65.0
1475331532865996019,65.0
1475331536873246231,64.0
1475331536873246231,64.0
1475331538869191374,65.0
1475331538869191374,65.0
1475331542877392123,64.0
1475331542877392123,64.0
1475331544870297602,64.0
1475331544870297602,64.0
1475331546865101919,65.0
1475331546865101919,65.0
1475331548868533871,65.0
1475331548868533871,65.0
1475331550871235040,65.0
1475331550871235040,65.0
1475331552866094453,66.0
1475331552876130081,66.0
1475331556873562855,67.0
1475331556873562855,67.0
1475331558878516403,68.0
1475331558878516403,68.0
1475331564872973706,66.0
1475331564872973706,66.0
1475331566865853232,67.0
1475331566865853232,67.0
1475331568868996899,67.0
1475331568868996899,67.0
1475331572866178062,68.0
1475331572866178062,68.0
1475331574869414004,68.0
1475331574869414004,68.0
1475331576863309915,68.0
1475331576863309915,68.0
1475331578866161701,68.0
1475331578866161701,68.0
1475331580879356656,69.0
1475331580879356656,69.0
1475331584866369418,69.0
1475331584866369418,69.0
1475331586869844098,69.0
1475331586869844098,69.0
1475331588873309461,69.0
1475331588873309461,69.0
1475331590866946389,69.0
1475331590866946389,69.0
1475331592870010209,69.0
1475331592870010209,69.0
1475331594865820602,70.0
1475331594875932364,70.0
1475331596870001592,71.0
1475331596870001592,71.0
1475331600869181421,71.0
1475331600869181421,71.0
1475331602863631238,72.0
1475331602863631238,72.0
1475331604868359003,73.0
1475331604868359003,73.0
1475331606863376689,74.0
1475331606863376689,74.0
1475331610876111406,75.0
1475331610876111406,75.0
1475331612869874077,76.0
1475331612869874077,76.0
1475331614873906934,76.0
1475331614873906934,76.0
1475331616878365764,76.0
1475331616878365764,76.0
1475331618872699935,77.0
1475331618872699935,77.0
1475331620865703914,78.0
1475331620875987346,78.0
1475331626868774373,77.0
1475331626868774373,77.0
1475331628868501056,77.0
1475331628868501056,77.0
1475331630861947844,77.0
1475331630861947844,77.0
1475331632876347447,77.0
1475331632876347447,77.0
1475331634869693781,77.0
1475331634869693781,77.0
1475331636872958547,77.0
1475331636872958547,77.0
1475331638877610483,77.0
1475331638877610483,77.0
1475331644873427835,76.0
1475331644873427835,76.0
1475331646878036012,76.0
1475331646878036012,76.0
1475331648872859866,76.0
1475331648872859866,76.0
1475331650867837378,76.0
1475331650867837378,76.0
1475331652871102690,76.0
1475331652871102690,76.0
1475331654871164610,76.0
1475331654871164610,76.0
1475331656880159133,76.0
1475331656880159133,76.0
1475331660879949418,76.0
1475331660879949418,76.0
1475331662883842032,77.0
1475331662883842032,77.0
1475331668872463044,75.0
1475331668872463044,75.0
1475331672875767405,74.0
1475331672875767405,74.0
1475331674880852740,74.0
1475331674880852740,74.0
1475331678873824275,73.0
1475331678873824275,73.0
1475331680868167051,73.0
1475331680868167051,73.0
1475331682871594398,73.0
1475331682871594398,73.0
1475331686871949824,73.0
1475331686871949824,73.0
1475331688866824461,73.0
1475331688866824461,73.0
1475331690871475970,74.0
1475331690871475970,74.0
1475331692865573226,74.0
1475331692865573226,74.0
1475331694870292053,74.0
1475331694870292053,74.0
1475331696866859630,75.0
1475331696866859630,75.0
1475331698871415689,76.0
1475331698871415689,76.0
1475331700867098163,76.0
1475331700867098163,76.0
1475331706868961902,74.0
1475331706868961902,74.0
1475331708873193194,75.0
1475331708873193194,75.0
1475331710876491527,75.0
1475331710876491527,75.0
1475331712870836353,75.0
1475331712870836353,75.0
1475331714864804281,75.0
1475331714864804281,75.0
1475331716869292268,76.0
1475331716869292268,76.0
1475331718868384613,77.0
1475331718868384613,77.0
1475331720863551891,78.0
1475331720863551891,78.0
1475331724872974147,77.0
1475331724872974147,77.0
1475331734868736128,75.0
1475331734868736128,75.0
1475331736866104640,75.0
1475331736866104640,75.0
1475331742874401677,74.0
1475331742874401677,74.0
1475331744862841551,74.0
1475331744862841551,74.0
1475331746869401168,74.0
1475331746869401168,74.0
1475331750874149667,73.0
1475331750874149667,73.0
1475331752863900145,73.0
1475331752863900145,73.0
1475331754879876163,74.0
1475331754879876163,74.0
1475331756869883535,74.0
1475331756869883535,74.0
1475331760862512547,74.0
1475331760862512547,74.0
1475331764865465251,74.0
1475331764875526253,74.0
1475331766879231000,74.0
1475331766879231000,74.0
1475331768868424071,74.0
1475331768868424071,74.0
1475331770863850590,75.0
1475331770873904308,75.0
1475331772860916509,75.0
1475331772860916509,75.0
1475331774866967527,75.0
1475331774866967527,75.0
1475331778866506031,74.0
1475331778866506031,74.0
1475331780871584303,74.0
1475331780871584303,74.0
1475331782862260360,75.0
1475331782862260360,75.0
1475331790864301688,72.0
1475331790864301688,72.0
1475331792871211473,72.0
1475331792871211473,72.0
1475331794868064495,72.0
1475331794868064495,72.0
1475331796864142249,72.0
1475331796864142249,72.0
1475331798865121643,73.0
1475331798865121643,73.0
1475331802889280688,72.0
1475331802889280688,72.0
1475331804870198457,72.0
1475331804870198457,72.0
1475331806869367855,72.0
1475331806869367855,72.0
1475331808869532917,73.0
1475331808869532917,73.0
1475331810867916784,73.0
1475331810867916784,73.0
1475331812873271166,73.0
1475331812873271166,73.0
1475331814871801317,73.0
1475331814871801317,73.0
1475331816870441993,73.0
1475331816870441993,73.0
1475331820887190456,72.0
1475331820897257322,72.0
1475331822871710745,73.0
1475331822871710745,73.0
1475331826871731825,73.0
1475331826871731825,73.0
1475331828873720244,73.0
1475331828873720244,73.0
1475331830870108616,73.0
1475331830870108616,73.0
1475331832866162048,73.0
1475331832866162048,73.0
1475331834866788416,73.0
1475331834866788416,73.0
1475331836863191767,73.0
1475331836863191767,73.0
1475331840865972125,73.0
1475331840865972125,73.0
1475331846869880652,72.0
1475331846869880652,72.0
1475331848868778227,72.0
1475331848868778227,72.0
1475331854871814458,70.0
1475331854871814458,70.0
1475331856871680763,70.0
1475331856871680763,70.0
1475331858872936508,71.0
1475331858872936508,71.0
1475331860872335648,71.0
1475331860872335648,71.0
1475331862870632425,71.0
1475331862870632425,71.0
1475331864868948443,72.0
1475331864868948443,72.0
1475331866873792348,73.0
1475331866873792348,73.0
1475331868872511005,73.0
1475331868872511005,73.0
1475331870860987551,74.0
1475331870871056725,74.0
1475331872862906224,74.0
1475331872862906224,74.0
1475331878876691543,73.0
1475331878876691543,73.0
1475331880870830573,73.0
1475331880870830573,73.0
1475331882870603457,73.0
1475331882870603457,73.0
1475331884868737479,74.0
1475331884868737479,74.0
1475331886867899318,74.0
1475331886878013453,74.0
1475331888866695493,74.0
1475331888866695493,74.0
1475331890878496915,74.0
1475331890878496915,74.0
1475331892884377013,74.0
1475331892894432658,74.0
1475331894872003374,74.0
1475331894872003374,74.0
1475331896873600842,74.0
1475331896873600842,74.0
1475331898869554226,74.0
1475331898869554226,74.0
1475331900868245895,74.0
1475331900868245895,74.0
1475331902866869081,75.0
1475331902866869081,75.0
1475331904866025940,76.0
1475331904866025940,76.0
1475331908869638674,75.0
1475331908869638674,75.0
1475331910869814909,75.0
1475331910869814909,75.0
1475331912867481779,75.0
1475331912867481779,75.0
1475331914864285398,75.0
1475331914864285398,75.0
1475331924870459482,72.0
1475331924870459482,72.0
1475331926867811994,73.0
1475331926877875204,73.0
1475331928865843295,74.0
1475331928865843295,74.0
1475331930869874302,75.0
1475331930869874302,75.0
1475331932868103854,76.0
1475331932868103854,76.0
1475331934864419940,76.0
1475331934874856520,76.0
1475331936866987002,76.0
1475331936866987002,76.0
1475331938865005247,77.0
1475331940864295718,77.0
1475331940864295718,78.0
1475331942868476383,77.0
1475331942868476383,78.0
1475331944871372608,77.0
1475331944871372608,78.0
1475331946903841323,77.0
1475331946903841323,78.0
1475331948878384234,78.0
1475331948878384234,79.0
1475331950869700175,78.0
1475331950869700175,79.0
1475331952871463603,78.0
1475331952871463603,79.0
1475331954871688042,78.0
1475331954871688042,79.0
1475331956871105494,78.0
1475331956871105494,79.0
1475331960866109631,78.0
1475331960866109631,79.0
1475331962867922360,79.0
1475331962867922360,80.0
1475331964869107501,79.0
1475331964869107501,80.0
1475331966862084498,80.0
1475331966872169569,79.0
1475331968868281697,79.0
1475331968868281697,80.0
1475331970874949913,79.0
1475331970874949913,80.0
1475331972876680064,79.0
1475331972876680064,80.0
1475331974867265928,79.0
1475331974867265928,80.0
1475331976867270148,80.0
1475331976867270148,81.0
1475331980864017905,79.0
1475331980864017905,80.0
1475331982871203081,79.0
1475331982871203081,80.0
1475331992871110917,78.0
1475331992871110917,79.0
1475331994869451401,78.0
1475331994869451401,79.0
1475331998869584810,77.0
1475331998869584810,78.0
1475332000871362048,79.0
1475332000881481220,78.0
1475332002869650962,78.0
1475332002869650962,79.0
1475332004868351855,78.0
1475332004868351855,79.0
1475332006867176773,78.0
1475332006867176773,79.0
1475332008868168774,78.0
1475332008868168774,79.0
1475332010875488724,78.0
1475332010875488724,79.0
1475332012866176090,78.0
1475332012866176090,79.0
1475332014864048728,78.0
1475332014864048728,79.0
1475332016871908287,78.0
1475332016871908287,79.0
1475332018870823251,79.0
1475332018870823251,80.0
1475332030869328582,75.0
1475332030869328582,76.0
1475332036870750033,73.0
1475332036870750033,74.0
1475332038869264597,74.0
1475332038869264597,75.0
1475332044873860646,74.0
1475332044873860646,75.0
1475332046866293996,74.0
1475332046866293996,75.0
1475332048875718767,74.0
1475332048875718767,75.0
1475332052869060272,75.0
1475332052869060272,76.0
1475332054866996481,75.0
1475332054866996481,76.0
1475332056866444177,75.0
1475332056866444177,76.0
1475332058878492129,75.0
1475332058878492129,76.0
1475332060873647540,75.0
1475332060873647540,76.0
1475332062870435308,75.0
1475332062870435308,76.0
1475332064874206247,75.0
1475332064874206247,76.0
1475332072862397608,72.0
1475332072872464419,73.0
1475332074865527102,73.0
1475332074865527102,74.0
1475332076870930995,74.0
1475332076870930995,75.0
1475332078876544495,74.0
1475332078876544495,75.0
1475332080873747360,74.0
1475332080873747360,75.0
1475332084876018106,73.0
1475332084876018106,74.0
1475332090869155086,71.0
1475332090879376268,72.0
1475332094873047938,70.0
1475332094873047938,71.0
1475332096874375470,70.0
1475332096874375470,71.0
1475332100870244237,69.0
1475332100870244237,70.0
1475332104867348481,68.0
1475332104867348481,69.0
1475332106867588882,69.0
1475332106867588882,70.0
1475332108868757070,69.0
1475332108868757070,70.0
1475332112866519107,68.0
1475332112866519107,69.0
1475332114870979389,68.0
1475332114870979389,69.0
1475332116872498610,69.0
1475332116872498610,70.0
1475332118883502292,70.0
1475332118883502292,71.0
1475332120867878416,71.0
1475332120867878416,72.0
1475332122870600416,72.0
1475332122870600416,73.0
1475332124867177188,72.0
1475332124867177188,73.0
1475332126875762780,72.0
1475332126875762780,73.0
1475332128868405686,72.0
1475332128868405686,73.0
1475332132873130802,71.0
1475332132873130802,72.0
1475332134866491706,71.0
1475332134866491706,72.0
1475332136867313209,71.0
1475332136867313209,72.0
1475332144874630113,69.0
1475332144874630113,69.0
1475332152870868122,66.0
1475332152870868122,66.0
1475332154874310093,66.0
1475332154874310093,66.0
1475332156874233699,66.0
1475332156874233699,66.0
1475332158870595278,67.0
1475332158870595278,67.0
1475332160871912331,67.0
1475332160871912331,67.0
1475332162871082324,67.0
1475332162871082324,67.0
1475332164866881609,67.0
1475332164866881609,67.0
1475332170871420802,65.0
1475332170871420802,65.0
1475332172869986189,65.0
1475332172869986189,65.0
1475332174870582206,65.0
1475332174870582206,65.0
1475332176867934305,65.0
1475332176867934305,65.0
1475332178877743815,66.0
1475332178877743815,66.0
1475332180872040801,66.0
1475332180872040801,66.0
1475332182873094341,66.0
1475332182873094341,66.0
1475332186871483962,67.0
1475332186881800362,67.0
1475332188874392751,68.0
1475332188874392751,68.0
1475332194868283675,67.0
1475332194868283675,67.0
1475332196870637222,68.0
1475332196870637222,68.0
1475332198869741671,68.0
1475332198869741671,68.0
1475332204869188768,66.0
1475332204869188768,66.0
1475332206875021776,66.0
1475332206875021776,66.0
1475332210875990269,65.0
1475332210875990269,65.0
1475332212871798280,65.0
1475332212871798280,65.0
1475332214871855634,65.0
1475332214871855634,65.0
1475332216867952440,65.0
1475332216878023739,65.0
1475332218869366807,65.0
1475332218869366807,65.0
1475332220870098031,66.0
1475332220870098031,66.0
1475332222873740615,67.0
1475332222873740615,67.0
1475332224863947941,68.0
1475332224863947941,68.0
1475332226871735962,69.0
1475332226871735962,69.0
1475332228862640588,70.0
1475332228862640588,70.0
1475332232868492496,70.0
1475332232868492496,70.0
1475332234871734537,71.0
1475332234871734537,71.0
1475332236873735056,71.0
1475332236873735056,71.0
1475332238868118672,71.0
1475332238868118672,71.0
1475332240878826238,72.0
1475332240878826238,72.0
1475332242869926712,73.0
1475332242869926712,73.0
1475332246870306881,72.0
1475332246870306881,72.0
1475332248865078692,72.0
1475332248865078692,72.0
1475332252871484862,72.0
1475332252871484862,72.0
1475332254866963577,72.0
1475332254866963577,72.0
1475332256872003880,72.0
1475332256872003880,72.0
1475332258863645095,72.0
1475332258874030158,72.0
1475332262876691454,71.0
1475332262876691454,71.0
1475332264889638927,71.0
1475332264889638927,71.0
1475332266870207200,72.0
1475332266870207200,72.0
1475332268868317438,73.0
1475332268868317438,73.0
