%time,field.data
1474477153467631153,50.0
1474477156417639693,50.0
1474477157565195783,60.0000038147
1474477159477875255,66.6666717529
1474477160565349844,71.4285736084
1474477163463962944,75.0
1474477165487446178,77.7777786255
1474477166665108547,80.0
1474477168487556891,81.8181838989
1474477169665426218,83.3333282471
1474477172465217591,84.6153869629
1474477172465217591,85.7142868042
1474477175163572299,86.6666641235
1474477175445265311,87.5
1474477176562769451,88.2352981567
1474477179260980674,88.8888931274
1474477179442099368,89.4736862183
1474477181435369946,90.0
1474477182663465762,90.4761886597
1474477184445558160,90.9090957642
1474477185563043055,91.3043518066
1474477187495782640,91.6666717529
1474477190656911491,92.0
1474477194483708771,92.3076934814
1474477199467330815,92.592590332
1474477202426760393,92.8571395874
1474477203666664902,93.1034469604
1474477206486164465,93.3333358765
1474477209435221223,93.5483856201
1474477212489285457,93.75
1474477214505312711,93.9393920898
1474477215861349180,94.1176452637
1474477217439292152,94.2857131958
1474477218565547042,94.444442749
1474477220482592672,94.5945892334
1474477223434942588,94.7368469238
1474477224439373142,94.8717956543
1474477225460763494,95.0
1474477228163076033,95.1219482422
1474477228465050370,95.2380981445
1474477230257923810,95.3488311768
1474477231475658300,95.4545440674
1474477234468460147,95.555557251
1474477235656311022,95.6521759033
1474477237483640747,95.744682312
1474477239426511648,95.8333282471
1474477240655099255,95.9183654785
1474477242434886790,96.0
1474477243556930167,96.0784301758
1474477245424279681,96.1538467407
1474477246555637359,96.2264175415
1474477248478787517,96.296295166
1474477250487099435,96.3636322021
1474477251653037076,96.4285736084
1474477254554056961,96.4912261963
1474477256475397528,96.5517196655
1474477258495329494,96.610168457
1474477259657595558,96.6666641235
1474477261427185820,96.7213058472
1474477262555431562,96.7741928101
1474477264483045138,96.8253936768
1474477266424845637,96.875
1474477267756622586,96.9230804443
1474477269482880596,96.9696960449
1474477270656585196,97.0149307251
1474477272435524514,97.0588226318
1474477273557808458,97.1014480591
1474477275655469226,97.1428604126
1474477277957621667,97.1830978394
1474477278425295062,97.2222213745
1474477279438076022,97.260269165
1474477280556167320,97.2973022461
1474477282487705007,97.3333358765
1474477283657107951,97.3684158325
1474477285474343265,97.40259552
1474477287476834481,97.4358978271
1474477288653936785,97.4683532715
1474477290494691527,97.5
1474477291653001369,97.5308685303
1474477293437023641,97.5609741211
1474477295477858150,97.5903625488
1474477296854870148,97.6190414429
1474477298502373015,97.6470565796
1474477299654683805,97.6744155884
1474477301449979671,97.7011489868
1474477304456766389,97.7272720337
1474477306169341142,97.7528076172
1474477306443695646,97.7777786255
1474477307568741815,97.8022003174
1474477310255524640,97.8260879517
1474477310449550348,97.8494644165
1474477313654087603,97.8723373413
1474477315481872304,97.8947372437
1474477316655137022,97.9166717529
1474477318482793654,97.9381408691
1474477320486336149,97.9591827393
1474477323475510632,97.9797973633
1474477324469148609,98.0
1474477325427530171,99.0
1474477326656031597,99.0
1474477328757289198,100.0
1474477330955610979,100.0
1474477333753568958,98.0
1474477335448597674,98.0
1474477337476481284,98.0
1474477357488412727,98.0
1474477360848580460,98.0
1474477360858783814,98.0
1474477362422202411,98.0
1474477363457597875,98.0
1474477365490864220,98.0
1474477366658731900,98.0
1474477368470195775,98.0
1474477370431125610,98.0
1474477373470247529,98.0
1474477378472664315,96.0
1474477381151323900,96.0
1474477381423433119,96.0
1474477382551550746,96.0
1474477384418453709,96.0
1474477386252119132,96.0
1474477389467679013,96.0
1474477390657911881,96.0
1474477394257324566,95.0
1474477395555551965,95.0
1474477397432333289,95.0
1474477398552565527,95.0
1474477400483508796,95.0
1474477402352711705,95.0
1474477403456186937,95.0
1474477406153649469,95.0
1474477406480634345,95.0
1474477408855638710,95.0
1474477410953162172,95.0
1474477411552748565,95.0
1474477413414250365,95.0
1474477414556548872,95.0
1474477416404794982,95.0
1474477417553467988,95.0
1474477424435769704,93.0
1474477425460151650,93.0
1474477426429959201,93.0
1474477429486127170,93.0
1474477430438815134,93.0
1474477431431929208,93.0
1474477432662826014,93.0
1474477434426833475,93.0
1474477436262736173,93.0
1474477437434851705,93.0
1474477438749047599,93.0
1474477440419666443,93.0
1474477441664105921,93.0
1474477443472153134,93.0
1474477445431589625,93.0
1474477446554142408,93.0
1474477448462542572,93.0
1474477449547955985,93.0
1474477452662204537,93.0
1474477452662204537,93.0
1474477454493039421,93.0
1474477455660679135,93.0
1474477457472355837,93.0
1474477458554895126,93.0
1474477460663922922,93.0
1474477461415178440,93.0
1474477462763814235,93.0
1474477465588928614,93.0
1474477467469220048,93.0
1474477469365424566,93.0
1474477470552654224,93.0
1474477472494031120,93.0
1474477473670538728,93.0
1474477475471081400,93.0
1474477477361878741,93.0
1474477483562601966,93.0
1474477486424793362,93.0
1474477502654810417,91.0
1474477504408132587,91.0
1474477505553075070,91.0
1474477507423263001,91.0
1474477512754699723,89.0
1474477514262289581,89.0
1474477514474776793,89.0
1474477515656922835,89.0
1474477517473693902,89.0
1474477519408690342,89.0
1474477520548518733,89.0
1474477522433392698,89.0
1474477523562190569,89.0
1474477525432385579,89.0
1474477527427127510,89.0
1474477528653960170,90.0
1474477530474781794,91.0
1474477531651981768,91.0
1474477533487728071,91.0
1474477535373767750,91.0
1474477538476397548,91.0
1474477542416077765,91.0
1474477545468141397,91.0
1474477546654107722,91.0
1474477548425799698,91.0
1474477549555889373,91.0
1474477551763556181,91.0
1474477552483719856,91.0
1474477553563618948,91.0
1474477555482212221,91.0
1474477556562796732,92.0
1474477558466208979,93.0
1474477560362680464,93.0
1474477561464347049,93.0
1474477564164082427,93.0
1474477564416258216,93.0
1474477565556538601,93.0
1474477567413645904,93.0
1474477569256557423,93.0
1474477575408532760,91.0
1474477577249368723,91.0
1474477580483879532,91.0
1474477581658136712,91.0
1474477583478876867,91.0
1474477585351152270,91.0
1474477586546497311,91.0
1474477589246650251,91.0
1474477589427727373,91.0
1474477590656882502,91.0
1474477592487055454,91.0
1474477594352184811,91.0
1474477595549969718,91.0
1474477597430169550,91.0
1474477598547061181,91.0
1474477601466188070,92.0
1474477602653173295,93.0
1474477605478802103,93.0
1474477606416948070,93.0
1474477607454107708,93.0
1474477609417618034,93.0
1474477614752570553,93.0
1474477616437048589,93.0
1474477617549607835,93.0
1474477625470437628,93.0
1474477629471494640,93.0
1474477633853725482,93.0
1474477642739970035,93.0
1474477645741050813,93.0
1474477648465960703,93.0
1474477650461783333,93.0
1474477652344628886,93.0
1474477653544767025,93.0
1474477658433009640,91.0
1474477659545358962,91.0
1474477661844218769,91.0
1474477663484464864,91.0
1474477664642277414,91.0
1474477666463813955,91.0
1474477669643156191,91.0
1474477680480170140,89.0
1474477681642415577,89.0
1474477683464519888,89.0
1474477684641343070,89.0
1474477687462129663,89.0
1474477689243159802,89.0
1474477689464698109,89.0
1474477690641638165,89.0
1474477692484017198,89.0
1474477696399617693,89.0
1474477697545665179,90.0
1474477699420610479,91.0
1474477704412201450,91.0
1474477705541368877,91.0
1474477707459000979,91.0
1474477712480313896,91.0
1474477713640069375,92.0
1474477715404291627,93.0
1474477716541422748,93.0
1474477718396566595,93.0
1474477720416419654,93.0
1474477721393892754,93.0
1474477722462236602,93.0
1474477725141054407,93.0
1474477725406814393,93.0
1474477728461287714,93.0
1474477729639888002,93.0
1474477731456377926,93.0
1474477732534098019,93.0
1474477734473855149,93.0
1474477736422323267,93.0
1474477737641143856,93.0
1474477739404340834,93.0
1474477742420397889,93.0
1474477744246599930,93.0
1474477745444764415,93.0
1474477752439535987,93.0
1474477752479803478,93.0
1474477756040210322,93.0
1474477756449949874,93.0
1474477762460007211,91.0
1474477763414268421,91.0
1474477764645823187,91.0
1474477766416850880,91.0
1474477768234511257,91.0
1474477769450997715,91.0
1474477774474095260,91.0
1474477776937649918,91.0
1474477777471377157,91.0
1474477778425685803,91.0
1474477779737582955,91.0
1474477781429114315,92.0
1474477782537712975,93.0
1474477784638639476,94.0
1474477786640685960,93.0
1474477791458512186,91.0
1474477794403349712,91.0
1474477795458828666,91.0
1474477796455060339,91.0
1474477797633718765,91.0
1474477799459511675,91.0
1474477801337648087,91.0
1474477804455198681,91.0
1474477807405532597,91.0
1474477808414080462,91.0
1474477810034849506,91.0
1474477811468589494,91.0
1474477812484386194,91.0
1474477816034143105,91.0
1474477816473952191,91.0
1474477818140406030,91.0
1474477820484583368,91.0
1474477823128799429,91.0
1474477823418307268,91.0
1474477824527158856,91.0
1474477826531631615,91.0
1474477827737728370,91.0
1474477829435430395,91.0
1474477830531955428,91.0
1474477832474066191,91.0
1474477834341983599,91.0
1474477835536214850,91.0
1474477837455740387,91.0
1474477838633681515,91.0
1474477840465324037,92.0
1474477841632830560,93.0
1474477843636389374,93.0
1474477845390401293,93.0
1474477846534548508,93.0
1474477849228239949,93.0
1474477849404416992,93.0
1474477851235005105,93.0
1474477852417242765,93.0
1474477855400965267,94.0
1474477856538700190,95.0
1474477858454162351,95.0
1474477860444904928,95.0
1474477863473694767,95.0
1474477864641235539,95.0
1474477866414368315,95.0
1474477868464525591,95.0
1474477869626449837,95.0
1474477871408649108,95.0
1474477872537282232,95.0
1474477876138107908,95.0
1474477876464450189,95.0
1474477877529362070,95.0
1474477879475856198,95.0
1474477880640872935,95.0
1474477882468262224,95.0
1474477884333425469,95.0
1474477885467577260,95.0
1474477888122523519,95.0
1474477888394248672,95.0
1474477889536259798,95.0
1474477891473947671,95.0
1474477895416064535,95.0
1474477896543467493,95.0
1474477900485311595,95.0
1474477902345398853,95.0
1474477903540168866,95.0
1474477907463438861,95.0
1474477908640408064,95.0
1474477910736909515,95.0
1474477914403930151,93.0
1474477915437769666,93.0
1474477920125521221,93.0
1474477920437729378,93.0
1474477922826752319,93.0
1474477924423910860,93.0
1474477929366948192,93.0
1474477930736872869,93.0
1474477933530620327,93.0
1474477935728335589,94.0
1474477936424224480,95.0
1474477937627668502,95.0
1474477939408940225,95.0
1474477942383634577,95.0
1474477944435779981,95.0
1474477947130217924,95.0
1474477947470296770,95.0
1474477948525045174,95.0
1474477950435666753,95.0
1474477955457338018,93.0
1474477956628059908,93.0
1474477958423747810,93.0
1474477960233735507,93.0
1474477961447258567,94.0
1474477963454192357,94.0
1474477964634552392,95.0
1474477966427752088,96.0
1474477967533758887,96.0
1474477969638706353,96.0
1474477971468954578,96.0
1474477974424704136,96.0
1474477975400983687,96.0
1474477977031221738,96.0
1474477978402962722,96.0
1474477981448189043,96.0
1474477983230052431,96.0
1474477983391069303,96.0
1474477986439938441,96.0
1474477987417233440,96.0
1474477988450365871,96.0
1474477989728141349,96.0
1474477993382818095,96.0
1474477994733636511,96.0
1474477996391129846,96.0
1474477997527933340,96.0
1474478000235618614,96.0
1474478000367032967,96.0
1474478002413184662,96.0
1474478003623547908,96.0
1474478005437569532,96.0
1474478006534021794,96.0
1474478008381487191,96.0
1474478010462871483,96.0
1474478011722509398,96.0
1474478013437658977,96.0
1474478014529357419,96.0
1474478016401026343,96.0
1474478019457697514,96.0
1474478021230632813,96.0
1474478021362241208,96.0
1474478022632796104,96.0
1474478024431955379,96.0
1474478027437512849,96.0
1474478028461658986,96.0
1474478029413687004,96.0
1474478030724482464,96.0
1474478032432745712,96.0
1474478034323335285,96.0
1474478035429743972,96.0
1474478038129725560,96.0
1474478038422395537,96.0
1474478039520867984,96.0
1474478043528326274,96.0
1474478043528326274,96.0
1474478045433574507,96.0
1474478046532443151,96.0
1474478048382380359,96.0
1474478049532956305,96.0
1474478054630461228,96.0
1474478058532838424,96.0
1474478064384495549,94.0
1474478065531327024,94.0
1474478067372999663,94.0
1474478068529587140,94.0
1474478074422205634,92.0
1474478076230420570,92.0
1474478076422266109,92.0
1474478077520564304,92.0
1474478079624626771,92.0
1474478081931318888,92.0
1474478082434754037,92.0
1474478083371751518,92.0
1474478084832360098,93.0
1474478086925838876,94.0
1474478087530381926,94.0
1474478089386524459,94.0
1474478090521317010,94.0
1474478092452873700,94.0
1474478095632758134,94.0
1474478097460652899,94.0
1474478098623343395,94.0
1474478100413980950,94.0
1474478101525763318,94.0
1474478103729737130,94.0
1474478104381579767,94.0
1474478107429605624,94.0
1474478108412764125,94.0
1474478109406407954,94.0
1474478111429141344,94.0
1474478112633107979,94.0
1474478114425190916,94.0
1474478115634245759,94.0
1474478117379761730,94.0
1474478118529639311,95.0
1474478120629458376,96.0
1474478122452116805,96.0
1474478123632208494,96.0
1474478125359942647,96.0
1474478126523901124,96.0
1474478129424925785,96.0
1474478132132184469,96.0
1474478132390281844,96.0
1474478133623812849,96.0
1474478136529772114,96.0
1474478138414016944,96.0
1474478139530176237,96.0
1474478142442324556,96.0
1474478145128339458,96.0
1474478145414297826,96.0
1474478146523822421,96.0
1474478148733441304,96.0
1474478149379257275,96.0
1474478153533334440,94.0
1474478155434035687,94.0
1474478158426255892,94.0
1474478160233574017,94.0
1474478160404670539,94.0
1474478161729711790,94.0
1474478163427547644,94.0
1474478165328173040,94.0
1474478168383308481,94.0
1474478170227445231,94.0
1474478170418763850,94.0
1474478171629524686,94.0
1474478173825604768,94.0
1474478174399628800,94.0
1474478175730812539,94.0
1474478177455802605,94.0
1474478178626036168,94.0
1474478182460120509,94.0
1474478183730523053,94.0
1474478185383539993,94.0
1474478186531712211,94.0
1474478188419426528,94.0
1474478190331635316,94.0
1474478191526611295,94.0
1474478193450361548,94.0
1474478194633585658,94.0
1474478196364573121,94.0
1474478203453358072,94.0
1474478204630961868,94.0
1474478206727151683,94.0
1474478207384668512,94.0
1474478208822773898,94.0
1474478210364660357,94.0
1474478211530107632,94.0
1474478213415062391,94.0
1474478215224125570,94.0
1474478216432163982,94.0
1474478218417059856,94.0
1474478219525578388,94.0
1474478221400754590,94.0
1474478224432054628,94.0
1474478225526266549,94.0
1474478227444229002,95.0
1474478228530430972,96.0
