%time,field.header.seq,field.header.stamp,field.header.frame_id,field.measurement_time,field.remote_address,field.X,field.Y,field.Z,field.N,field.E,field.U,field.roll,field.pitch,field.yaw,field.propagation_time,field.rssi,field.integrity,field.accuracy
1474477151364554482,604,1474477151014111995,usbl,0.0,2,3.62649989128,20.2735996246,0.986899971962,-18.8808994293,-8.18270015717,1.30309998989,0.0256999991834,0.0555000007153,2.91370010376,13746.0,-39.0,208.0,0.704100012779
1474477153467631153,605,1474477152362000942,usbl,0.0,2,2.23900008202,20.2562007904,0.314599990845,-18.7532997131,-7.83830022812,1.51680004597,0.0636999979615,0.0381999984384,2.85899996758,13588.0,-40.0,159.0,0.6916000247
1474477154665637348,606,1474477154337498903,usbl,0.0,2,3.16739988327,19.5678005219,0.0214000009,-18.3953990936,-7.24270009995,1.44420003891,0.0676999986172,-0.0313999988139,2.9251999855,13215.0,-38.0,197.0,0.688399970531
1474477156166122837,607,1474477155777745008,usbl,0.0,2,0.416000008583,19.5097999573,-0.294200003147,-18.2665996552,-6.79570007324,1.02069997787,0.0674000009894,-0.00209999992512,2.80669999123,13011.0,-39.0,214.0,0.330000013113
1474477157565195783,608,1474477157182447910,usbl,0.0,2,0.641900002956,19.1865005493,0.22349999845,-18.1364002228,-6.19920015335,1.10549998283,0.0463999994099,0.0126000000164,2.84649991989,12799.0,-38.0,193.0,0.18940000236
1474477158964712597,609,1474477158606904029,usbl,0.0,2,0.541199982166,18.9776000977,0.0806000009179,-18.0926990509,-5.68959999084,0.856199979782,0.0410000011325,0.00449999980628,2.86570000648,12657.0,-37.0,130.0,0.185800001025
1474477160565349844,610,1474477160239695072,usbl,0.0,2,0.584800004959,18.6408004761,0.387499988079,-17.8152999878,-5.478099823,0.759299993515,0.0204000007361,0.0147000001743,2.87529993057,12436.0,-37.0,139.0,0.185800001025
1474477163463962944,611,1474477163133979082,usbl,0.0,2,-0.527499973774,17.8859004974,-0.512499988079,-17.4253997803,-4.04720020294,0.648599982262,0.0644000023603,0.017100000754,2.8845000267,11934.0,-37.0,159.0,0.196899995208
1474477164964093687,612,1474477164580584049,usbl,0.0,2,-1.36619997025,17.4575004578,-0.565800011158,-17.135099411,-3.60980010033,0.555000007153,0.0636999979615,0.00609999988228,2.8561000824,11680.0,-37.0,169.0,0.193800002337
1474477166665108547,613,1474477166258423089,usbl,0.0,2,-1.64979994297,17.3281002045,-0.190200001001,-17.0907993317,-3.25049996376,0.599099993706,0.0456000007689,-0.0,2.858700037,11605.0,-37.0,217.0,0.228200003505
1474477167953826419,614,1474477167650312900,usbl,0.0,2,-2.70429992676,16.8945007324,-0.287699997425,-16.9076004028,-2.57109999657,0.584100008011,0.0571999996901,-0.0351000018418,2.83060002327,11408.0,-35.0,165.0,0.208199992776
1474477169655366818,615,1474477169258085966,usbl,0.0,2,-2.25609993935,16.7565994263,-0.0746999979019,-16.7513999939,-2.24510002136,0.48109999299,0.0302000008523,0.022199999541,2.87509989738,11272.0,-36.0,167.0,0.188199996948
1474477170863631492,616,1474477170548018932,usbl,0.0,2,-2.59479999542,16.7124996185,-0.543200016022,-16.7954998016,-1.73849999905,1.10769999027,0.0945999994874,0.0271000005305,2.8859000206,11281.0,-37.0,157.0,0.179399996996
1474477172465217591,617,1474477172108186960,usbl,0.0,2,-2.47009992599,17.0629997253,0.0584000013769,-17.1574993134,-1.42960000038,0.909500002861,0.0458999983966,0.0277999993414,2.91589999199,11494.0,-39.0,163.0,0.175500005484
1474477173864991675,618,1474477173513596057,usbl,0.0,2,-2.84089994431,17.2959003448,0.452100008726,-17.4743995667,-0.928099989891,1.09899997711,0.0368000008166,0.00370000000112,2.92569994926,11689.0,-35.0,209.0,0.181799992919
1474477175153516006,619,1474477174808013916,usbl,0.0,2,-3.24620008469,17.4631996155,0.430000007153,-17.7278003693,-0.616400003433,1.0148999691,0.0370000004768,-0.0186999998987,2.92170000076,11845.0,-36.0,198.0,0.212300002575
1474477176562769451,620,1474477176174034118,usbl,0.0,2,-4.1577000618,17.5083007812,0.529299974442,-17.9323997498,-0.626600027084,1.46430003643,0.0588000006974,-0.0222999993712,2.8708999157,12002.0,-39.0,205.0,0.207399994135
1474477177760870771,621,1474477177431504011,usbl,0.0,2,-1.99310004711,18.1809005737,0.73400002718,-18.265499115,-0.587499976158,1.03949999809,0.0147000001743,0.0197000000626,3.00130009651,12203.0,-40.0,145.0,0.206799998879
1474477179260980674,622,1474477178910350084,usbl,0.0,2,-4.46680021286,18.220199585,1.93710005283,-18.6595001221,-0.226199999452,2.73029994965,0.0397999994457,0.0156999994069,2.89010000229,12573.0,-46.0,121.0,0.215100005269
1474477181254259427,623,1474477180930444955,usbl,0.0,2,-5.95529985428,18.2572002411,-0.695599973202,-19.168800354,0.0777999982238,1.35160005093,0.100699998438,0.0351000018418,2.83209991455,12811.0,-42.0,193.0,0.206799998879
1474477182663465762,624,1474477182292030096,usbl,0.0,2,-4.63129997253,19.0685997009,-0.0188999995589,-19.5536994934,0.141800001264,1.6411999464,0.0926999971271,-0.0225000008941,2.9077000618,13082.0,-42.0,176.0,0.20530000329
1474477184063071187,625,1474477183695322990,usbl,0.0,2,-4.29419994354,19.4440994263,4.0732998848,-20.0256004333,0.213200002909,3.46900010109,-0.0304000005126,-0.00279999990016,2.93560004234,13550.0,-42.0,213.0,0.207800000906
1474477185552983100,626,1474477185227477073,usbl,0.0,2,-4.91389989853,19.7784004211,2.87509989738,-20.2574996948,0.174799993634,3.63330006599,0.033900000155,0.0185000002384,2.90860009193,13721.0,-42.0,201.0,0.1412999928
1474477186962253326,627,1474477186594772100,usbl,0.0,2,-6.10540008545,19.8691005707,2.21830010414,-20.4468002319,0.350600004196,4.33370018005,0.106100000441,0.00380000006407,2.85640001297,13936.0,-40.0,236.0,0.141000002623
1474477190656911491,628,1474477190250835895,usbl,0.0,2,-7.27339982986,20.7064990997,4.13000011444,-21.9552993774,0.489499986172,4.05480003357,-0.00310000008903,-0.00139999995008,2.8259999752,14888.0,-47.0,125.0,0.171700000763
1474477194453572758,629,1474477194091272115,usbl,0.0,2,-8.54640007019,22.3120002747,1.52569997311,-23.5848999023,1.41760003567,3.86490011215,0.0929000005126,0.0326000005007,2.83699989319,15961.0,-47.0,176.0,0.171900004148
1474477199457281660,630,1474477199080130100,usbl,0.0,2,-7.86590003967,24.7513008118,3.87770009041,-25.8504009247,2.17910003662,4.06769990921,0.0103000001982,-0.00820000004023,2.91630005836,17506.0,-48.0,158.0,0.23939999938
1474477202255426272,631,1474477201872272968,usbl,0.0,2,-10.2756004333,25.1798992157,1.15750002861,-26.8227996826,2.41829991341,3.95499992371,0.089500002563,0.0540999993682,2.84800004959,18147.0,-46.0,174.0,0.240500003099
1474477203666664902,632,1474477203301919937,usbl,0.0,2,-10.6581001282,25.5921001434,2.68009996414,-27.3362007141,2.67389988899,4.61679983139,0.0641999989748,0.0283000003546,2.84559988976,18568.0,-45.0,200.0,0.227899998426
1474477206455953012,633,1474477206127952098,usbl,0.0,2,-10.3528995514,26.9526996613,3.12750005722,-28.6161994934,3.14809989929,3.82270002365,0.0141000002623,0.0305000003427,2.88750004768,19361.0,-45.0,148.0,0.220599994063
1474477209253974543,634,1474477208872222900,usbl,0.0,2,-11.654999733,27.1982002258,0.676400005817,-29.1847000122,3.70799994469,3.24769997597,0.102799996734,-0.0185000002384,2.85829997063,19732.0,-50.0,176.0,0.233899995685
1474477212358454723,635,1474477212001528978,usbl,0.0,2,-10.8163995743,28.5848007202,0.405299991369,-30.3293991089,2.9797000885,2.34439992905,0.035300001502,0.0866999998689,2.88240003586,20377.0,-51.0,186.0,0.232800006866
1474477214354457969,636,1474477214045862913,usbl,0.0,2,-15.5431003571,26.8616008759,1.15709996223,-30.7714004517,3.18969988823,2.72480010986,0.064099997282,-0.00960000045598,2.71749997139,20704.0,-46.0,247.0,0.235699996352
1474477215861349180,637,1474477215493568897,usbl,0.0,2,-9.87460041046,29.9176998138,1.08980000019,-31.3255996704,2.81139993668,2.13619995117,0.0441999994218,-0.0275999996811,2.90960001945,21016.0,-46.0,216.0,0.233199998736
1474477217258180596,638,1474477216890882968,usbl,0.0,2,-8.93669986725,30.4165992737,0.123000003397,-31.5466995239,2.23819994926,2.20079994202,0.0734999999404,-0.0173000004143,2.92459988594,21135.0,-45.0,236.0,0.231499999762
1474477218555490140,639,1474477218232650995,usbl,0.0,2,-11.2278003693,29.7833995819,-0.779500007629,-31.7049999237,2.03570008278,2.09069991112,0.0826999992132,0.0362999998033,2.84680008888,21226.0,-45.0,281.0,0.229399994016
1474477220063022971,640,1474477219691920995,usbl,0.0,2,-9.93770027161,30.5382995605,0.640100002289,-32.020198822,1.58399999142,1.98870003223,0.0264999996871,0.0544999986887,2.87890005112,21414.0,-46.0,262.0,0.23109999299
1474477223052431059,641,1474477222679907083,usbl,0.0,2,-10.5018997192,30.6065998077,-0.286199986935,-32.2949981689,0.786499977112,1.88479995728,0.0653000026941,0.0165999997407,2.83579993248,21573.0,-45.0,260.0,0.243100002408
1474477223960575720,642,1474477223603821992,usbl,0.0,2,-9.20829963684,31.0410995483,-1.51460003853,-32.3576011658,0.924899995327,1.66340005398,0.0951000005007,0.024299999699,2.88289999962,21609.0,-44.0,235.0,0.221699997783
1474477225450703739,643,1474477225046386957,usbl,0.0,2,-7.96990013123,31.5354995728,-0.180099993944,-32.4864006042,0.352899998426,1.59730005264,0.0557000003755,0.00279999990016,2.9047999382,21685.0,-44.0,249.0,0.179499998689
1474477226754595894,644,1474477226389898061,usbl,0.0,2,-6.95289993286,31.8222999573,-1.01870000362,-32.5653991699,-0.180500000715,1.22570002079,0.0772999972105,-0.0310999993235,2.91960000992,21726.0,-42.0,192.0,0.123599998653
1474477228163076033,645,1474477227823550939,usbl,0.0,2,-5.94420003891,32.2220993042,0.115000002086,-32.7358016968,-0.591099977493,1.27550005913,0.0364999994636,-0.00240000011399,2.94090008736,21844.0,-42.0,190.0,0.124899998307
1474477230257923810,646,1474477229194432973,usbl,0.0,2,-6.06570005417,32.2724990845,0.352600008249,-32.800201416,-1.25580000877,1.00259995461,0.0113000003621,0.0469000004232,2.91869997978,21893.0,-41.0,149.0,0.139699995518
1474477231354971997,647,1474477230963325977,usbl,0.0,2,-8.95289993286,31.3715991974,-2.18149995804,-32.6222991943,-1.30250000954,1.78450000286,0.118500001729,0.0271000005305,2.82529997826,21798.0,-44.0,224.0,0.131099998951
1474477234150657070,648,1474477233822972059,usbl,0.0,2,-8.10499954224,31.9999008179,0.330500006676,-32.9407997131,-1.78999996185,1.22259998322,0.0239000003785,0.0156999994069,2.8396999836,22008.0,-43.0,186.0,0.150299996138
1474477235656311022,649,1474477235260821104,usbl,0.0,2,-7.02580022812,32.2725982666,0.316399991512,-32.8973999023,-2.39510011673,1.73300004005,0.0408000014722,0.0141000002623,2.85500001907,22020.0,-45.0,219.0,0.139599993825
1474477237054370291,650,1474477236696799993,usbl,0.0,2,-7.90679979324,32.0578994751,-0.601300001144,-32.8483009338,-2.61319994926,2.1779999733,0.0908999964595,-0.0168999992311,2.81870007515,22016.0,-45.0,221.0,0.140200003982
1474477239255375871,651,1474477238937181949,usbl,0.0,2,-4.29769992828,32.3452987671,-0.305900007486,-32.4085006714,-3.42829990387,1.64960002899,0.056899998337,0.0271000005305,2.90529990196,21754.0,-46.0,245.0,0.211700007319
1474477240655099255,652,1474477240335952997,usbl,0.0,2,-5.96220016479,31.8992004395,-0.234400004148,-32.1960983276,-3.48819994926,2.10030007362,0.0658000037074,0.0399999991059,2.85100007057,21635.0,-45.0,228.0,0.21250000596
1474477242052626992,653,1474477241742501974,usbl,0.0,2,-3.99869990349,32.229598999,-0.294099986553,-32.2518997192,-3.66199994087,1.10590004921,0.0419000014663,0.0126000000164,2.90540003777,21652.0,-42.0,215.0,0.246299996972
1474477243556930167,654,1474477243227304935,usbl,0.0,2,-5.0138001442,31.8729991913,-0.0698999986053,-31.9218006134,-3.87459993362,2.6493999958,0.0934000015259,-0.049699999392,2.85989999771,21510.0,-43.0,177.0,0.249699994922
1474477244956417160,655,1474477244636804103,usbl,0.0,2,-7.81510019302,31.0146999359,0.771700024605,-31.6375999451,-4.2811999321,2.07789993286,0.0487000010908,-0.0258000008762,2.757999897,21329.0,-44.0,219.0,0.24469999969
1474477246555637359,656,1474477246219433069,usbl,0.0,2,-4.72289991379,31.4104003906,1.20889997482,-31.3497009277,-4.3734998703,2.90700006485,0.0505999997258,0.0236000008881,2.85540008545,21191.0,-43.0,151.0,0.239500001073
1474477247955415289,657,1474477247637049913,usbl,0.0,2,-4.77580022812,31.0081996918,0.0979000031948,-30.9027004242,-4.85419988632,2.40560007095,0.0720999985933,0.0156999994069,2.83369994164,20916.0,-45.0,170.0,0.281699985266
1474477250054155788,658,1474477249672647953,usbl,0.0,2,-1.93939995766,30.8694000244,1.21239995956,-30.4095001221,-4.95590019226,2.97480010986,0.0544999986887,0.0449000000954,2.92129993439,20636.0,-43.0,143.0,0.315800011158
1474477251653037076,659,1474477251292783975,usbl,0.0,2,-6.6045999527,29.8313007355,-0.412600010633,-30.0487003326,-5.03609991074,2.32629990578,0.0855000019073,0.0287999995053,2.75920009613,20371.0,-43.0,149.0,0.31970000267
1474477254554056961,660,1474477254213301897,usbl,0.0,2,-6.28660011292,29.2670001984,-0.231399998069,-29.5144004822,-4.84140014648,1.26209998131,0.0575999990106,-0.0304000005126,2.76579999924,19957.0,-41.0,165.0,0.324200004339
1474477255957804895,661,1474477255600060939,usbl,0.0,2,-4.54040002823,29.1732997894,1.11489999294,-28.9895992279,-5.1466999054,2.45980000496,0.043299999088,0.0185000002384,2.81259989738,19697.0,-43.0,156.0,0.274800002575
1474477258153116450,662,1474477257762367963,usbl,0.0,2,-0.360700011253,28.9776992798,-0.0408000014722,-28.4379005432,-5.19560003281,2.03299999237,0.0711999982595,0.0370000004768,2.9509999752,19320.0,-41.0,188.0,0.256300002337
1474477259657595558,663,1474477259287746906,usbl,0.0,2,-1.77359998226,28.4650001526,-1.83990001678,-28.1417999268,-4.94029998779,0.6507999897,0.0870999991894,0.00439999997616,2.90580010414,19053.0,-42.0,155.0,0.252000004053
1474477261154281771,664,1474477260750639915,usbl,0.0,2,-2.96050000191,27.9423999786,-0.612600028515,-27.5268001556,-5.62099981308,0.774500012398,0.0461000017822,0.0337000004947,2.83550000191,18737.0,-45.0,191.0,0.251599997282
1474477262555431562,665,1474477262214267969,usbl,0.0,2,0.0190999992192,27.4298992157,1.55579996109,-26.8567008972,-5.52600002289,1.73280000687,0.00650000013411,-0.0284000001848,2.93759989738,18316.0,-41.0,167.0,0.245399996638
1474477263955186778,666,1474477263618182897,usbl,0.0,2,-1.18519997597,27.0058994293,0.61930000782,-26.3796005249,-5.7607998848,1.42760002613,0.0308999996632,-0.0212999992073,2.88150000572,18026.0,-42.0,165.0,0.240500003099
1474477266354373877,667,1474477265986685037,usbl,0.0,2,-2.41619992256,25.7206001282,-2.05520009995,-25.239900589,-5.81220006943,0.883099973202,0.113399997354,0.00559999980032,2.8220000267,17277.0,-42.0,145.0,0.242599993944
1474477267756622586,668,1474477267389508008,usbl,0.0,2,-1.30999994278,25.4046993256,-0.875,-24.7688007355,-5.78499984741,0.960900008678,0.0715999975801,0.0132999997586,2.86109995842,16969.0,-42.0,184.0,0.225899994373
1474477269056005353,669,1474477268709605932,usbl,0.0,2,-2.76430010796,24.822599411,-0.308800011873,-24.2793006897,-5.85489988327,0.370900005102,0.0256999991834,0.0154999997467,2.79430007935,16652.0,-40.0,157.0,0.198500007391
1474477270656585196,670,1474477270269361019,usbl,0.0,2,0.776099979877,24.3323001862,0.402200013399,-23.5359992981,-6.18260002136,0.811399996281,0.0185000002384,0.0513000003994,2.91840004921,16232.0,-41.0,142.0,0.194600000978
1474477272051579775,671,1474477271683121919,usbl,0.0,2,1.18519997597,23.7329006195,0.771700024605,-22.9678001404,-5.71909999847,2.24110007286,0.0621000006795,0.00230000005104,2.94790005684,15850.0,-40.0,166.0,0.217600002885
1474477273557808458,672,1474477273222906112,usbl,0.0,2,-0.581300020218,23.1282997131,-0.136299997568,-22.2024002075,-6.27309989929,1.7256000042,0.0810000002384,-0.0161000005901,2.83979988098,15424.0,-39.0,172.0,0.20870000124
1474477275655469226,673,1474477275253317117,usbl,0.0,2,0.988399982452,22.2987995148,-0.609399974346,-21.3117008209,-6.53700017929,1.2893999815,0.085199996829,0.000300000014249,2.88829994202,14886.0,-43.0,150.0,0.172199994326
1474477276546653720,674,1474477276152846097,usbl,0.0,2,1.23870003223,21.8927001953,1.44130003452,-20.8784008026,-6.42399978638,2.39219999313,0.0439999997616,0.00820000004023,2.90070009232,14650.0,-39.0,193.0,0.171100005507
1474477277957621667,675,1474477277576484918,usbl,0.0,2,2.11209988594,21.4878005981,1.41250002384,-20.5235004425,-6.49720001221,2.17980003357,0.0386000014842,0.0281000006944,2.93619990349,14425.0,-39.0,205.0,0.190699994564
1474477279256200941,676,1474477278878973007,usbl,0.0,2,-0.160099998116,21.302400589,-0.249899998307,-20.2411003113,-6.54960012436,1.13199996948,0.0648000016809,0.0201999992132,2.82220005989,14203.0,-40.0,139.0,0.187600001693
1474477280546097660,677,1474477280209791898,usbl,0.0,2,0.0207000002265,20.9862003326,0.275099992752,-19.7717990875,-6.98369979858,0.895200014114,0.0296999998391,0.0520000010729,2.80529999733,13992.0,-38.0,163.0,0.18219999969
1474477281953884481,678,1474477281640453100,usbl,0.0,2,2.0680000782,20.4550991058,-1.48580002785,-19.3458995819,-7.05649995804,0.914900004864,0.11819999665,0.0100999996066,2.89289999008,13742.0,-39.0,170.0,0.175200000405
1474477283657107951,679,1474477283259258031,usbl,0.0,2,1.10899996758,20.1170005798,-0.789499998093,-18.7588996887,-7.33389997482,0.929899990559,0.0821999981999,-0.0599000006914,2.82130002975,13442.0,-38.0,189.0,0.170699998736
1474477284946995062,680,1474477284624254941,usbl,0.0,2,0.922800004482,20.0387992859,0.632099986076,-18.808599472,-6.9158000946,1.10090005398,0.0225000008941,-0.0195000004023,2.8341999054,13380.0,-44.0,151.0,0.151600003242
1474477286953181568,681,1474477286628593921,usbl,0.0,2,1.92040002346,19.3328990936,-0.337399989367,-18.1275005341,-6.92350006104,1.01059997082,0.075900003314,0.0610999986529,2.87930011749,12954.0,-43.0,151.0,2.87220001221
1474477288653936785,682,1474477288247199058,usbl,0.0,2,0.205500006676,18.8435001373,0.4049000144,-17.6103000641,-6.30609989166,2.32240009308,0.102499999106,0.0311999991536,2.81259989738,12566.0,-41.0,204.0,2.87330007553
1474477290052279343,683,1474477289656502008,usbl,0.0,2,-1.25290000439,18.5904006958,0.923600018024,-17.422000885,-6.41069984436,1.84519994259,0.0494000017643,0.00380000006407,2.72180008888,12437.0,-37.0,230.0,2.87350010872
1474477291653001369,684,1474477291255264997,usbl,0.0,2,0.37239998579,18.2723007202,1.44319999218,-17.3313999176,-5.73449993134,1.68459999561,0.0126999998465,-0.0248000007123,2.84019994736,12222.0,-38.0,193.0,2.87299990654
1474477292953649911,685,1474477292588224887,usbl,0.0,2,0.782899975777,17.9691009521,0.877300024033,-17.1014003754,-5.46929979324,1.37839996815,0.0275999996811,-0.00769999995828,2.87509989738,12005.0,-37.0,160.0,2.88059997559
1474477295357069849,686,1474477295010001897,usbl,0.0,2,-0.56510001421,17.4384994507,-1.12679994106,-16.6047000885,-5.36499977112,1.0909999609,0.126200005412,0.0256999991834,2.79830002785,11656.0,-36.0,193.0,2.87849998474
1474477296854870148,687,1474477296451065063,usbl,0.0,2,-1.40110003948,17.1270008087,-0.96020001173,-16.4937000275,-4.84730005264,0.82380002737,0.10000000149,0.0500999987125,2.77649998665,11474.0,-35.0,143.0,2.88170003891
1474477298155150659,688,1474477297772320032,usbl,0.0,2,0.908900022507,17.190700531,-0.161799997091,-16.6653995514,-4.29689979553,0.419299989939,0.034200001508,0.00769999995828,2.94230008125,11477.0,-36.0,170.0,2.88409996033
1474477299654683805,689,1474477299274570941,usbl,0.0,2,-1.41849994659,17.0967998505,0.391799986362,-16.6539001465,-4.1061000824,0.502799987793,0.00960000045598,-0.0372000001371,2.81590008736,11440.0,-37.0,209.0,2.88689994812
1474477301052318424,690,1474477300717724084,usbl,0.0,2,-1.2431999445,16.9207992554,0.846300005913,-16.559299469,-3.66059994698,0.982400000095,0.00870000012219,-0.00930000003427,2.85010004044,11325.0,-34.0,152.0,2.89109992981
1474477303955365055,691,1474477303640762090,usbl,0.0,2,-2.6305000782,16.0312995911,-1.22099995613,-16.0835990906,-2.33389997482,1.13310003281,0.14280000329,0.023199999705,2.83649992943,10861.0,-36.0,195.0,2.89439988136
1474477304865725515,692,1474477304470922946,usbl,0.0,2,-1.46099996567,16.07970047,-0.854700028896,-16.0433998108,-1.78709995747,0.914399981499,0.109999999404,-0.000300000014249,2.94000005722,10779.0,-35.0,176.0,2.89560008049
1474477306159270753,693,1474477305789649963,usbl,0.0,2,-2.61940002441,16.0123004913,0.454800009727,-16.1060009003,-1.82910001278,0.843699991703,0.0186999998987,0.0346000008285,2.86789989471,10821.0,-35.0,179.0,2.90210008621
1474477307568741815,694,1474477307185497045,usbl,0.0,2,-2.4944999218,16.0291996002,0.833100020885,-16.172000885,-1.31319999695,0.769699990749,-0.00789999961853,0.0251000002027,2.90739989281,10829.0,-34.0,188.0,0.187600001693
1474477308865536330,695,1474477308450174093,usbl,0.0,2,-2.4210999012,15.9158000946,0.742699980736,-16.0662002563,-0.741999983788,1.02590000629,0.0225000008941,-0.030700000003,2.94230008125,10744.0,-33.0,162.0,0.181099995971
1474477310255524640,696,1474477309899293899,usbl,0.0,2,-2.45670008659,15.7979001999,0.157100006938,-15.9686002731,-0.492900013924,0.626100003719,0.0340000018477,-0.0277999993414,2.95519995689,10659.0,-34.0,151.0,0.186100006104
1474477313654087603,697,1474477313278115034,usbl,0.0,2,-5.47930002213,15.4183998108,0.636900007725,-16.3141994476,0.423999994993,1.35070002079,0.0256999991834,0.0584999993443,2.82969999313,10917.0,-37.0,168.0,0.211899995804
1474477314948244622,698,1474477314637238979,usbl,0.0,2,-5.56820011139,15.641699791,0.090300001204,-16.5303993225,0.808700025082,1.33000004292,0.0800999999046,-0.00209999992512,2.84719991684,11069.0,-38.0,163.0,0.213200002909
1474477316655137022,699,1474477316253550052,usbl,0.0,2,-6.89870023727,15.380200386,0.722100019455,-16.7455997467,1.16840004921,1.69860005379,0.0780000016093,-0.0318000018597,2.78399991989,11248.0,-41.0,148.0,0.176200002432
1474477318054512271,700,1474477317660563945,usbl,0.0,2,-4.33860015869,16.6704998016,3.054500103,-17.2098007202,0.943099975586,2.99869990349,0.00209999992512,-0.0208000000566,2.93810009956,11663.0,-35.0,232.0,0.163599997759
1474477320353700106,701,1474477320044225931,usbl,0.0,2,-5.95569992065,16.8262004852,0.547500014305,-17.6909999847,0.787299990654,2.30220007896,0.0931999981403,0.0322999991477,2.84730005264,11905.0,-42.0,173.0,0.166199997067
1474477323146585062,702,1474477322777023077,usbl,0.0,2,-7.96950006485,16.6770992279,2.5053999424,-18.3285007477,1.47969996929,3.1289999485,0.0348999984562,0.00540000014007,2.77489995956,12435.0,-44.0,159.0,0.216100007296
1474477324046407584,703,1474477323651158094,usbl,0.0,2,-5.49879980087,18.0956001282,2.98049998283,-18.7588005066,1.60119998455,3.48040008545,0.0271000005305,0.00209999992512,2.93079996109,12764.0,-41.0,227.0,0.234300002456
1474477325347048933,704,1474477324997771024,usbl,0.0,2,-6.56589984894,17.9995994568,2.15860009193,-18.9244003296,1.62870001793,3.31240010262,0.0662999972701,-0.00520000001416,2.87350010872,12854.0,-44.0,157.0,0.236300006509
1474477326645965724,705,1474477326322710990,usbl,0.0,2,-6.76529979706,18.1615009308,1.87839996815,-19.1854000092,1.39470005035,3.0188999176,0.0529000014067,0.0272000003606,2.85920000076,12981.0,-46.0,158.0,0.238000005484
1474477328757289198,706,1474477328352206945,usbl,0.0,2,-5.8734998703,19.1243000031,2.73169994354,-19.8005008698,2.07520008087,3.36619997025,0.0361000001431,-0.00930000003427,2.94490003586,13461.0,-42.0,180.0,0.234300002456
1474477329547604299,707,1474477329175106048,usbl,0.0,2,-8.88910007477,18.2091999054,2.74379992485,-20.0018997192,2.26449990273,3.59419989586,0.0575999990106,-0.0216000005603,2.79250001907,13632.0,-42.0,164.0,0.253300011158
1474477330955610979,708,1474477330601231098,usbl,0.0,2,4.79570007324,7.99079990387,18.5035991669,-5.76189994812,-6.42729997635,18.8341999054,0.055300001055,0.016799999401,2.93549990654,13812.0,-44.0,180.0,0.254400014877
1474477332350011428,709,1474477332012732982,usbl,0.0,2,-8.47080039978,19.2942008972,1.33369994164,-20.6611995697,2.60640001297,3.48160004616,0.0951000005007,0.0381999984384,2.85479998589,14076.0,-42.0,210.0,0.259400010109
1474477333753568958,710,1474477333408654928,usbl,0.0,2,-6.53100013733,20.5527992249,2.5732998848,-21.3111991882,1.8911999464,3.7351000309,0.0480000004172,0.0275999996811,2.92479991913,14479.0,-48.0,179.0,0.281699985266
1474477335249413646,711,1474477334860018968,usbl,0.0,2,-8.80560016632,20.3148994446,2.92470002174,-21.7481002808,2.96390008926,4.12580013275,0.0522000007331,0.0165999997407,2.86759996414,14889.0,-46.0,148.0,0.280499994755
1474477337249256818,712,1474477336893762111,usbl,0.0,2,-7.66800022125,21.4710006714,4.24770021439,-22.6497993469,2.89520001411,4.05609989166,0.00089999998454,-0.0272000003606,2.92100000381,15461.0,-46.0,210.0,0.271299988031
1474477357448174468,713,1474477357074613094,usbl,0.0,2,-12.8893995285,27.3381004333,-0.203199997544,-29.698600769,4.94859981537,2.6563000679,0.0864000022411,0.0388999991119,2.86779999733,20150.0,-50.0,159.0,0.253800004721
1474477358849492937,714,1474477358462572097,usbl,0.0,2,-12.1208000183,27.8810997009,-0.684599995613,-29.9374008179,4.69490003586,2.53880000114,0.102799996734,0.0296999998391,2.88820004463,20273.0,-44.0,238.0,0.246099993587
1474477360848580460,715,1474477359819145917,usbl,0.0,2,-11.4041996002,28.6828994751,0.0930000022054,-30.5163002014,4.07310009003,2.22140002251,0.0667999982834,0.0186999998987,2.89619994164,20578.0,-42.0,250.0,0.239899992943
1474477362149772523,716,1474477361749752044,usbl,0.0,2,-10.432100296,29.3169994354,2.04670000076,-30.8815002441,3.66470003128,2.32520008087,0.0153999999166,-0.0164000000805,2.91630005836,20790.0,-43.0,228.0,0.224199995399
1474477363442980089,717,1474477363142095088,usbl,0.0,2,-12.3987998962,28.7749004364,1.1740000248,-31.0736999512,3.53080010414,2.24950003624,0.023199999705,0.0329999998212,2.84940004349,20903.0,-43.0,230.0,0.222499996424
1474477364951622489,718,1474477364563261032,usbl,0.0,2,-10.6644001007,29.64220047,0.217999994755,-31.2789001465,3.16140007973,2.01929998398,0.0627999976277,-0.00559999980032,2.89590001106,21002.0,-46.0,211.0,0.218299999833
1474477366648672269,719,1474477366280841112,usbl,0.0,2,-12.3734998703,29.1382007599,-0.239600002766,-31.5027999878,2.57380008698,1.77400004864,0.0634000003338,0.0136000001803,2.82170009613,21105.0,-44.0,244.0,0.183400005102
1474477367951743197,720,1474477367621645927,usbl,0.0,2,-12.5911998749,29.1004009247,-1.05139994621,-31.570400238,2.57669997215,1.77419996262,0.0866999998689,0.0239000003785,2.81559991837,21150.0,-42.0,193.0,0.175300002098
1474477370058761441,721,1474477369697676897,usbl,0.0,2,-9.70800018311,30.3094005585,-0.728399991989,-31.7520999908,1.95700001717,1.18789994717,0.0584999993443,0.0148000000045,2.89359998703,21223.0,-42.0,160.0,0.190799996257
1474477373158382439,722,1474477372820852041,usbl,0.0,2,-8.80630016327,30.8733997345,1.23280000687,-32.0895004272,1.08130002022,1.15429997444,0.00139999995008,-0.0137999998406,2.89689993858,21419.0,-40.0,134.0,0.202800005674
1474477374648779447,723,1474477374281874895,usbl,0.0,2,-24.9141998291,12.4167003632,-16.0359992981,-19.1131000519,21.0056991577,-15.0165996552,0.0458999983966,0.0173000004143,2.88429999352,21417.0,-42.0,193.0,0.197500005364
1474477376055316320,724,1474477375694619894,usbl,0.0,2,-10.543800354,30.2609996796,-1.56449997425,-32.0251998901,0.683300018311,1.80799996853,0.0969000011683,0.041700001806,2.82969999313,21389.0,-42.0,168.0,0.194199994206
1474477378452425967,725,1474477378058048963,usbl,0.0,2,-8.64659976959,31.0986995697,0.449099987745,-32.2276992798,-0.42919999361,1.81280004978,0.0542999990284,-0.0372000001371,2.85430002213,21521.0,-39.0,144.0,0.195299997926
1474477379749762399,726,1474477379411595106,usbl,0.0,2,-9.1687002182,30.9738998413,0.627300024033,-32.2346000671,-0.697000026703,2.06960010529,0.0375000014901,0.030700000003,2.83349990845,21539.0,-42.0,192.0,0.202000007033
1474477381151323900,727,1474477380821180105,usbl,0.0,2,-8.86149978638,31.1044006348,-2.0337998867,-32.3623008728,-0.916000008583,1.41110002995,0.0997999981046,0.0379000008106,2.83759999275,21604.0,-43.0,157.0,0.201800003648
1474477382551550746,728,1474477382243777990,usbl,0.0,2,-5.25029993057,31.8407993317,0.45530000329,-32.1977005005,-1.73290002346,1.38530004025,0.0277999993414,0.00889999978244,2.92459988594,21516.0,-43.0,220.0,0.22159999609
1474477384048334854,729,1474477383706784963,usbl,0.0,2,-7.46530008316,31.1420001984,0.576200008392,-31.9384994507,-1.74279999733,1.66760003567,0.0326000005007,0.0100999996066,2.85199999809,21353.0,-42.0,194.0,0.230900004506
1474477386252119132,730,1474477385211236000,usbl,0.0,2,-6.84089994431,31.103099823,-0.0263000000268,-31.7549991608,-1.46539998055,1.91690003872,0.0644000023603,-0.00860000029206,2.87800002098,21231.0,-42.0,159.0,0.216999992728
1474477388947796306,731,1474477388618977069,usbl,0.0,2,-3.37980008125,30.9789009094,1.2173999548,-30.9790000916,-2.632999897,2.44330000877,0.0377000011504,0.0175999999046,2.94930005074,20791.0,-43.0,156.0,0.280299991369
1474477390657911881,732,1474477390268254041,usbl,0.0,2,-5.68370008469,30.2276000977,2.17269992828,-30.473400116,-3.71079993248,2.88779997826,0.0183000005782,0.028599999845,2.8368999958,20556.0,-42.0,195.0,0.284200012684
1474477392049140272,733,1474477391731261014,usbl,0.0,2,-6.5064997673,29.6685009003,-0.289400011301,-30.1226005554,-2.86730003357,2.65440011024,0.0925000011921,0.0311999991536,2.83270001411,20250.0,-46.0,180.0,0.279599994421
1474477394257324566,734,1474477393229517936,usbl,0.0,2,-5.23789978027,29.7486991882,0.638400018215,-29.9444999695,-2.94889998436,2.73119997978,0.0697999969125,0.00370000000112,2.86879992485,20142.0,-44.0,154.0,0.308099985123
1474477395555551965,735,1474477395149597883,usbl,0.0,2,-3.37759995461,29.3731994629,1.9279999733,-29.3416004181,-2.8601000309,2.96569991112,0.035300001502,0.0010000000475,2.92969989777,19753.0,-43.0,158.0,0.324299991131
1474477396949126603,736,1474477396547969102,usbl,0.0,2,-5.50229978561,28.7728996277,1.16639995575,-28.972700119,-3.47600007057,2.83080005646,0.0619999989867,-0.0208000000566,2.83039999008,19545.0,-45.0,158.0,0.335299998522
1474477398552565527,737,1474477398225707054,usbl,0.0,2,-2.80180001259,28.8253002167,1.68309998512,-28.658000946,-3.38529992104,2.97270011902,0.0445000007749,0.00310000008903,2.92709994316,19340.0,-43.0,165.0,2.94090008736
1474477399945811627,738,1474477399572403907,usbl,0.0,2,-6.11819982529,27.8071994781,1.18519997597,-28.0559997559,-3.9484000206,3.05769991875,0.0546000003815,0.0590000003576,2.79029989243,18998.0,-44.0,168.0,2.93499994278
1474477402352711705,739,1474477401283864974,usbl,0.0,2,-4.23549985886,27.7534008026,0.360399991274,-27.7021007538,-3.86529994011,2.44409990311,0.0662999972701,0.0588000006974,2.85590004921,18718.0,-44.0,161.0,2.92630004883
1474477403456186937,740,1474477403147138118,usbl,0.0,2,-3.22769999504,27.3262996674,-0.750699996948,-27.2299995422,-3.90540003777,0.991599977016,0.0670000016689,-0.0275999996811,2.8805000782,18351.0,-41.0,169.0,2.92350006104
1474477404951511463,741,1474477404552408933,usbl,0.0,2,-1.06099998951,27.0058994293,1.1806999445,-26.7469005585,-3.93700003624,0.971700012684,-0.00650000013411,-0.0320999994874,2.95499992371,18035.0,-39.0,174.0,2.91960000992
1474477406153649469,742,1474477405814903974,usbl,0.0,2,-4.97240018845,26.0680999756,0.272399991751,-26.1949996948,-4.0107998848,1.44330000877,0.0430999994278,0.00960000045598,2.80139994621,17693.0,-39.0,169.0,2.91449999809
1474477408855638710,743,1474477408534389019,usbl,0.0,2,-3.75990009308,25.1317005157,-0.558000028133,-25.0053005219,-4.30530023575,1.49960005283,0.0786999985576,0.0212999992073,2.82360005379,16945.0,-40.0,170.0,2.90759992599
1474477410953162172,744,1474477409921885013,usbl,0.0,2,-2.71409988403,24.7579994202,-0.655799984932,-24.5130004883,-4.39120006561,0.765200018883,0.0531999990344,0.0379999987781,2.85619997978,16610.0,-42.0,142.0,2.90409994125
1474477411542690089,745,1474477411214481115,usbl,0.0,2,-1.28410005569,24.3176994324,0.51289999485,-23.883600235,-4.53299999237,1.51250004768,0.0386000014842,0.0498999990523,2.90420007706,16238.0,-39.0,196.0,2.89439988136
1474477412948727156,746,1474477412643882989,usbl,0.0,2,-0.571699976921,23.8495998383,0.347999989986,-23.3467998505,-4.71999979019,1.37880003452,0.043299999088,-0.00159999995958,2.91799998283,15906.0,-41.0,148.0,2.88649988174
1474477414556548872,747,1474477414187926054,usbl,0.0,2,-2.19790005684,23.2458000183,1.4673999548,-22.6886005402,-4.61380004883,3.3599998951,0.0847999975085,-0.0318000018597,2.8412001133,15597.0,-39.0,206.0,2.88919997215
1474477415952167188,748,1474477415616883993,usbl,0.0,2,-1.23899996281,22.599199295,1.08309996128,-21.9797000885,-5.07800006866,2.13059997559,0.047499999404,-0.0187999997288,2.85780000687,15106.0,-44.0,146.0,2.8898999691
1474477417553467988,749,1474477417194808006,usbl,0.0,2,-1.24960005283,22.0042991638,1.17480003834,-21.392999649,-4.99580001831,2.1236000061,0.041700001806,0.0263999998569,2.85780000687,14714.0,-42.0,174.0,2.89359998703
1474477419544748134,750,1474477419217530965,usbl,0.0,2,-13.9651002884,9.48820018768,13.1038999557,-11.9216995239,9.97299957275,14.668800354,0.0731000006199,0.0671999976039,2.84649991989,14248.0,-41.0,200.0,0.194600000978
1474477420954071580,751,1474477420637698888,usbl,0.0,2,0.118000000715,20.7938995361,0.567600011826,-20.1629009247,-4.8531999588,1.62139999866,0.0507999993861,0.00839999970049,2.9117000103,13868.0,-40.0,199.0,0.191799998283
1474477424052017614,752,1474477423687230110,usbl,0.0,2,1.6631000042,20.2005996704,0.291900008917,-19.4482002258,-5.62599992752,1.01329994202,0.0366999991238,0.0111999996006,2.94280004501,13514.0,-40.0,184.0,0.194399997592
1474477424949902372,753,1474477424554562091,usbl,0.0,2,0.281199991703,19.8554992676,0.760200023651,-19.0097999573,-5.43060016632,2.00839996338,0.0631999969482,0.0133999995887,2.87890005112,13248.0,-38.0,215.0,0.191599994898
1474477426247054879,754,1474477425932770013,usbl,0.0,2,-0.303999990225,19.596200943,1.31309998035,-18.6695995331,-5.49770021439,2.65510010719,0.068599998951,0.00680000009015,2.84050011635,13095.0,-39.0,201.0,0.199799999595
1474477429155939682,755,1474477428754364013,usbl,0.0,2,0.047499999404,19.0688991547,1.59490001202,-18.2495994568,-5.14470005035,2.57909989357,0.0518000014126,0.0218000002205,2.87229990959,12757.0,-42.0,177.0,0.195600003004
1474477429945847046,756,1474477429577785015,usbl,0.0,2,0.161899998784,18.670999527,1.11489999294,-17.8537006378,-5.03679990768,2.39829993248,0.0690999999642,0.018200000748,2.87770009041,12470.0,-39.0,201.0,0.181600004435
1474477431350871366,757,1474477430973627090,usbl,0.0,2,0.489199995995,18.4713001251,1.25779998302,-17.6804008484,-4.93870019913,2.45409989357,0.0659999996424,0.0351000018418,2.90059995651,12347.0,-39.0,192.0,0.197600007057
1474477432650841552,758,1474477432273040056,usbl,0.0,2,-0.853699982166,18.1016998291,0.455199986696,-17.3913002014,-4.77549982071,1.82920002937,0.0749000012875,0.0254999995232,2.828799963,12085.0,-40.0,184.0,0.204600006342
1474477433946160403,759,1474477433605601072,usbl,0.0,2,-1.5786999464,17.767999649,0.567700028419,-17.1758003235,-4.55919981003,1.64909994602,0.0610999986529,-0.00139999995008,2.79310011864,11898.0,-38.0,205.0,0.20340000093
1474477436252721419,760,1474477435192317008,usbl,0.0,2,-1.01289999485,17.5716991425,0.403200000525,-17.0948009491,-4.08669996262,1.00969994068,0.0351000018418,-0.0093999998644,2.84870004654,11737.0,-37.0,163.0,0.217700004578
1474477437354441068,761,1474477437029999017,usbl,0.0,2,-0.530300021172,17.1984996796,0.815800011158,-16.7548999786,-3.64930009842,1.64010000229,0.0483000017703,-0.0109999999404,2.89520001411,11484.0,-36.0,152.0,0.229200005531
1474477438749047599,762,1474477438439680099,usbl,0.0,2,-2.24000000954,16.7707996368,-0.332700014114,-16.5331993103,-3.48889994621,0.932500004768,0.0690999999642,0.047800000757,2.80320000648,11282.0,-36.0,181.0,0.228200003505
1474477440253818887,763,1474477439875215053,usbl,0.0,2,-1.59039998055,16.5874004364,-0.671299993992,-16.3712997437,-3.04909992218,0.897199988365,0.089699998498,0.0507999993861,2.86439990997,11118.0,-34.0,154.0,0.226699993014
1474477441654047167,764,1474477441265563011,usbl,0.0,2,-3.04340004921,16.2915992737,0.0553999990225,-16.3218002319,-2.6343998909,1.15769994259,0.0710000023246,-0.0175999999046,2.79509997368,11049.0,-35.0,158.0,0.233999997377
1474477442953821481,765,1474477442556859970,usbl,0.0,2,-1.10140001774,16.5168991089,0.679799973965,-16.3787994385,-2.38940000534,0.712100028992,0.00260000000708,-0.00989999994636,2.92969989777,11045.0,-36.0,188.0,0.233500003815
1474477445051146772,766,1474477444683669090,usbl,0.0,2,-3.23390007019,15.970700264,-0.192399993539,-16.1632995605,-1.68320000172,1.21430003643,0.0846000015736,0.0173000004143,2.83879995346,10864.0,-34.0,151.0,0.21250000596
1474477446554142408,767,1474477446198133945,usbl,0.0,2,-2.51649999619,15.945599556,0.0513999983668,-16.0855007172,-1.10309994221,0.796800017357,0.0461000017822,0.00439999997616,2.91659998894,10762.0,-35.0,189.0,0.195399999619
1474477447854804669,768,1474477447525547027,usbl,0.0,2,-3.40420007706,15.6206998825,-0.290399998426,-15.9418001175,-0.660399973392,1.04960000515,0.085199996829,0.00300000002608,2.88540005684,10660.0,-35.0,197.0,0.22650000453
1474477449547955985,769,1474477449229789972,usbl,0.0,2,-4.2172999382,15.2025995255,-0.0909999981523,-15.7497997284,-0.089500002563,0.922399997711,0.0601999983191,0.0233999993652,2.86619997025,10518.0,-34.0,153.0,0.239600002766
1474477450853870053,770,1474477450531997919,usbl,0.0,2,-4.67089986801,15.0424003601,-0.13259999454,-15.7323999405,0.149399995804,0.761600017548,0.0463999994099,0.0421000011265,2.85150003433,10501.0,-34.0,148.0,0.215700000525
1474477452652154155,771,1474477452334883928,usbl,0.0,2,-5.6672000885,14.670800209,0.535700023174,-15.6772003174,0.947499990463,0.981800019741,0.0320999994874,-0.00439999997616,2.83249998093,10491.0,-33.0,147.0,0.18979999423
1474477454050168449,772,1474477453723959922,usbl,0.0,2,-5.94140005112,14.4906997681,0.224700003862,-15.570400238,1.36710000038,1.0121999979,0.0390999987721,0.0373999997973,2.84159994125,10442.0,-34.0,155.0,0.175899997354
1474477455660679135,773,1474477455260420083,usbl,0.0,2,-6.4548997879,14.2896995544,-0.418700009584,-15.5214004517,1.8356000185,1.32350003719,0.125499993563,-0.00769999995828,2.8327999115,10457.0,-33.0,201.0,0.181500002742
1474477456953631179,774,1474477456605828046,usbl,0.0,2,-4.69670009613,15.2593002319,1.03059995174,-15.8269996643,1.78129994869,1.51660001278,0.042199999094,-0.0333000011742,2.95079994202,10666.0,-37.0,209.0,0.176599994302
1474477458544735170,775,1474477458242949008,usbl,0.0,2,-6.0310997963,15.1343002319,0.432000011206,-16.0632991791,2.37199997902,1.39750003815,0.0505999997258,0.0333000011742,2.91050004959,10865.0,-35.0,179.0,0.15039999783
1474477460653106885,776,1474477459592134952,usbl,0.0,2,-7.44029998779,14.7567996979,0.606299996376,-16.2290000916,2.71690011024,1.65170001984,0.056899998337,0.0278999991715,2.8412001133,11025.0,-38.0,167.0,0.126300007105
1474477461254206324,777,1474477460930707931,usbl,0.0,2,-5.978099823,15.8092002869,0.460299998522,-16.6858005524,2.4835999012,1.13839995861,0.0449000000954,-0.00510000018403,2.9267001152,11272.0,-40.0,203.0,0.117499999702
1474477462763814235,778,1474477462373035907,usbl,0.0,2,-7.09840011597,15.7811002731,2.05340003967,-16.9577999115,3.0868999958,2.55990004539,0.0469000004232,-0.0324999988079,2.89170002937,11617.0,-40.0,202.0,0.104500003159
1474477465574114798,779,1474477465219856977,usbl,0.0,2,-9.0234003067,15.5340995789,1.49779999256,-17.4183006287,3.01149988174,3.53640007973,0.115199998021,0.0293000005186,2.78360009193,12018.0,-39.0,174.0,0.12690000236
1474477466981312173,780,1474477466581806898,usbl,0.0,2,-6.54839992523,16.9374008179,2.81769990921,-17.7038993835,3.28760004044,3.66869997978,0.0489999987185,0.00370000000112,2.953799963,12251.0,-37.0,244.0,0.152500003576
1474477469365424566,781,1474477468257189989,usbl,0.0,2,-7.74119997025,16.9657001495,2.86430001259,-18.2614002228,3.50959992409,3.18869996071,0.0297999996692,-0.023199999705,2.89759993553,12578.0,-42.0,209.0,0.180500000715
1474477470552654224,782,1474477470248292922,usbl,0.0,2,-8.09510040283,17.3684005737,2.85689997673,-18.6615009308,3.55620002747,3.8017001152,0.0361000001431,0.0397999994457,2.89809989929,12916.0,-43.0,159.0,0.18219999969
1474477471962291060,783,1474477471615219116,usbl,0.0,2,-11.6792001724,15.7506999969,1.51080000401,-18.8575992584,4.30240011215,3.55679988861,0.091099999845,0.0533999986947,2.72880005836,13111.0,-46.0,131.0,0.177300006151
1474477473670538728,784,1474477473267745018,usbl,0.0,2,-11.7951002121,16.1511993408,2.5134999752,-19.2964992523,4.79150009155,3.31520009041,0.0891999974847,-0.0527000017464,2.73790001869,13438.0,-46.0,120.0,0.168300002813
1474477475055363337,785,1474477474728952884,usbl,0.0,2,-9.04249954224,18.2917003632,3.18600010872,-19.9228992462,4.49179983139,3.06739997864,0.000300000014249,-0.0137999998406,2.90229988098,13768.0,-44.0,225.0,0.310499995947
1474477477361878741,786,1474477476263453960,usbl,0.0,2,-11.7622003555,17.3050003052,1.05369997025,-20.2085990906,4.23430013657,3.55040001869,0.104500003159,0.0597000010312,2.75329995155,13967.0,-44.0,174.0,0.31740000844
1474477483552525794,787,1474477483196026086,usbl,0.0,2,-13.171500206,19.7348003387,3.27830004692,-22.9505996704,5.27559995651,4.37470006943,0.0562000013888,-0.000500000023749,2.77390003204,15968.0,-50.0,169.0,0.320199996233
1474477486354240540,788,1474477485957736015,usbl,0.0,2,-10.560500145,22.4778995514,2.04990005493,-24.066400528,5.57690000534,3.26909995079,0.0667999982834,-0.0262000001967,2.92359995842,16613.0,-49.0,129.0,0.321200013161
1474477487653936981,789,1474477487333424091,usbl,0.0,2,5.22349977493,8.48029994965,23.4857997894,-6.63290023804,-6.42999982834,23.7791004181,0.0310999993235,-0.00800000037998,2.94790005684,17007.0,-50.0,112.0,0.330599993467
1474477497552416496,790,1474477497203712940,usbl,0.0,2,-14.9281997681,25.1728000641,1.3614000082,-28.2721996307,6.67990016937,3.7990000248,0.0939000025392,0.00559999980032,2.83480000496,19532.0,-51.0,97.0,0.331999987364
1474477501358461798,791,1474477500321685075,usbl,0.0,2,-14.9708995819,26.1096992493,2.72639989853,-29.1382007599,6.49539995193,4.69589996338,0.0688999965787,0.0119000002742,2.83769989014,20147.0,-43.0,242.0,0.324099987745
1474477502654810417,792,1474477502265444993,usbl,0.0,2,-13.1113004684,27.3626995087,0.962499976158,-29.7443008423,5.83260011673,1.6740000248,0.0305000003427,-0.0093999998644,2.8873000145,20238.0,-42.0,182.0,0.31740000844
1474477503950369331,793,1474477503608824968,usbl,0.0,2,-14.6402997971,26.9650993347,1.70560002327,-29.9972991943,5.78889989853,3.31839990616,0.0502999983728,0.0177999995649,2.83459997177,20487.0,-42.0,217.0,0.330099999905
1474477505553075070,794,1474477505210242986,usbl,0.0,2,-13.9126996994,27.5363006592,-0.191300004721,-30.2236995697,5.54180002213,2.76810002327,0.0881000012159,0.0386000014842,2.85660004616,20568.0,-44.0,200.0,0.342700004578
1474477506851889812,795,1474477506507092952,usbl,0.0,2,-16.6644001007,26.2779006958,-0.590600013733,-30.5436000824,5.50110006332,2.32489991188,0.0965000018477,0.0229000002146,2.75480008125,20748.0,-42.0,171.0,0.331000000238
1474477508548281334,796,1474477508219393968,usbl,0.0,2,-11.9532003403,29.0722007751,1.16110002995,-31.1424999237,3.99629998207,1.89499998093,0.0379000008106,-0.0305000003427,2.87649989128,20970.0,-43.0,197.0,0.403699994087
1474477510655102220,797,1474477510264358997,usbl,0.0,2,-14.0336999893,28.3071994781,-1.00580000877,-31.2318992615,4.52290010452,1.83469998837,0.0879999995232,0.0250000003725,2.8259999752,21074.0,-42.0,191.0,0.406199991703
1474477511452791952,798,1474477511127796888,usbl,0.0,2,-13.3030004501,28.6998004913,-1.24399995804,-31.3358001709,4.07289981842,1.91809999943,0.0948999971151,0.0328000001609,2.8382999897,21105.0,-43.0,187.0,0.338999986649
1474477512754699723,799,1474477512399812936,usbl,0.0,2,-14.9544000626,27.9647006989,0.388599991798,-31.3398990631,3.96399998665,2.81229996681,0.0763999968767,0.0194000005722,2.77609992027,21143.0,-44.0,246.0,0.324400007725
1474477514262289581,800,1474477513853563070,usbl,0.0,2,-15.0675001144,28.0270996094,1.24679994583,-31.5512008667,3.55739998817,2.44379997253,0.0304000005126,0.0230000000447,2.76130008698,21230.0,-44.0,226.0,0.320600003004
1474477515646863352,801,1474477515273823976,usbl,0.0,2,-12.1215000153,29.5375003815,0.260800004005,-31.6243000031,3.47609996796,2.69899988174,0.075900003314,0.0164000000805,2.86159992218,21286.0,-42.0,202.0,0.321700006723
1474477517056369757,802,1474477516718080997,usbl,0.0,2,-9.07339954376,30.710100174,0.508400022984,-31.8405990601,2.54250001907,2.32550001144,0.064099997282,-0.0162000004202,2.9319999218,21351.0,-41.0,202.0,0.313300013542
1474477519153390441,803,1474477518763447046,usbl,0.0,2,-11.4151000977,29.9862003326,0.508199989796,-31.9034004211,2.3289000988,2.546200037,0.0662999972701,0.00449999980628,2.84990000725,21393.0,-40.0,156.0,0.310499995947
1474477520548518733,804,1474477520211688995,usbl,0.0,2,-8.60280036926,30.9831008911,0.553099989891,-32.0718994141,1.43019998074,1.90030002594,0.0386000014842,0.0177999995649,2.91589999199,21440.0,-43.0,224.0,0.315699994564
1474477521946180376,805,1474477521630089044,usbl,0.0,2,-10.0283002853,30.6221008301,-0.367900013924,-32.1660003662,1.26279997826,1.47440004349,0.0489999987185,0.0340000018477,2.8654999733,21483.0,-43.0,223.0,0.320699989796
1474477523552043572,806,1474477523220432043,usbl,0.0,2,-9.5376996994,30.7194004059,-0.0162000004202,-32.0611991882,1.06860005856,2.36350011826,0.0702999979258,0.023199999705,2.87470006943,21444.0,-42.0,207.0,0.321900010109
1474477525042311990,807,1474477524659409046,usbl,0.0,2,-10.559800148,30.228099823,-0.912000000477,-31.9995994568,0.518499970436,1.35469996929,0.0766000002623,-0.0046999999322,2.82130002975,21355.0,-40.0,179.0,0.316500008106
1474477527346694650,808,1474477526974400997,usbl,0.0,2,-7.61460018158,30.7516994476,0.668699979782,-31.6053009033,-0.295800000429,2.26169991493,0.0489999987185,0.0113000003621,2.88969993591,21125.0,-43.0,220.0,0.26519998908
1474477528653960170,809,1474477528276880025,usbl,0.0,2,-8.95030021667,30.1506004333,0.49849998951,-31.3470993042,-0.557699978352,2.54329991341,0.0656000003219,0.00769999995828,2.83489990234,20970.0,-43.0,179.0,0.173399999738
1474477530051928816,810,1474477529746063947,usbl,0.0,2,-7.93149995804,30.2901000977,1.0515999794,-31.1791992188,-1.22669994831,2.80360007286,0.0555000007153,0.00930000003427,2.84610009193,20886.0,-42.0,173.0,0.149800002575
1474477531651981768,811,1474477531288518905,usbl,0.0,2,-8.21990013123,29.9032993317,-0.0590000003576,-30.948299408,-0.852800011635,1.80209994316,0.0627000033855,-0.00139999995008,2.8452000618,20675.0,-41.0,150.0,0.142000004649
1474477533059052327,812,1474477532722692966,usbl,0.0,2,-6.08500003815,30.1201992035,0.815500020981,-30.6119003296,-1.06830000877,2.58590006828,0.0538999997079,0.0243999995291,2.9087998867,20493.0,-42.0,136.0,0.150600001216
1474477535373767750,813,1474477534274188995,usbl,0.0,2,-8.08950042725,29.283000946,-0.403800010681,-30.2681007385,-1.48360002041,2.17600011826,0.0829000025988,0.0189999993891,2.82380008698,20255.0,-43.0,178.0,0.150199994445
1474477538065887230,814,1474477537722044944,usbl,0.0,2,-6.89499998093,28.7835998535,-0.0640000030398,-29.5016002655,-1.64690005779,1.72780001163,0.0516999997199,0.0445000007749,2.85269999504,19732.0,-43.0,180.0,0.150299996138
1474477541973092487,815,1474477541574578046,usbl,0.0,2,-10.1680002213,26.7416992188,1.0134999752,-28.4370002747,-1.75750005245,2.78999996185,0.0575999990106,0.0236000008881,2.7172999382,19085.0,-44.0,122.0,0.151600003242
1474477545063023454,816,1474477544720366954,usbl,0.0,2,-6.99970006943,26.8430995941,0.42429998517,-27.5690994263,-2.40969991684,1.9673999548,0.0513000003994,0.0239000003785,2.80040001869,18496.0,-42.0,160.0,0.145300000906
1474477546654107722,817,1474477546258897066,usbl,0.0,2,-7.08120012283,26.464799881,0.301600009203,-27.2308998108,-2.26329994202,1.99399995804,0.0645999982953,-0.00209999992512,2.79640007019,18265.0,-41.0,196.0,0.145400002599
1474477547947639843,818,1474477547633944988,usbl,0.0,2,-4.38100004196,26.4521999359,-0.801699995995,-26.7059001923,-2.34509992599,0.92040002346,0.0671999976039,-0.0126999998465,2.88940000534,17883.0,-42.0,141.0,0.238199993968
1474477549555889373,819,1474477549204770088,usbl,0.0,2,-4.23859977722,25.7614994049,1.27600002289,-25.8894996643,-2.80049991608,2.266299963,0.0390999987721,-0.00370000000112,2.86999988556,17426.0,-41.0,184.0,0.232899993658
1474477551763556181,820,1474477550663151979,usbl,0.0,2,-4.39970016479,25.1732997894,0.892700016499,-25.4085998535,-2.30780005455,1.71140003204,0.0278999991715,0.0264999996871,2.87940001488,17047.0,-44.0,171.0,0.235300004482
1474477552272263741,821,1474477551911788940,usbl,0.0,2,-6.29349994659,24.1798000336,0.0564999990165,-24.7861003876,-2.56010007858,1.8356000185,0.0615999996662,0.0463999994099,2.78660011292,16657.0,-41.0,183.0,0.236100003123
1474477553553557173,822,1474477553218322992,usbl,0.0,2,-6.32460021973,23.564699173,-1.2757999897,-24.3022003174,-2.28360009193,1.0542999506,0.0948999971151,0.0142999999225,2.78640007973,16288.0,-44.0,144.0,0.235699996352
1474477554954723877,823,1474477554587311029,usbl,0.0,2,-3.89860010147,23.6793003082,0.485100001097,-23.7705001831,-2.81399989128,1.78620004654,0.0548000000417,0.001200000057,2.86019992828,16002.0,-40.0,178.0,0.23180000484
1474477556562796732,824,1474477556245415925,usbl,0.0,2,-5.11089992523,22.8474998474,0.91369998455,-23.2113990784,-2.53850007057,1.93700003624,0.0487000010908,-0.017100000754,2.81049990654,15620.0,-43.0,168.0,0.231900006533
1474477558052077570,825,1474477557674276113,usbl,0.0,2,-3.49090003967,22.5373001099,2.39969992638,-22.4997005463,-2.94140005112,3.31450009346,0.0428999997675,-0.0142999999225,2.85500001907,15288.0,-41.0,170.0,0.230700001121
1474477560362680464,826,1474477559262855052,usbl,0.0,2,-2.98880004883,21.8733005524,0.533999979496,-21.7080993652,-3.34699988365,2.28340005875,0.0768000036478,0.0245999991894,2.8547000885,14722.0,-39.0,195.0,0.234999999404
1474477561464347049,827,1474477561144407033,usbl,0.0,2,-4.50169992447,20.8003997803,-0.0324999988079,-20.9608001709,-3.33389997482,1.56700003147,0.0666999965906,0.047800000757,2.77349996567,14188.0,-38.0,184.0,0.229399994016
1474477562852395090,828,1474477562480185031,usbl,0.0,2,-2.37630009651,20.6672000885,-0.504899978638,-20.4713993073,-3.56019997597,1.13220000267,0.0780000016093,0.0104999998584,2.85540008545,13873.0,-39.0,162.0,0.256399989128
1474477564164082427,829,1474477563808382987,usbl,0.0,2,-0.719299972057,20.2341995239,1.94340002537,-20.0093002319,-2.99959993362,2.08500003815,0.00700000021607,0.000500000023749,2.95729994774,13560.0,-39.0,176.0,1.57389998436
1474477565556538601,830,1474477565224328041,usbl,0.0,2,-1.51680004597,19.9130001068,2.28940010071,-19.6779994965,-3.40210008621,2.29629993439,0.000199999994948,0.00230000005104,2.89459991455,13401.0,-41.0,154.0,1.56889998913
1474477566945859845,831,1474477566588416099,usbl,0.0,2,-2.78679990768,19.4927005768,1.10739994049,-19.1243000031,-3.80419993401,2.95760011673,0.0908999964595,0.0308999996632,2.80649995804,13148.0,-42.0,182.0,2.61999988556
1474477569246487550,832,1474477568207429885,usbl,0.0,2,-2.07290005684,19.079000473,1.39619994164,-18.6250991821,-3.67300009727,3.14170002937,0.0930000022054,-0.00989999994636,2.83579993248,12828.0,-39.0,207.0,2.61969995499
1474477570452803790,833,1474477570147703886,usbl,0.0,2,9.46500015259,9.45129966736,13.3824996948,-6.36490011215,-11.6967000961,13.4416999817,0.00540000014007,-0.00089999998454,2.85850000381,12614.0,-42.0,157.0,2.62069988251
1474477571951621325,834,1474477571574050903,usbl,0.0,2,-0.21400000155,18.64220047,0.787299990654,-17.9846992493,-4.77199983597,1.40460002422,0.0328000001609,0.0322999991477,2.87319993973,12440.0,-42.0,190.0,2.62389993668
1474477573654559642,835,1474477573256685972,usbl,0.0,2,-1.58210003376,17.8048992157,1.57700002193,-17.3488998413,-3.4375,3.03410005569,0.0780000016093,0.0491999983788,2.86479997635,11963.0,-36.0,208.0,3.24799990654
1474477575049122108,836,1474477574702810049,usbl,0.0,2,-2.38599991798,17.5997009277,0.675400018692,-17.344499588,-3.15380001068,2.26270008087,0.0908000022173,-0.00209999992512,2.82570004463,11849.0,-38.0,180.0,3.25099992752
1474477577249368723,837,1474477576190670013,usbl,0.0,2,-2.48819994926,17.1681003571,0.51029998064,-17.1198997498,-2.66960000992,0.989300012589,0.0287999995053,-0.00609999988228,2.84240007401,11570.0,-37.0,173.0,3.25370001793
1474477579946437672,838,1474477579601270914,usbl,0.0,2,-3.33039999008,16.3173999786,0.270999997854,-16.4927997589,-1.95439994335,1.26069998741,0.0581000000238,0.0126999998465,2.82270002365,11104.0,-37.0,178.0,3.2513999939
1474477581658136712,839,1474477581255793094,usbl,0.0,2,-2.75,16.1522006989,-0.583100020885,-16.2877006531,-1.65880000591,0.869400024414,0.0838000029325,0.0361000001431,2.87319993973,10930.0,-35.0,151.0,3.24530005455
1474477582948588097,840,1474477582614732027,usbl,0.0,2,-2.7811999321,15.9785003662,-0.26859998703,-16.1527004242,-1.10350000858,0.996299982071,0.0737000033259,0.0318999998271,2.90269994736,10814.0,-35.0,163.0,3.24510002136
1474477585351152270,841,1474477584246906042,usbl,0.0,2,-2.1724998951,15.917599678,1.40550005436,-15.9496002197,-1.41470003128,1.91649997234,0.0284000001848,0.0274000000209,2.92030000687,10751.0,-34.0,160.0,3.24469995499
1474477586546497311,842,1474477586233798980,usbl,0.0,2,-4.99620008469,15.1660995483,0.56819999218,-15.9342002869,-0.142599999905,1.17429995537,0.0454000011086,-0.0162000004202,2.81240010262,10652.0,-33.0,148.0,3.25230002403
1474477587849502450,843,1474477587539397954,usbl,0.0,2,-5.93470001221,14.7701997757,0.491800010204,-15.8772001266,0.0724999979138,1.23730003834,0.0688999965787,-0.0454000011086,2.75880002975,10617.0,-35.0,184.0,3.25349998474
1474477589246650251,844,1474477588899185895,usbl,0.0,2,-5.68699979782,14.6529998779,0.40000000596,-15.6513996124,0.818400025368,1.25520002842,0.0516999997199,0.0175000000745,2.82389998436,10482.0,-36.0,252.0,3.25749993324
1474477590640899382,845,1474477590341176986,usbl,0.0,2,-5.79479980469,14.4364004135,-0.249599993229,-15.439499855,1.35720002651,1.35309994221,0.0881000012159,0.0573999993503,2.85080003738,10372.0,-34.0,154.0,2.90969991684
1474477592048330489,846,1474477591674128055,usbl,0.0,2,-6.8125,13.9362001419,-0.158500000834,-15.3276996613,2.00370001793,1.30350005627,0.0992999970913,0.0116999996826,2.81629991531,10342.0,-33.0,168.0,2.00679993629
1474477594352184811,847,1474477593256680011,usbl,0.0,2,-6.72139978409,13.9919996262,1.02520000935,-15.317899704,2.3696000576,1.32309997082,0.0173000004143,0.00839999970049,2.84730005264,10371.0,-34.0,199.0,2.00279998779
1474477595549969718,848,1474477595225280046,usbl,0.0,2,-5.81580018997,14.4205999374,0.605799973011,-15.2587003708,2.84319996834,1.11099994183,0.0394000001252,-0.0108000002801,2.94090008736,10374.0,-33.0,153.0,0.111500002444
1474477596846105536,849,1474477596546063899,usbl,0.0,2,-7.48799991608,13.5466003418,0.310099989176,-15.0559997559,3.32969999313,1.38110005856,0.0741999968886,0.00910000037402,2.85310006142,10321.0,-35.0,199.0,0.104500003159
1474477598547061181,850,1474477598197184085,usbl,0.0,2,-9.41839981079,12.2848997116,-0.0705000013113,-14.9926996231,3.5827999115,1.41910004616,0.0806000009179,0.0531999990344,2.72390007973,10320.0,-36.0,179.0,0.105700001121
1474477601149634451,851,1474477600827197074,usbl,0.0,2,-7.81150007248,14.3122997284,0.791499972343,-15.6911001205,4.33400011063,1.22230005264,0.0359999984503,-0.0105999996886,2.90960001945,10883.0,-39.0,173.0,0.111900001764
1474477602642948513,852,1474477601594563961,usbl,0.0,2,-9.40890026093,13.3334999084,1.54569995403,-15.5910997391,4.69290018082,1.89549994469,0.0511000007391,-0.0348999984562,2.81240010262,10928.0,-37.0,176.0,0.111100003123
1474477605146666443,853,1474477604777194976,usbl,0.0,2,-8.25780010223,14.7877998352,1.38189995289,-16.138299942,4.88780021667,2.10789990425,0.0377000011504,0.0206000003964,2.9267001152,11329.0,-42.0,164.0,0.127200007439
1474477606048583878,854,1474477605712881088,usbl,0.0,2,-10.4994001389,13.8009996414,1.81939995289,-16.3143997192,5.15850019455,3.35310006142,0.0716999992728,0.0527000017464,2.79920005798,11624.0,-38.0,260.0,0.132100000978
1474477607439856029,855,1474477607106143951,usbl,0.0,2,-10.3388996124,14.2075004578,2.18120002747,-16.5018997192,5.23640012741,3.71090006828,0.0847999975085,0.0324999988079,2.81710004807,11804.0,-45.0,142.0,0.130099996924
1474477608848146799,856,1474477608544888973,usbl,0.0,2,-10.4408998489,14.5840997696,3.40440011024,-16.8563995361,5.80219984055,3.93670010567,0.0582999996841,-0.0296999998391,2.83899998665,12171.0,-44.0,148.0,0.145500004292
1474477614742511223,857,1474477614414403915,usbl,0.0,2,-11.7631998062,15.6780004501,2.88879990578,-18.3852005005,6.27860021591,3.88339996338,0.0395999997854,0.0320999994874,2.82800006866,13208.0,-45.0,121.0,0.141100004315
1474477616150355339,858,1474477615812964916,usbl,0.0,2,-11.5692996979,16.2294006348,2.13059997559,-18.6944007874,6.22469997406,3.68149995804,0.0659999996424,0.042199999094,2.84450006485,13363.0,-44.0,212.0,0.148699998856
1474477617539533089,859,1474477617236052036,usbl,0.0,2,-10.5573997498,17.3425998688,1.51180005074,-19.1653003693,6.26560020447,2.8180000782,0.0744000002742,0.00209999992512,2.90680003166,13573.0,-44.0,195.0,0.1594