%time,field.header.seq,field.header.stamp,field.header.frame_id,field.pose.pose.position.x,field.pose.pose.position.y,field.pose.pose.position.z,field.pose.pose.orientation.x,field.pose.pose.orientation.y,field.pose.pose.orientation.z,field.pose.pose.orientation.w,field.pose.covariance0,field.pose.covariance1,field.pose.covariance2,field.pose.covariance3,field.pose.covariance4,field.pose.covariance5,field.pose.covariance6,field.pose.covariance7,field.pose.covariance8,field.pose.covariance9,field.pose.covariance10,field.pose.covariance11,field.pose.covariance12,field.pose.covariance13,field.pose.covariance14,field.pose.covariance15,field.pose.covariance16,field.pose.covariance17,field.pose.covariance18,field.pose.covariance19,field.pose.covariance20,field.pose.covariance21,field.pose.covariance22,field.pose.covariance23,field.pose.covariance24,field.pose.covariance25,field.pose.covariance26,field.pose.covariance27,field.pose.covariance28,field.pose.covariance29,field.pose.covariance30,field.pose.covariance31,field.pose.covariance32,field.pose.covariance33,field.pose.covariance34,field.pose.covariance35
1474475390391125223,33,1474475390398921145,gps_origin,-32.5682856475,-40.0140619852,0.0,0.0,0.0,0.0,0.0,0.405,0.0,0.0,0.0,0.0,0.0,0.0,0.405,0.0,0.0,0.0,0.0,0.0,0.0,0.0,0.0,0.0,0.0,0.0,0.0,0.0,0.0,0.0,0.0,0.0,0.0,0.0,0.0,0.0,0.0,0.0,0.0,0.0,0.0,0.0,0.0
1474475391387015158,34,1474475391393864710,gps_origin,-32.7533333326,-40.0140629482,0.0,0.0,0.0,0.0,0.0,0.405,0.0,0.0,0.0,0.0,0.0,0.0,0.405,0.0,0.0,0.0,0.0,0.0,0.0,0.0,0.0,0.0,0.0,0.0,0.0,0.0,0.0,0.0,0.0,0.0,0.0,0.0,0.0,0.0,0.0,0.0,0.0,0.0,0.0,0.0,0.0
1474475392382914048,35,1474475392383742763,gps_origin,-32.7533333326,-40.0140629482,0.0,0.0,0.0,0.0,0.0,0.405,0.0,0.0,0.0,0.0,0.0,0.0,0.405,0.0,0.0,0.0,0.0,0.0,0.0,0.0,0.0,0.0,0.0,0.0,0.0,0.0,0.0,0.0,0.0,0.0,0.0,0.0,0.0,0.0,0.0,0.0,0.0,0.0,0.0,0.0,0.0
1474475393389349818,36,1474475393394207457,gps_origin,-32.9383817585,-39.8711565413,0.0,0.0,0.0,0.0,0.0,0.405,0.0,0.0,0.0,0.0,0.0,0.0,0.405,0.0,0.0,0.0,0.0,0.0,0.0,0.0,0.0,0.0,0.0,0.0,0.0,0.0,0.0,0.0,0.0,0.0,0.0,0.0,0.0,0.0,0.0,0.0,0.0,0.0,0.0,0.0,0.0
1474475394385714914,37,1474475394392762018,gps_origin,-32.9383817585,-39.8711565413,0.0,0.0,0.0,0.0,0.0,0.405,0.0,0.0,0.0,0.0,0.0,0.0,0.405,0.0,0.0,0.0,0.0,0.0,0.0,0.0,0.0,0.0,0.0,0.0,0.0,0.0,0.0,0.0,0.0,0.0,0.0,0.0,0.0,0.0,0.0,0.0,0.0,0.0,0.0,0.0,0.0
1474475395391830036,38,1474475395393261762,gps_origin,-32.9383824949,-39.7282491712,0.0,0.0,0.0,0.0,0.0,0.405,0.0,0.0,0.0,0.0,0.0,0.0,0.405,0.0,0.0,0.0,0.0,0.0,0.0,0.0,0.0,0.0,0.0,0.0,0.0,0.0,0.0,0.0,0.0,0.0,0.0,0.0,0.0,0.0,0.0,0.0,0.0,0.0,0.0,0.0,0.0
1474475396398453527,39,1474475396398655693,gps_origin,-33.1234301785,-39.7282501274,0.0,0.0,0.0,0.0,0.0,0.405,0.0,0.0,0.0,0.0,0.0,0.0,0.405,0.0,0.0,0.0,0.0,0.0,0.0,0.0,0.0,0.0,0.0,0.0,0.0,0.0,0.0,0.0,0.0,0.0,0.0,0.0,0.0,0.0,0.0,0.0,0.0,0.0,0.0,0.0,0.0
1474475396398453527,0,1474475396398655693,gps_origin,-33.1234301785,-39.7282501274,0.0,0.0,0.0,0.0,0.0,0.405,0.0,0.0,0.0,0.0,0.0,0.0,0.405,0.0,0.0,0.0,0.0,0.0,0.0,0.0,0.0,0.0,0.0,0.0,0.0,0.0,0.0,0.0,0.0,0.0,0.0,0.0,0.0,0.0,0.0,0.0,0.0,0.0,0.0,0.0,0.0
1474475397394547108,40,1474475397396924595,gps_origin,-33.1234301785,-39.7282501274,0.0,0.0,0.0,0.0,0.0,0.405,0.0,0.0,0.0,0.0,0.0,0.0,0.405,0.0,0.0,0.0,0.0,0.0,0.0,0.0,0.0,0.0,0.0,0.0,0.0,0.0,0.0,0.0,0.0,0.0,0.0,0.0,0.0,0.0,0.0,0.0,0.0,0.0,0.0,0.0,0.0
1474475397394547108,1,1474475397396924595,gps_origin,-33.1234301785,-39.7282501274,0.0,0.0,0.0,0.0,0.0,0.405,0.0,0.0,0.0,0.0,0.0,0.0,0.405,0.0,0.0,0.0,0.0,0.0,0.0,0.0,0.0,0.0,0.0,0.0,0.0,0.0,0.0,0.0,0.0,0.0,0.0,0.0,0.0,0.0,0.0,0.0,0.0,0.0,0.0,0.0,0.0
1474475398410686682,41,1474475398406467666,gps_origin,-33.3084785975,-39.5853437067,0.0,0.0,0.0,0.0,0.0,0.405,0.0,0.0,0.0,0.0,0.0,0.0,0.405,0.0,0.0,0.0,0.0,0.0,0.0,0.0,0.0,0.0,0.0,0.0,0.0,0.0,0.0,0.0,0.0,0.0,0.0,0.0,0.0,0.0,0.0,0.0,0.0,0.0,0.0,0.0,0.0
1474475399386680514,42,1474475399386206674,gps_origin,-33.3084785975,-39.5853437067,0.0,0.0,0.0,0.0,0.0,0.405,0.0,0.0,0.0,0.0,0.0,0.0,0.405,0.0,0.0,0.0,0.0,0.0,0.0,0.0,0.0,0.0,0.0,0.0,0.0,0.0,0.0,0.0,0.0,0.0,0.0,0.0,0.0,0.0,0.0,0.0,0.0,0.0,0.0,0.0,0.0
1474475400393239611,43,1474475400395166937,gps_origin,-33.3084785975,-39.5853437067,0.0,0.0,0.0,0.0,0.0,0.405,0.0,0.0,0.0,0.0,0.0,0.0,0.405,0.0,0.0,0.0,0.0,0.0,0.0,0.0,0.0,0.0,0.0,0.0,0.0,0.0,0.0,0.0,0.0,0.0,0.0,0.0,0.0,0.0,0.0,0.0,0.0,0.0,0.0,0.0,0.0
1474475400393239611,2,1474475400395166937,gps_origin,-33.3084785975,-39.5853437067,0.0,0.0,0.0,0.0,0.0,0.405,0.0,0.0,0.0,0.0,0.0,0.0,0.405,0.0,0.0,0.0,0.0,0.0,0.0,0.0,0.0,0.0,0.0,0.0,0.0,0.0,0.0,0.0,0.0,0.0,0.0,0.0,0.0,0.0,0.0,0.0,0.0,0.0,0.0,0.0,0.0
1474475401389289393,44,1474475401393929671,gps_origin,-33.3084785975,-39.5853437067,0.0,0.0,0.0,0.0,0.0,0.405,0.0,0.0,0.0,0.0,0.0,0.0,0.405,0.0,0.0,0.0,0.0,0.0,0.0,0.0,0.0,0.0,0.0,0.0,0.0,0.0,0.0,0.0,0.0,0.0,0.0,0.0,0.0,0.0,0.0,0.0,0.0,0.0,0.0,0.0,0.0
1474475402395732984,45,1474475402397538446,gps_origin,-33.4935262821,-39.5853446595,0.0,0.0,0.0,0.0,0.0,0.405,0.0,0.0,0.0,0.0,0.0,0.0,0.405,0.0,0.0,0.0,0.0,0.0,0.0,0.0,0.0,0.0,0.0,0.0,0.0,0.0,0.0,0.0,0.0,0.0,0.0,0.0,0.0,0.0,0.0,0.0,0.0,0.0,0.0,0.0,0.0
1474475403392920663,46,1474475403401855842,gps_origin,-33.6785739665,-39.5853456123,0.0,0.0,0.0,0.0,0.0,0.405,0.0,0.0,0.0,0.0,0.0,0.0,0.405,0.0,0.0,0.0,0.0,0.0,0.0,0.0,0.0,0.0,0.0,0.0,0.0,0.0,0.0,0.0,0.0,0.0,0.0,0.0,0.0,0.0,0.0,0.0,0.0,0.0,0.0,0.0,0.0
1474475403392920663,3,1474475403401855842,gps_origin,-33.6785739665,-39.5853456123,0.0,0.0,0.0,0.0,0.0,0.405,0.0,0.0,0.0,0.0,0.0,0.0,0.405,0.0,0.0,0.0,0.0,0.0,0.0,0.0,0.0,0.0,0.0,0.0,0.0,0.0,0.0,0.0,0.0,0.0,0.0,0.0,0.0,0.0,0.0,0.0,0.0,0.0,0.0,0.0,0.0
1474475404390781250,47,1474475404393470276,gps_origin,-33.8636216521,-39.5853465651,0.0,0.0,0.0,0.0,0.0,0.405,0.0,0.0,0.0,0.0,0.0,0.0,0.405,0.0,0.0,0.0,0.0,0.0,0.0,0.0,0.0,0.0,0.0,0.0,0.0,0.0,0.0,0.0,0.0,0.0,0.0,0.0,0.0,0.0,0.0,0.0,0.0,0.0,0.0,0.0,0.0
1474475405389023919,48,1474475405391693388,gps_origin,-33.8636209175,-39.7282539523,0.0,0.0,0.0,0.0,0.0,0.405,0.0,0.0,0.0,0.0,0.0,0.0,0.405,0.0,0.0,0.0,0.0,0.0,0.0,0.0,0.0,0.0,0.0,0.0,0.0,0.0,0.0,0.0,0.0,0.0,0.0,0.0,0.0,0.0,0.0,0.0,0.0,0.0,0.0,0.0,0.0
1474475405389023919,4,1474475405391693388,gps_origin,-33.8636209175,-39.7282539523,0.0,0.0,0.0,0.0,0.0,0.405,0.0,0.0,0.0,0.0,0.0,0.0,0.405,0.0,0.0,0.0,0.0,0.0,0.0,0.0,0.0,0.0,0.0,0.0,0.0,0.0,0.0,0.0,0.0,0.0,0.0,0.0,0.0,0.0,0.0,0.0,0.0,0.0,0.0,0.0,0.0
1474475406395467561,49,1474475406395430298,gps_origin,-34.0486693358,-39.5853475179,0.0,0.0,0.0,0.0,0.0,0.405,0.0,0.0,0.0,0.0,0.0,0.0,0.405,0.0,0.0,0.0,0.0,0.0,0.0,0.0,0.0,0.0,0.0,0.0,0.0,0.0,0.0,0.0,0.0,0.0,0.0,0.0,0.0,0.0,0.0,0.0,0.0,0.0,0.0,0.0,0.0
1474475407391632065,50,1474475407393280376,gps_origin,-34.2337170199,-39.5853484707,0.0,0.0,0.0,0.0,0.0,0.435,0.0,0.0,0.0,0.0,0.0,0.0,0.435,0.0,0.0,0.0,0.0,0.0,0.0,0.0,0.0,0.0,0.0,0.0,0.0,0.0,0.0,0.0,0.0,0.0,0.0,0.0,0.0,0.0,0.0,0.0,0.0,0.0,0.0,0.0,0.0
1474475408378970396,51,1474475408385435041,gps_origin,-34.4187647052,-39.5853494235,0.0,0.0,0.0,0.0,0.0,0.405,0.0,0.0,0.0,0.0,0.0,0.0,0.405,0.0,0.0,0.0,0.0,0.0,0.0,0.0,0.0,0.0,0.0,0.0,0.0,0.0,0.0,0.0,0.0,0.0,0.0,0.0,0.0,0.0,0.0,0.0,0.0,0.0,0.0,0.0,0.0
1474475408378970396,5,1474475408385435041,gps_origin,-34.4187647052,-39.5853494235,0.0,0.0,0.0,0.0,0.0,0.405,0.0,0.0,0.0,0.0,0.0,0.0,0.405,0.0,0.0,0.0,0.0,0.0,0.0,0.0,0.0,0.0,0.0,0.0,0.0,0.0,0.0,0.0,0.0,0.0,0.0,0.0,0.0,0.0,0.0,0.0,0.0,0.0,0.0,0.0,0.0
1474475409385901955,52,1474475409386871009,gps_origin,-34.4187654371,-39.4424420259,0.0,0.0,0.0,0.0,0.0,0.405,0.0,0.0,0.0,0.0,0.0,0.0,0.405,0.0,0.0,0.0,0.0,0.0,0.0,0.0,0.0,0.0,0.0,0.0,0.0,0.0,0.0,0.0,0.0,0.0,0.0,0.0,0.0,0.0,0.0,0.0,0.0,0.0,0.0,0.0,0.0
1474475410372854586,53,1474475410379996489,gps_origin,-34.6038131208,-39.4424429752,0.0,0.0,0.0,0.0,0.0,0.405,0.0,0.0,0.0,0.0,0.0,0.0,0.405,0.0,0.0,0.0,0.0,0.0,0.0,0.0,0.0,0.0,0.0,0.0,0.0,0.0,0.0,0.0,0.0,0.0,0.0,0.0,0.0,0.0,0.0,0.0,0.0,0.0,0.0,0.0,0.0
1474475411390312564,54,1474475411396563590,gps_origin,-34.7888608055,-39.4424439245,0.0,0.0,0.0,0.0,0.0,0.405,0.0,0.0,0.0,0.0,0.0,0.0,0.405,0.0,0.0,0.0,0.0,0.0,0.0,0.0,0.0,0.0,0.0,0.0,0.0,0.0,0.0,0.0,0.0,0.0,0.0,0.0,0.0,0.0,0.0,0.0,0.0,0.0,0.0,0.0,0.0
1474475411390312564,6,1474475411396563590,gps_origin,-34.7888608055,-39.4424439245,0.0,0.0,0.0,0.0,0.0,0.405,0.0,0.0,0.0,0.0,0.0,0.0,0.405,0.0,0.0,0.0,0.0,0.0,0.0,0.0,0.0,0.0,0.0,0.0,0.0,0.0,0.0,0.0,0.0,0.0,0.0,0.0,0.0,0.0,0.0,0.0,0.0,0.0,0.0,0.0,0.0
1474475412397094493,55,1474475412403059878,gps_origin,-34.7888615341,-39.29953652,0.0,0.0,0.0,0.0,0.0,0.405,0.0,0.0,0.0,0.0,0.0,0.0,0.405,0.0,0.0,0.0,0.0,0.0,0.0,0.0,0.0,0.0,0.0,0.0,0.0,0.0,0.0,0.0,0.0,0.0,0.0,0.0,0.0,0.0,0.0,0.0,0.0,0.0,0.0,0.0,0.0
1474475412407895001,7,1474475412403059878,gps_origin,-34.7888615341,-39.29953652,0.0,0.0,0.0,0.0,0.0,0.405,0.0,0.0,0.0,0.0,0.0,0.0,0.405,0.0,0.0,0.0,0.0,0.0,0.0,0.0,0.0,0.0,0.0,0.0,0.0,0.0,0.0,0.0,0.0,0.0,0.0,0.0,0.0,0.0,0.0,0.0,0.0,0.0,0.0,0.0,0.0
1474475413404034883,56,1474475413403623264,gps_origin,-34.9739099454,-39.156630058,0.0,0.0,0.0,0.0,0.0,0.405,0.0,0.0,0.0,0.0,0.0,0.0,0.405,0.0,0.0,0.0,0.0,0.0,0.0,0.0,0.0,0.0,0.0,0.0,0.0,0.0,0.0,0.0,0.0,0.0,0.0,0.0,0.0,0.0,0.0,0.0,0.0,0.0,0.0,0.0,0.0
1474475413404034883,8,1474475413403623264,gps_origin,-34.9739099454,-39.156630058,0.0,0.0,0.0,0.0,0.0,0.405,0.0,0.0,0.0,0.0,0.0,0.0,0.405,0.0,0.0,0.0,0.0,0.0,0.0,0.0,0.0,0.0,0.0,0.0,0.0,0.0,0.0,0.0,0.0,0.0,0.0,0.0,0.0,0.0,0.0,0.0,0.0,0.0,0.0,0.0,0.0
1474475414379937232,57,1474475414386423446,gps_origin,-35.1589576288,-39.1566310005,0.0,0.0,0.0,0.0,0.0,0.405,0.0,0.0,0.0,0.0,0.0,0.0,0.405,0.0,0.0,0.0,0.0,0.0,0.0,0.0,0.0,0.0,0.0,0.0,0.0,0.0,0.0,0.0,0.0,0.0,0.0,0.0,0.0,0.0,0.0,0.0,0.0,0.0,0.0,0.0,0.0
1474475414379937232,9,1474475414386423446,gps_origin,-35.1589576288,-39.1566310005,0.0,0.0,0.0,0.0,0.0,0.405,0.0,0.0,0.0,0.0,0.0,0.0,0.405,0.0,0.0,0.0,0.0,0.0,0.0,0.0,0.0,0.0,0.0,0.0,0.0,0.0,0.0,0.0,0.0,0.0,0.0,0.0,0.0,0.0,0.0,0.0,0.0,0.0,0.0,0.0,0.0
1474475415417801575,58,1474475415423827419,gps_origin,-35.1589583522,-39.0137235891,0.0,0.0,0.0,0.0,0.0,0.405,0.0,0.0,0.0,0.0,0.0,0.0,0.405,0.0,0.0,0.0,0.0,0.0,0.0,0.0,0.0,0.0,0.0,0.0,0.0,0.0,0.0,0.0,0.0,0.0,0.0,0.0,0.0,0.0,0.0,0.0,0.0,0.0,0.0,0.0,0.0
1474475415417801575,10,1474475415423827419,gps_origin,-35.1589583522,-39.0137235891,0.0,0.0,0.0,0.0,0.0,0.405,0.0,0.0,0.0,0.0,0.0,0.0,0.405,0.0,0.0,0.0,0.0,0.0,0.0,0.0,0.0,0.0,0.0,0.0,0.0,0.0,0.0,0.0,0.0,0.0,0.0,0.0,0.0,0.0,0.0,0.0,0.0,0.0,0.0,0.0,0.0
1474475416425072425,59,1474475416432988730,gps_origin,-35.1589590732,-38.8708161778,0.0,0.0,0.0,0.0,0.0,0.405,0.0,0.0,0.0,0.0,0.0,0.0,0.405,0.0,0.0,0.0,0.0,0.0,0.0,0.0,0.0,0.0,0.0,0.0,0.0,0.0,0.0,0.0,0.0,0.0,0.0,0.0,0.0,0.0,0.0,0.0,0.0,0.0,0.0,0.0,0.0
1474475417422217171,60,1474475417426397063,gps_origin,-35.3440074754,-38.7279096986,0.0,0.0,0.0,0.0,0.0,0.405,0.0,0.0,0.0,0.0,0.0,0.0,0.405,0.0,0.0,0.0,0.0,0.0,0.0,0.0,0.0,0.0,0.0,0.0,0.0,0.0,0.0,0.0,0.0,0.0,0.0,0.0,0.0,0.0,0.0,0.0,0.0,0.0,0.0,0.0,0.0
1474475417422217171,11,1474475417426397063,gps_origin,-35.3440074754,-38.7279096986,0.0,0.0,0.0,0.0,0.0,0.405,0.0,0.0,0.0,0.0,0.0,0.0,0.405,0.0,0.0,0.0,0.0,0.0,0.0,0.0,0.0,0.0,0.0,0.0,0.0,0.0,0.0,0.0,0.0,0.0,0.0,0.0,0.0,0.0,0.0,0.0,0.0,0.0,0.0,0.0,0.0
1474475418399214645,61,1474475418403731172,gps_origin,-35.344008904,-38.4420948689,0.0,0.0,0.0,0.0,0.0,0.405,0.0,0.0,0.0,0.0,0.0,0.0,0.405,0.0,0.0,0.0,0.0,0.0,0.0,0.0,0.0,0.0,0.0,0.0,0.0,0.0,0.0,0.0,0.0,0.0,0.0,0.0,0.0,0.0,0.0,0.0,0.0,0.0,0.0,0.0,0.0
1474475418399214645,12,1474475418403731172,gps_origin,-35.344008904,-38.4420948689,0.0,0.0,0.0,0.0,0.0,0.405,0.0,0.0,0.0,0.0,0.0,0.0,0.405,0.0,0.0,0.0,0.0,0.0,0.0,0.0,0.0,0.0,0.0,0.0,0.0,0.0,0.0,0.0,0.0,0.0,0.0,0.0,0.0,0.0,0.0,0.0,0.0,0.0,0.0,0.0,0.0
1474475419395366990,62,1474475419400545395,gps_origin,-35.1589619307,-38.2991865323,0.0,0.0,0.0,0.0,0.0,0.405,0.0,0.0,0.0,0.0,0.0,0.0,0.405,0.0,0.0,0.0,0.0,0.0,0.0,0.0,0.0,0.0,0.0,0.0,0.0,0.0,0.0,0.0,0.0,0.0,0.0,0.0,0.0,0.0,0.0,0.0,0.0,0.0,0.0,0.0,0.0
1474475420381409502,63,1474475420387857997,gps_origin,-35.1589626381,-38.1562791209,0.0,0.0,0.0,0.0,0.0,0.405,0.0,0.0,0.0,0.0,0.0,0.0,0.405,0.0,0.0,0.0,0.0,0.0,0.0,0.0,0.0,0.0,0.0,0.0,0.0,0.0,0.0,0.0,0.0,0.0,0.0,0.0,0.0,0.0,0.0,0.0,0.0,0.0,0.0,0.0,0.0
1474475420381409502,13,1474475420387857997,gps_origin,-35.1589626381,-38.1562791209,0.0,0.0,0.0,0.0,0.0,0.405,0.0,0.0,0.0,0.0,0.0,0.0,0.405,0.0,0.0,0.0,0.0,0.0,0.0,0.0,0.0,0.0,0.0,0.0,0.0,0.0,0.0,0.0,0.0,0.0,0.0,0.0,0.0,0.0,0.0,0.0,0.0,0.0,0.0,0.0,0.0
1474475421387778129,64,1474475421391827564,gps_origin,-35.1589626381,-38.1562791209,0.0,0.0,0.0,0.0,0.0,0.405,0.0,0.0,0.0,0.0,0.0,0.0,0.405,0.0,0.0,0.0,0.0,0.0,0.0,0.0,0.0,0.0,0.0,0.0,0.0,0.0,0.0,0.0,0.0,0.0,0.0,0.0,0.0,0.0,0.0,0.0,0.0,0.0,0.0,0.0,0.0
1474475422384317480,65,1474475422391598983,gps_origin,-34.9739156601,-38.0133707946,0.0,0.0,0.0,0.0,0.0,0.405,0.0,0.0,0.0,0.0,0.0,0.0,0.405,0.0,0.0,0.0,0.0,0.0,0.0,0.0,0.0,0.0,0.0,0.0,0.0,0.0,0.0,0.0,0.0,0.0,0.0,0.0,0.0,0.0,0.0,0.0,0.0,0.0,0.0,0.0,0.0
1474475423391413006,66,1474475423392424705,gps_origin,-34.9739163627,-37.8704633867,0.0,0.0,0.0,0.0,0.0,0.405,0.0,0.0,0.0,0.0,0.0,0.0,0.405,0.0,0.0,0.0,0.0,0.0,0.0,0.0,0.0,0.0,0.0,0.0,0.0,0.0,0.0,0.0,0.0,0.0,0.0,0.0,0.0,0.0,0.0,0.0,0.0,0.0,0.0,0.0,0.0
1474475424417646583,67,1474475424422997702,gps_origin,-34.9739163627,-37.8704633867,0.0,0.0,0.0,0.0,0.0,0.405,0.0,0.0,0.0,0.0,0.0,0.0,0.405,0.0,0.0,0.0,0.0,0.0,0.0,0.0,0.0,0.0,0.0,0.0,0.0,0.0,0.0,0.0,0.0,0.0,0.0,0.0,0.0,0.0,0.0,0.0,0.0,0.0,0.0,0.0,0.0
1474475424417646583,14,1474475424422997702,gps_origin,-34.9739163627,-37.8704633867,0.0,0.0,0.0,0.0,0.0,0.405,0.0,0.0,0.0,0.0,0.0,0.0,0.405,0.0,0.0,0.0,0.0,0.0,0.0,0.0,0.0,0.0,0.0,0.0,0.0,0.0,0.0,0.0,0.0,0.0,0.0,0.0,0.0,0.0,0.0,0.0,0.0,0.0,0.0,0.0,0.0
1474475425415673943,68,1474475425424460249,gps_origin,-34.6038223902,-37.5846467616,0.0,0.0,0.0,0.0,0.0,0.405,0.0,0.0,0.0,0.0,0.0,0.0,0.405,0.0,0.0,0.0,0.0,0.0,0.0,0.0,0.0,0.0,0.0,0.0,0.0,0.0,0.0,0.0,0.0,0.0,0.0,0.0,0.0,0.0,0.0,0.0,0.0,0.0,0.0,0.0,0.0
1474475425415673943,15,1474475425424460249,gps_origin,-34.6038223902,-37.5846467616,0.0,0.0,0.0,0.0,0.0,0.405,0.0,0.0,0.0,0.0,0.0,0.0,0.405,0.0,0.0,0.0,0.0,0.0,0.0,0.0,0.0,0.0,0.0,0.0,0.0,0.0,0.0,0.0,0.0,0.0,0.0,0.0,0.0,0.0,0.0,0.0,0.0,0.0,0.0,0.0,0.0
1474475426432335983,69,1474475426438090418,gps_origin,-34.418775401,-37.4417384594,0.0,0.0,0.0,0.0,0.0,0.405,0.0,0.0,0.0,0.0,0.0,0.0,0.405,0.0,0.0,0.0,0.0,0.0,0.0,0.0,0.0,0.0,0.0,0.0,0.0,0.0,0.0,0.0,0.0,0.0,0.0,0.0,0.0,0.0,0.0,0.0,0.0,0.0,0.0,0.0,0.0
1474475426432335983,16,1474475426438090418,gps_origin,-34.418775401,-37.4417384594,0.0,0.0,0.0,0.0,0.0,0.405,0.0,0.0,0.0,0.0,0.0,0.0,0.405,0.0,0.0,0.0,0.0,0.0,0.0,0.0,0.0,0.0,0.0,0.0,0.0,0.0,0.0,0.0,0.0,0.0,0.0,0.0,0.0,0.0,0.0,0.0,0.0,0.0,0.0,0.0,0.0
1474475427399471795,70,1474475427402402612,gps_origin,-33.8636330395,-37.2988283685,0.0,0.0,0.0,0.0,0.0,0.405,0.0,0.0,0.0,0.0,0.0,0.0,0.405,0.0,0.0,0.0,0.0,0.0,0.0,0.0,0.0,0.0,0.0,0.0,0.0,0.0,0.0,0.0,0.0,0.0,0.0,0.0,0.0,0.0,0.0,0.0,0.0,0.0,0.0,0.0,0.0
1474475427399471795,17,1474475427402402612,gps_origin,-33.8636330395,-37.2988283685,0.0,0.0,0.0,0.0,0.0,0.405,0.0,0.0,0.0,0.0,0.0,0.0,0.405,0.0,0.0,0.0,0.0,0.0,0.0,0.0,0.0,0.0,0.0,0.0,0.0,0.0,0.0,0.0,0.0,0.0,0.0,0.0,0.0,0.0,0.0,0.0,0.0,0.0,0.0,0.0,0.0
1474475428416837635,71,1474475428424899081,gps_origin,-33.4935376693,-37.2988265729,0.0,0.0,0.0,0.0,0.0,0.425,0.0,0.0,0.0,0.0,0.0,0.0,0.425,0.0,0.0,0.0,0.0,0.0,0.0,0.0,0.0,0.0,0.0,0.0,0.0,0.0,0.0,0.0,0.0,0.0,0.0,0.0,0.0,0.0,0.0,0.0,0.0,0.0,0.0,0.0,0.0
1474475429392946776,72,1474475429395517519,gps_origin,-33.1234429893,-37.1559174039,0.0,0.0,0.0,0.0,0.0,0.405,0.0,0.0,0.0,0.0,0.0,0.0,0.405,0.0,0.0,0.0,0.0,0.0,0.0,0.0,0.0,0.0,0.0,0.0,0.0,0.0,0.0,0.0,0.0,0.0,0.0,0.0,0.0,0.0,0.0,0.0,0.0,0.0,0.0,0.0,0.0
1474475429392946776,18,1474475429395517519,gps_origin,-33.1234429893,-37.1559174039,0.0,0.0,0.0,0.0,0.0,0.405,0.0,0.0,0.0,0.0,0.0,0.0,0.405,0.0,0.0,0.0,0.0,0.0,0.0,0.0,0.0,0.0,0.0,0.0,0.0,0.0,0.0,0.0,0.0,0.0,0.0,0.0,0.0,0.0,0.0,0.0,0.0,0.0,0.0,0.0,0.0
1474475430390722559,73,1474475430395378253,gps_origin,-32.938395993,-37.0130091395,0.0,0.0,0.0,0.0,0.0,0.405,0.0,0.0,0.0,0.0,0.0,0.0,0.405,0.0,0.0,0.0,0.0,0.0,0.0,0.0,0.0,0.0,0.0,0.0,0.0,0.0,0.0,0.0,0.0,0.0,0.0,0.0,0.0,0.0,0.0,0.0,0.0,0.0,0.0,0.0,0.0
1474475430390722559,19,1474475430395378253,gps_origin,-32.938395993,-37.0130091395,0.0,0.0,0.0,0.0,0.0,0.405,0.0,0.0,0.0,0.0,0.0,0.0,0.405,0.0,0.0,0.0,0.0,0.0,0.0,0.0,0.0,0.0,0.0,0.0,0.0,0.0,0.0,0.0,0.0,0.0,0.0,0.0,0.0,0.0,0.0,0.0,0.0,0.0,0.0,0.0,0.0
1474475431418003218,74,1474475431417094271,gps_origin,-32.7533489904,-36.870100882,0.0,0.0,0.0,0.0,0.0,0.405,0.0,0.0,0.0,0.0,0.0,0.0,0.405,0.0,0.0,0.0,0.0,0.0,0.0,0.0,0.0,0.0,0.0,0.0,0.0,0.0,0.0,0.0,0.0,0.0,0.0,0.0,0.0,0.0,0.0,0.0,0.0,0.0,0.0,0.0,0.0
1474475432384442054,75,1474475432390370218,gps_origin,-32.3832543029,-36.7271917473,0.0,0.0,0.0,0.0,0.0,0.405,0.0,0.0,0.0,0.0,0.0,0.0,0.405,0.0,0.0,0.0,0.0,0.0,0.0,0.0,0.0,0.0,0.0,0.0,0.0,0.0,0.0,0.0,0.0,0.0,0.0,0.0,0.0,0.0,0.0,0.0,0.0,0.0,0.0,0.0,0.0
1474475432384442054,20,1474475432390370218,gps_origin,-32.3832543029,-36.7271917473,0.0,0.0,0.0,0.0,0.0,0.405,0.0,0.0,0.0,0.0,0.0,0.0,0.405,0.0,0.0,0.0,0.0,0.0,0.0,0.0,0.0,0.0,0.0,0.0,0.0,0.0,0.0,0.0,0.0,0.0,0.0,0.0,0.0,0.0,0.0,0.0,0.0,0.0,0.0,0.0,0.0
1474475433374107293,76,1474475433381991120,gps_origin,-32.1982066181,-36.7271908633,0.0,0.0,0.0,0.0,0.0,0.425,0.0,0.0,0.0,0.0,0.0,0.0,0.425,0.0,0.0,0.0,0.0,0.0,0.0,0.0,0.0,0.0,0.0,0.0,0.0,0.0,0.0,0.0,0.0,0.0,0.0,0.0,0.0,0.0,0.0,0.0,0.0,0.0,0.0,0.0,0.0
1474475433374107293,21,1474475433381991120,gps_origin,-32.1982066181,-36.7271908633,0.0,0.0,0.0,0.0,0.0,0.425,0.0,0.0,0.0,0.0,0.0,0.0,0.425,0.0,0.0,0.0,0.0,0.0,0.0,0.0,0.0,0.0,0.0,0.0,0.0,0.0,0.0,0.0,0.0,0.0,0.0,0.0,0.0,0.0,0.0,0.0,0.0,0.0,0.0,0.0,0.0
1474475434400789698,77,1474475434401023727,gps_origin,-32.0131596108,-36.5842826265,0.0,0.0,0.0,0.0,0.0,0.405,0.0,0.0,0.0,0.0,0.0,0.0,0.405,0.0,0.0,0.0,0.0,0.0,0.0,0.0,0.0,0.0,0.0,0.0,0.0,0.0,0.0,0.0,0.0,0.0,0.0,0.0,0.0,0.0,0.0,0.0,0.0,0.0,0.0,0.0,0.0
1474475434400789698,22,1474475434401023727,gps_origin,-32.0131596108,-36.5842826265,0.0,0.0,0.0,0.0,0.0,0.405,0.0,0.0,0.0,0.0,0.0,0.0,0.405,0.0,0.0,0.0,0.0,0.0,0.0,0.0,0.0,0.0,0.0,0.0,0.0,0.0,0.0,0.0,0.0,0.0,0.0,0.0,0.0,0.0,0.0,0.0,0.0,0.0,0.0,0.0,0.0
1474475435427061670,78,1474475435431219699,gps_origin,-32.0131596108,-36.5842826265,0.0,0.0,0.0,0.0,0.0,0.405,0.0,0.0,0.0,0.0,0.0,0.0,0.405,0.0,0.0,0.0,0.0,0.0,0.0,0.0,0.0,0.0,0.0,0.0,0.0,0.0,0.0,0.0,0.0,0.0,0.0,0.0,0.0,0.0,0.0,0.0,0.0,0.0,0.0,0.0,0.0
1474475435427061670,23,1474475435431219699,gps_origin,-32.0131596108,-36.5842826265,0.0,0.0,0.0,0.0,0.0,0.405,0.0,0.0,0.0,0.0,0.0,0.0,0.405,0.0,0.0,0.0,0.0,0.0,0.0,0.0,0.0,0.0,0.0,0.0,0.0,0.0,0.0,0.0,0.0,0.0,0.0,0.0,0.0,0.0,0.0,0.0,0.0,0.0,0.0,0.0,0.0
1474475436412309147,79,1474475436421323185,gps_origin,-31.8281126022,-36.4413743965,0.0,0.0,0.0,0.0,0.0,0.405,0.0,0.0,0.0,0.0,0.0,0.0,0.405,0.0,0.0,0.0,0.0,0.0,0.0,0.0,0.0,0.0,0.0,0.0,0.0,0.0,0.0,0.0,0.0,0.0,0.0,0.0,0.0,0.0,0.0,0.0,0.0,0.0,0.0,0.0,0.0
1474475436412309147,24,1474475436421323185,gps_origin,-31.8281126022,-36.4413743965,0.0,0.0,0.0,0.0,0.0,0.405,0.0,0.0,0.0,0.0,0.0,0.0,0.405,0.0,0.0,0.0,0.0,0.0,0.0,0.0,0.0,0.0,0.0,0.0,0.0,0.0,0.0,0.0,0.0,0.0,0.0,0.0,0.0,0.0,0.0,0.0,0.0,0.0,0.0,0.0,0.0
1474475437394981112,80,1474475437400377101,gps_origin,-31.6430649177,-36.4413735194,0.0,0.0,0.0,0.0,0.0,0.405,0.0,0.0,0.0,0.0,0.0,0.0,0.405,0.0,0.0,0.0,0.0,0.0,0.0,0.0,0.0,0.0,0.0,0.0,0.0,0.0,0.0,0.0,0.0,0.0,0.0,0.0,0.0,0.0,0.0,0.0,0.0,0.0,0.0,0.0,0.0
1474475437394981112,25,1474475437400377101,gps_origin,-31.6430649177,-36.4413735194,0.0,0.0,0.0,0.0,0.0,0.405,0.0,0.0,0.0,0.0,0.0,0.0,0.405,0.0,0.0,0.0,0.0,0.0,0.0,0.0,0.0,0.0,0.0,0.0,0.0,0.0,0.0,0.0,0.0,0.0,0.0,0.0,0.0,0.0,0.0,0.0,0.0,0.0,0.0,0.0,0.0
1474475438421565821,81,1474475438423291575,gps_origin,-31.6430655918,-36.2984661734,0.0,0.0,0.0,0.0,0.0,0.405,0.0,0.0,0.0,0.0,0.0,0.0,0.405,0.0,0.0,0.0,0.0,0.0,0.0,0.0,0.0,0.0,0.0,0.0,0.0,0.0,0.0,0.0,0.0,0.0,0.0,0.0,0.0,0.0,0.0,0.0,0.0,0.0,0.0,0.0,0.0
1474475439391981937,82,1474475439399347526,gps_origin,-31.4580179062,-36.2984652997,0.0,0.0,0.0,0.0,0.0,0.405,0.0,0.0,0.0,0.0,0.0,0.0,0.405,0.0,0.0,0.0,0.0,0.0,0.0,0.0,0.0,0.0,0.0,0.0,0.0,0.0,0.0,0.0,0.0,0.0,0.0,0.0,0.0,0.0,0.0,0.0,0.0,0.0,0.0,0.0,0.0
1474475440389075209,83,1474475440393385543,gps_origin,-31.2729708915,-36.1555570868,0.0,0.0,0.0,0.0,0.0,0.435,0.0,0.0,0.0,0.0,0.0,0.0,0.435,0.0,0.0,0.0,0.0,0.0,0.0,0.0,0.0,0.0,0.0,0.0,0.0,0.0,0.0,0.0,0.0,0.0,0.0,0.0,0.0,0.0,0.0,0.0,0.0,0.0,0.0,0.0,0.0
1474475440389075209,26,1474475440393385543,gps_origin,-31.2729708915,-36.1555570868,0.0,0.0,0.0,0.0,0.0,0.435,0.0,0.0,0.0,0.0,0.0,0.0,0.435,0.0,0.0,0.0,0.0,0.0,0.0,0.0,0.0,0.0,0.0,0.0,0.0,0.0,0.0,0.0,0.0,0.0,0.0,0.0,0.0,0.0,0.0,0.0,0.0,0.0,0.0,0.0,0.0
1474475441375623429,84,1474475441382415462,gps_origin,-31.2729708915,-36.1555570868,0.0,0.0,0.0,0.0,0.0,0.405,0.0,0.0,0.0,0.0,0.0,0.0,0.405,0.0,0.0,0.0,0.0,0.0,0.0,0.0,0.0,0.0,0.0,0.0,0.0,0.0,0.0,0.0,0.0,0.0,0.0,0.0,0.0,0.0,0.0,0.0,0.0,0.0,0.0,0.0,0.0
1474475442392871717,85,1474475442399891451,gps_origin,-31.2729715594,-36.0126497477,0.0,0.0,0.0,0.0,0.0,0.405,0.0,0.0,0.0,0.0,0.0,0.0,0.405,0.0,0.0,0.0,0.0,0.0,0.0,0.0,0.0,0.0,0.0,0.0,0.0,0.0,0.0,0.0,0.0,0.0,0.0,0.0,0.0,0.0,0.0,0.0,0.0,0.0,0.0,0.0,0.0
1474475442392871717,27,1474475442399891451,gps_origin,-31.2729715594,-36.0126497477,0.0,0.0,0.0,0.0,0.0,0.405,0.0,0.0,0.0,0.0,0.0,0.0,0.405,0.0,0.0,0.0,0.0,0.0,0.0,0.0,0.0,0.0,0.0,0.0,0.0,0.0,0.0,0.0,0.0,0.0,0.0,0.0,0.0,0.0,0.0,0.0,0.0,0.0,0.0,0.0,0.0
1474475443395759524,86,1474475443400708894,gps_origin,-31.0879245405,-35.8697415452,0.0,0.0,0.0,0.0,0.0,0.405,0.0,0.0,0.0,0.0,0.0,0.0,0.405,0.0,0.0,0.0,0.0,0.0,0.0,0.0,0.0,0.0,0.0,0.0,0.0,0.0,0.0,0.0,0.0,0.0,0.0,0.0,0.0,0.0,0.0,0.0,0.0,0.0,0.0,0.0,0.0
1474475443395759524,28,1474475443400708894,gps_origin,-31.0879245405,-35.8697415452,0.0,0.0,0.0,0.0,0.0,0.405,0.0,0.0,0.0,0.0,0.0,0.0,0.405,0.0,0.0,0.0,0.0,0.0,0.0,0.0,0.0,0.0,0.0,0.0,0.0,0.0,0.0,0.0,0.0,0.0,0.0,0.0,0.0,0.0,0.0,0.0,0.0,0.0,0.0,0.0,0.0
1474475444390255621,87,1474475444390287554,gps_origin,-31.0879245405,-35.8697415452,0.0,0.0,0.0,0.0,0.0,0.425,0.0,0.0,0.0,0.0,0.0,0.0,0.425,0.0,0.0,0.0,0.0,0.0,0.0,0.0,0.0,0.0,0.0,0.0,0.0,0.0,0.0,0.0,0.0,0.0,0.0,0.0,0.0,0.0,0.0,0.0,0.0,0.0,0.0,0.0,0.0
1474475445384710797,88,1474475445384429886,gps_origin,-31.0879245405,-35.8697415452,0.0,0.0,0.0,0.0,0.0,0.435,0.0,0.0,0.0,0.0,0.0,0.0,0.435,0.0,0.0,0.0,0.0,0.0,0.0,0.0,0.0,0.0,0.0,0.0,0.0,0.0,0.0,0.0,0.0,0.0,0.0,0.0,0.0,0.0,0.0,0.0,0.0,0.0,0.0,0.0,0.0
1474475445384710797,29,1474475445384429886,gps_origin,-31.0879245405,-35.8697415452,0.0,0.0,0.0,0.0,0.0,0.435,0.0,0.0,0.0,0.0,0.0,0.0,0.435,0.0,0.0,0.0,0.0,0.0,0.0,0.0,0.0,0.0,0.0,0.0,0.0,0.0,0.0,0.0,0.0,0.0,0.0,0.0,0.0,0.0,0.0,0.0,0.0,0.0,0.0,0.0,0.0
1474475446379254605,89,1474475446384502266,gps_origin,-30.9028768546,-35.8697406818,0.0,0.0,0.0,0.0,0.0,0.44,0.0,0.0,0.0,0.0,0.0,0.0,0.44,0.0,0.0,0.0,0.0,0.0,0.0,0.0,0.0,0.0,0.0,0.0,0.0,0.0,0.0,0.0,0.0,0.0,0.0,0.0,0.0,0.0,0.0,0.0,0.0,0.0,0.0,0.0,0.0
1474475447384765350,90,1474475447393515094,gps_origin,-30.9028775176,-35.7268333496,0.0,0.0,0.0,0.0,0.0,0.435,0.0,0.0,0.0,0.0,0.0,0.0,0.435,0.0,0.0,0.0,0.0,0.0,0.0,0.0,0.0,0.0,0.0,0.0,0.0,0.0,0.0,0.0,0.0,0.0,0.0,0.0,0.0,0.0,0.0,0.0,0.0,0.0,0.0,0.0,0.0
1474475447384765350,30,1474475447393515094,gps_origin,-30.9028775176,-35.7268333496,0.0,0.0,0.0,0.0,0.0,0.435,0.0,0.0,0.0,0.0,0.0,0.0,0.435,0.0,0.0,0.0,0.0,0.0,0.0,0.0,0.0,0.0,0.0,0.0,0.0,0.0,0.0,0.0,0.0,0.0,0.0,0.0,0.0,0.0,0.0,0.0,0.0,0.0,0.0,0.0,0.0
1474475448388325057,91,1474475448391427892,gps_origin,-30.7178298336,-35.7268324897,0.0,0.0,0.0,0.0,0.0,0.405,0.0,0.0,0.0,0.0,0.0,0.0,0.405,0.0,0.0,0.0,0.0,0.0,0.0,0.0,0.0,0.0,0.0,0.0,0.0,0.0,0.0,0.0,0.0,0.0,0.0,0.0,0.0,0.0,0.0,0.0,0.0,0.0,0.0,0.0,0.0
1474475448388325057,31,1474475448391427892,gps_origin,-30.7178298336,-35.7268324897,0.0,0.0,0.0,0.0,0.0,0.405,0.0,0.0,0.0,0.0,0.0,0.0,0.405,0.0,0.0,0.0,0.0,0.0,0.0,0.0,0.0,0.0,0.0,0.0,0.0,0.0,0.0,0.0,0.0,0.0,0.0,0.0,0.0,0.0,0.0,0.0,0.0,0.0,0.0,0.0,0.0
1474475449375235559,92,1474475449383878564,gps_origin,-30.7178298336,-35.7268324897,0.0,0.0,0.0,0.0,0.0,0.405,0.0,0.0,0.0,0.0,0.0,0.0,0.405,0.0,0.0,0.0,0.0,0.0,0.0,0.0,0.0,0.0,0.0,0.0,0.0,0.0,0.0,0.0,0.0,0.0,0.0,0.0,0.0,0.0,0.0,0.0,0.0,0.0,0.0,0.0,0.0
1474475449375235559,32,1474475449383878564,gps_origin,-30.7178298336,-35.7268324897,0.0,0.0,0.0,0.0,0.0,0.405,0.0,0.0,0.0,0.0,0.0,0.0,0.405,0.0,0.0,0.0,0.0,0.0,0.0,0.0,0.0,0.0,0.0,0.0,0.0,0.0,0.0,0.0,0.0,0.0,0.0,0.0,0.0,0.0,0.0,0.0,0.0,0.0,0.0,0.0,0.0
1474475450388529007,93,1474475450393946736,gps_origin,-30.7178298336,-35.7268324897,0.0,0.0,0.0,0.0,0.0,0.405,0.0,0.0,0.0,0.0,0.0,0.0,0.405,0.0,0.0,0.0,0.0,0.0,0.0,0.0,0.0,0.0,0.0,0.0,0.0,0.0,0.0,0.0,0.0,0.0,0.0,0.0,0.0,0.0,0.0,0.0,0.0,0.0,0.0,0.0,0.0
1474475450388529007,33,1474475450393946736,gps_origin,-30.7178298336,-35.7268324897,0.0,0.0,0.0,0.0,0.0,0.405,0.0,0.0,0.0,0.0,0.0,0.0,0.405,0.0,0.0,0.0,0.0,0.0,0.0,0.0,0.0,0.0,0.0,0.0,0.0,0.0,0.0,0.0,0.0,0.0,0.0,0.0,0.0,0.0,0.0,0.0,0.0,0.0,0.0,0.0,0.0
1474475451371742007,94,1474475451377615374,gps_origin,-30.5327828083,-35.5839243044,0.0,0.0,0.0,0.0,0.0,0.435,0.0,0.0,0.0,0.0,0.0,0.0,0.435,0.0,0.0,0.0,0.0,0.0,0.0,0.0,0.0,0.0,0.0,0.0,0.0,0.0,0.0,0.0,0.0,0.0,0.0,0.0,0.0,0.0,0.0,0.0,0.0,0.0,0.0,0.0,0.0
1474475451371742007,34,1474475451377615374,gps_origin,-30.5327828083,-35.5839243044,0.0,0.0,0.0,0.0,0.0,0.435,0.0,0.0,0.0,0.0,0.0,0.0,0.435,0.0,0.0,0.0,0.0,0.0,0.0,0.0,0.0,0.0,0.0,0.0,0.0,0.0,0.0,0.0,0.0,0.0,0.0,0.0,0.0,0.0,0.0,0.0,0.0,0.0,0.0,0.0,0.0
1474475452391176650,95,1474475452393971903,gps_origin,-30.5327828083,-35.5839243044,0.0,0.0,0.0,0.0,0.0,0.425,0.0,0.0,0.0,0.0,0.0,0.0,0.425,0.0,0.0,0.0,0.0,0.0,0.0,0.0,0.0,0.0,0.0,0.0,0.0,0.0,0.0,0.0,0.0,0.0,0.0,0.0,0.0,0.0,0.0,0.0,0.0,0.0,0.0,0.0,0.0
1474475453376082799,96,1474475453382975800,gps_origin,-30.5327828083,-35.5839243044,0.0,0.0,0.0,0.0,0.0,0.405,0.0,0.0,0.0,0.0,0.0,0.0,0.405,0.0,0.0,0.0,0.0,0.0,0.0,0.0,0.0,0.0,0.0,0.0,0.0,0.0,0.0,0.0,0.0,0.0,0.0,0.0,0.0,0.0,0.0,0.0,0.0,0.0,0.0,0.0,0.0
1474475453376082799,35,1474475453382975800,gps_origin,-30.5327828083,-35.5839243044,0.0,0.0,0.0,0.0,0.0,0.405,0.0,0.0,0.0,0.0,0.0,0.0,0.405,0.0,0.0,0.0,0.0,0.0,0.0,0.0,0.0,0.0,0.0,0.0,0.0,0.0,0.0,0.0,0.0,0.0,0.0,0.0,0.0,0.0,0.0,0.0,0.0,0.0,0.0,0.0,0.0
1474475454384055072,97,1474475454391426478,gps_origin,-30.5327828083,-35.5839243044,0.0,0.0,0.0,0.0,0.0,0.405,0.0,0.0,0.0,0.0,0.0,0.0,0.405,0.0,0.0,0.0,0.0,0.0,0.0,0.0,0.0,0.0,0.0,0.0,0.0,0.0,0.0,0.0,0.0,0.0,0.0,0.0,0.0,0.0,0.0,0.0,0.0,0.0,0.0,0.0,0.0
1474475455384775567,98,1474475455390701967,gps_origin,-30.5327828083,-35.5839243044,0.0,0.0,0.0,0.0,0.0,0.405,0.0,0.0,0.0,0.0,0.0,0.0,0.405,0.0,0.0,0.0,0.0,0.0,0.0,0.0,0.0,0.0,0.0,0.0,0.0,0.0,0.0,0.0,0.0,0.0,0.0,0.0,0.0,0.0,0.0,0.0,0.0,0.0,0.0,0.0,0.0
1474475456388715100,99,1474475456391170352,gps_origin,-30.3477351231,-35.5839234479,0.0,0.0,0.0,0.0,0.0,0.405,0.0,0.0,0.0,0.0,0.0,0.0,0.405,0.0,0.0,0.0,0.0,0.0,0.0,0.0,0.0,0.0,0.0,0.0,0.0,0.0,0.0,0.0,0.0,0.0,0.0,0.0,0.0,0.0,0.0,0.0,0.0,0.0,0.0,0.0,0.0
1474475457385267048,100,1474475457387721937,gps_origin,-30.3477351231,-35.5839234479,0.0,0.0,0.0,0.0,0.0,0.425,0.0,0.0,0.0,0.0,0.0,0.0,0.425,0.0,0.0,0.0,0.0,0.0,0.0,0.0,0.0,0.0,0.0,0.0,0.0,0.0,0.0,0.0,0.0,0.0,0.0,0.0,0.0,0.0,0.0,0.0,0.0,0.0,0.0,0.0,0.0
1474475458389791273,101,1474475458389287359,gps_origin,-30.3477351231,-35.5839234479,0.0,0.0,0.0,0.0,0.0,0.405,0.0,0.0,0.0,0.0,0.0,0.0,0.405,0.0,0.0,0.0,0.0,0.0,0.0,0.0,0.0,0.0,0.0,0.0,0.0,0.0,0.0,0.0,0.0,0.0,0.0,0.0,0.0,0.0,0.0,0.0,0.0,0.0,0.0,0.0,0.0
1474475458389791273,36,1474475458389287359,gps_origin,-30.3477351231,-35.5839234479,0.0,0.0,0.0,0.0,0.0,0.405,0.0,0.0,0.0,0.0,0.0,0.0,0.405,0.0,0.0,0.0,0.0,0.0,0.0,0.0,0.0,0.0,0.0,0.0,0.0,0.0,0.0,0.0,0.0,0.0,0.0,0.0,0.0,0.0,0.0,0.0,0.0,0.0,0.0,0.0,0.0
1474475459384968723,102,1474475459388688136,gps_origin,-30.3477351231,-35.5839234479,0.0,0.0,0.0,0.0,0.0,0.405,0.0,0.0,0.0,0.0,0.0,0.0,0.405,0.0,0.0,0.0,0.0,0.0,0.0,0.0,0.0,0.0,0.0,0.0,0.0,0.0,0.0,0.0,0.0,0.0,0.0,0.0,0.0,0.0,0.0,0.0,0.0,0.0,0.0,0.0,0.0
1474475460382068651,103,1474475460381473432,gps_origin,-30.3477357805,-35.441016126,0.0,0.0,0.0,0.0,0.0,0.405,0.0,0.0,0.0,0.0,0.0,0.0,0.405,0.0,0.0,0.0,0.0,0.0,0.0,0.0,0.0,0.0,0.0,0.0,0.0,0.0,0.0,0.0,0.0,0.0,0.0,0.0,0.0,0.0,0.0,0.0,0.0,0.0,0.0,0.0,0.0
1474475460382068651,37,1474475460381473432,gps_origin,-30.3477357805,-35.441016126,0.0,0.0,0.0,0.0,0.0,0.405,0.0,0.0,0.0,0.0,0.0,0.0,0.405,0.0,0.0,0.0,0.0,0.0,0.0,0.0,0.0,0.0,0.0,0.0,0.0,0.0,0.0,0.0,0.0,0.0,0.0,0.0,0.0,0.0,0.0,0.0,0.0,0.0,0.0,0.0,0.0
1474475461425038843,104,1474475461432370907,gps_origin,-30.3477357805,-35.441016126,0.0,0.0,0.0,0.0,0.0,0.405,0.0,0.0,0.0,0.0,0.0,0.0,0.405,0.0,0.0,0.0,0.0,0.0,0.0,0.0,0.0,0.0,0.0,0.0,0.0,0.0,0.0,0.0,0.0,0.0,0.0,0.0,0.0,0.0,0.0,0.0,0.0,0.0,0.0,0.0,0.0
1474475462394574507,105,1474475462393908652,gps_origin,-30.3477357805,-35.441016126,0.0,0.0,0.0,0.0,0.0,0.405,0.0,0.0,0.0,0.0,0.0,0.0,0.405,0.0,0.0,0.0,0.0,0.0,0.0,0.0,0.0,0.0,0.0,0.0,0.0,0.0,0.0,0.0,0.0,0.0,0.0,0.0,0.0,0.0,0.0,0.0,0.0,0.0,0.0,0.0,0.0
1474475463385330638,106,1474475463389274204,gps_origin,-30.3477357805,-35.441016126,0.0,0.0,0.0,0.0,0.0,0.405,0.0,0.0,0.0,0.0,0.0,0.0,0.405,0.0,0.0,0.0,0.0,0.0,0.0,0.0,0.0,0.0,0.0,0.0,0.0,0.0,0.0,0.0,0.0,0.0,0.0,0.0,0.0,0.0,0.0,0.0,0.0,0.0,0.0,0.0,0.0
1474475463385330638,38,1474475463389274204,gps_origin,-30.3477357805,-35.441016126,0.0,0.0,0.0,0.0,0.0,0.405,0.0,0.0,0.0,0.0,0.0,0.0,0.405,0.0,0.0,0.0,0.0,0.0,0.0,0.0,0.0,0.0,0.0,0.0,0.0,0.0,0.0,0.0,0.0,0.0,0.0,0.0,0.0,0.0,0.0,0.0,0.0,0.0,0.0,0.0,0.0
1474475464381508541,107,1474475464388875560,gps_origin,-30.3477364355,-35.2981088041,0.0,0.0,0.0,0.0,0.0,0.405,0.0,0.0,0.0,0.0,0.0,0.0,0.405,0.0,0.0,0.0,0.0,0.0,0.0,0.0,0.0,0.0,0.0,0.0,0.0,0.0,0.0,0.0,0.0,0.0,0.0,0.0,0.0,0.0,0.0,0.0,0.0,0.0,0.0,0.0,0.0
1474475465384666603,108,1474475465390112883,gps_origin,-30.3477357805,-35.441016126,0.0,0.0,0.0,0.0,0.0,0.405,0.0,0.0,0.0,0.0,0.0,0.0,0.405,0.0,0.0,0.0,0.0,0.0,0.0,0.0,0.0,0.0,0.0,0.0,0.0,0.0,0.0,0.0,0.0,0.0,0.0,0.0,0.0,0.0,0.0,0.0,0.0,0.0,0.0,0.0,0.0
1474475465384666603,39,1474475465390112883,gps_origin,-30.3477357805,-35.441016126,0.0,0.0,0.0,0.0,0.0,0.405,0.0,0.0,0.0,0.0,0.0,0.0,0.405,0.0,0.0,0.0,0.0,0.0,0.0,0.0,0.0,0.0,0.0,0.0,0.0,0.0,0.0,0.0,0.0,0.0,0.0,0.0,0.0,0.0,0.0,0.0,0.0,0.0,0.0,0.0,0.0
1474475466390482580,109,1474475466391044468,gps_origin,-30.1626880944,-35.4410152729,0.0,0.0,0.0,0.0,0.0,0.405,0.0,0.0,0.0,0.0,0.0,0.0,0.405,0.0,0.0,0.0,0.0,0.0,0.0,0.0,0.0,0.0,0.0,0.0,0.0,0.0,0.0,0.0,0.0,0.0,0.0,0.0,0.0,0.0,0.0,0.0,0.0,0.0,0.0,0.0,0.0
1474475467384628197,110,1474475467390600078,gps_origin,-30.1626880944,-35.4410152729,0.0,0.0,0.0,0.0,0.0,0.405,0.0,0.0,0.0,0.0,0.0,0.0,0.405,0.0,0.0,0.0,0.0,0.0,0.0,0.0,0.0,0.0,0.0,0.0,0.0,0.0,0.0,0.0,0.0,0.0,0.0,0.0,0.0,0.0,0.0,0.0,0.0,0.0,0.0,0.0,0.0
1474475468388783655,111,1474475468388762182,gps_origin,-30.1626880944,-35.4410152729,0.0,0.0,0.0,0.0,0.0,0.405,0.0,0.0,0.0,0.0,0.0,0.0,0.405,0.0,0.0,0.0,0.0,0.0,0.0,0.0,0.0,0.0,0.0,0.0,0.0,0.0,0.0,0.0,0.0,0.0,0.0,0.0,0.0,0.0,0.0,0.0,0.0,0.0,0.0,0.0,0.0
1474475469384669156,112,1474475469390498728,gps_origin,-30.1626887493,-35.2981079544,0.0,0.0,0.0,0.0,0.0,0.405,0.0,0.0,0.0,0.0,0.0,0.0,0.405,0.0,0.0,0.0,0.0,0.0,0.0,0.0,0.0,0.0,0.0,0.0,0.0,0.0,0.0,0.0,0.0,0.0,0.0,0.0,0.0,0.0,0.0,0.0,0.0,0.0,0.0,0.0,0.0
1474475470388900336,113,1474475470388988544,gps_origin,-29.9776410661,-35.2981071048,0.0,0.0,0.0,0.0,0.0,0.425,0.0,0.0,0.0,0.0,0.0,0.0,0.425,0.0,0.0,0.0,0.0,0.0,0.0,0.0,0.0,0.0,0.0,0.0,0.0,0.0,0.0,0.0,0.0,0.0,0.0,0.0,0.0,0.0,0.0,0.0,0.0,0.0,0.0,0.0,0.0
1474475471377211633,114,1474475471385424322,gps_origin,-30.3477390281,-34.7264795163,0.0,0.0,0.0,0.0,0.0,0.405,0.0,0.0,0.0,0.0,0.0,0.0,0.405,0.0,0.0,0.0,0.0,0.0,0.0,0.0,0.0,0.0,0.0,0.0,0.0,0.0,0.0,0.0,0.0,0.0,0.0,0.0,0.0,0.0,0.0,0.0,0.0,0.0,0.0,0.0,0.0
1474475472378535778,115,1474475472379223543,gps_origin,-30.5327898955,-34.0119437253,0.0,0.0,0.0,0.0,0.0,0.405,0.0,0.0,0.0,0.0,0.0,0.0,0.405,0.0,0.0,0.0,0.0,0.0,0.0,0.0,0.0,0.0,0.0,0.0,0.0,0.0,0.0,0.0,0.0,0.0,0.0,0.0,0.0,0.0,0.0,0.0,0.0,0.0,0.0,0.0,0.0
1474475473378807357,116,1474475473386743027,gps_origin,-30.5327936254,-33.154499773,0.0,0.0,0.0,0.0,0.0,0.405,0.0,0.0,0.0,0.0,0.0,0.0,0.405,0.0,0.0,0.0,0.0,0.0,0.0,0.0,0.0,0.0,0.0,0.0,0.0,0.0,0.0,0.0,0.0,0.0,0.0,0.0,0.0,0.0,0.0,0.0,0.0,0.0,0.0,0.0,0.0
1474475474378286991,117,1474475474379326540,gps_origin,-30.5327966617,-32.4399631461,0.0,0.0,0.0,0.0,0.0,0.405,0.0,0.0,0.0,0.0,0.0,0.0,0.405,0.0,0.0,0.0,0.0,0.0,0.0,0.0,0.0,0.0,0.0,0.0,0.0,0.0,0.0,0.0,0.0,0.0,0.0,0.0,0.0,0.0,0.0,0.0,0.0,0.0,0.0,0.0,0.0
1474475475385008813,118,1474475475385297841,gps_origin,-30.5327984519,-32.01124117,0.0,0.0,0.0,0.0,0.0,0.405,0.0,0.0,0.0,0.0,0.0,0.0,0.405,0.0,0.0,0.0,0.0,0.0,0.0,0.0,0.0,0.0,0.0,0.0,0.0,0.0,0.0,0.0,0.0,0.0,0.0,0.0,0.0,0.0,0.0,0.0,0.0,0.0,0.0,0.0,0.0
1474475476411867096,119,1474475476415105219,gps_origin,-30.347753116,-31.4396111119,0.0,0.0,0.0,0.0,0.0,0.405,0.0,0.0,0.0,0.0,0.0,0.0,0.405,0.0,0.0,0.0,0.0,0.0,0.0,0.0,0.0,0.0,0.0,0.0,0.0,0.0,0.0,0.0,0.0,0.0,0.0,0.0,0.0,0.0,0.0,0.0,0.0,0.0,0.0,0.0,0.0
1474475476411867096,40,1474475476415105219,gps_origin,-30.347753116,-31.4396111119,0.0,0.0,0.0,0.0,0.0,0.405,0.0,0.0,0.0,0.0,0.0,0.0,0.405,0.0,0.0,0.0,0.0,0.0,0.0,0.0,0.0,0.0,0.0,0.0,0.0,0.0,0.0,0.0,0.0,0.0,0.0,0.0,0.0,0.0,0.0,0.0,0.0,0.0,0.0,0.0,0.0
1474475477374331881,120,1474475477382600649,gps_origin,-30.1627083075,-30.7250737626,0.0,0.0,0.0,0.0,0.0,0.435,0.0,0.0,0.0,0.0,0.0,0.0,0.435,0.0,0.0,0.0,0.0,0.0,0.0,0.0,0.0,0.0,0.0,0.0,0.0,0.0,0.0,0.0,0.0,0.0,0.0,0.0,0.0,0.0,0.0,0.0,0.0,0.0,0.0,0.0,0.0
1474475478390959125,121,1474475478398836132,gps_origin,-30.1627105616,-30.1534444886,0.0,0.0,0.0,0.0,0.0,0.405,0.0,0.0,0.0,0.0,0.0,0.0,0.405,0.0,0.0,0.0,0.0,0.0,0.0,0.0,0.0,0.0,0.0,0.0,0.0,0.0,0.0,0.0,0.0,0.0,0.0,0.0,0.0,0.0,0.0,0.0,0.0,0.0,0.0,0.0,0.0
1474475479395168269,122,1474475479395217720,gps_origin,-29.9776650899,-29.5818145026,0.0,0.0,0.0,0.0,0.0,0.435,0.0,0.0,0.0,0.0,0.0,0.0,0.435,0.0,0.0,0.0,0.0,0.0,0.0,0.0,0.0,0.0,0.0,0.0,0.0,0.0,0.0,0.0,0.0,0.0,0.0,0.0,0.0,0.0,0.0,0.0,0.0,0.0,0.0,0.0,0.0
1474475480388498864,123,1474475480396698187,gps_origin,-29.792619034,-29.1530918558,0.0,0.0,0.0,0.0,0.0,0.405,0.0,0.0,0.0,0.0,0.0,0.0,0.405,0.0,0.0,0.0,0.0,0.0,0.0,0.0,0.0,0.0,0.0,0.0,0.0,0.0,0.0,0.0,0.0,0.0,0.0,0.0,0.0,0.0,0.0,0.0,0.0,0.0,0.0,0.0,0.0
1474475481388084127,124,1474475481394416412,gps_origin,-29.7926201084,-28.8672772326,0.0,0.0,0.0,0.0,0.0,0.405,0.0,0.0,0.0,0.0,0.0,0.0,0.405,0.0,0.0,0.0,0.0,0.0,0.0,0.0,0.0,0.0,0.0,0.0,0.0,0.0,0.0,0.0,0.0,0.0,0.0,0.0,0.0,0.0,0.0,0.0,0.0,0.0,0.0,0.0,0.0
1474475482400113140,125,1474475482401198059,gps_origin,-29.6075734878,-28.5814619214,0.0,0.0,0.0,0.0,0.0,0.405,0.0,0.0,0.0,0.0,0.0,0.0,0.405,0.0,0.0,0.0,0.0,0.0,0.0,0.0,0.0,0.0,0.0,0.0,0.0,0.0,0.0,0.0,0.0,0.0,0.0,0.0,0.0,0.0,0.0,0.0,0.0,0.0,0.0,0.0,0.0
1474475483415348381,126,1474475483416474530,gps_origin,-29.4225263305,-28.4385539287,0.0,0.0,0.0,0.0,0.0,0.435,0.0,0.0,0.0,0.0,0.0,0.0,0.435,0.0,0.0,0.0,0.0,0.0,0.0,0.0,0.0,0.0,0.0,0.0,0.0,0.0,0.0,0.0,0.0,0.0,0.0,0.0,0.0,0.0,0.0,0.0,0.0,0.0,0.0,0.0,0.0
1474475483415348381,41,1474475483416474530,gps_origin,-29.4225263305,-28.4385539287,0.0,0.0,0.0,0.0,0.0,0.435,0.0,0.0,0.0,0.0,0.0,0.0,0.435,0.0,0.0,0.0,0.0,0.0,0.0,0.0,0.0,0.0,0.0,0.0,0.0,0.0,0.0,0.0,0.0,0.0,0.0,0.0,0.0,0.0,0.0,0.0,0.0,0.0,0.0,0.0,0.0
1474475484406232102,127,1474475484403532319,gps_origin,-29.4225273778,-28.1527393192,0.0,0.0,0.0,0.0,0.0,0.405,0.0,0.0,0.0,0.0,0.0,0.0,0.405,0.0,0.0,0.0,0.0,0.0,0.0,0.0,0.0,0.0,0.0,0.0,0.0,0.0,0.0,0.0,0.0,0.0,0.0,0.0,0.0,0.0,0.0,0.0,0.0,0.0,0.0,0.0,0.0
1474475484406232102,42,1474475484403532319,gps_origin,-29.4225273778,-28.1527393192,0.0,0.0,0.0,0.0,0.0,0.405,0.0,0.0,0.0,0.0,0.0,0.0,0.405,0.0,0.0,0.0,0.0,0.0,0.0,0.0,0.0,0.0,0.0,0.0,0.0,0.0,0.0,0.0,0.0,0.0,0.0,0.0,0.0,0.0,0.0,0.0,0.0,0.0,0.0,0.0,0.0
1474475485395624273,128,1474475485395765488,gps_origin,-29.2374802116,-28.0098313403,0.0,0.0,0.0,0.0,0.0,0.405,0.0,0.0,0.0,0.0,0.0,0.0,0.405,0.0,0.0,0.0,0.0,0.0,0.0,0.0,0.0,0.0,0.0,0.0,0.0,0.0,0.0,0.0,0.0,0.0,0.0,0.0,0.0,0.0,0.0,0.0,0.0,0.0,0.0,0.0,0.0
1474475486387758689,129,1474475486396596192,gps_origin,-29.052433044,-27.8669233683,0.0,0.0,0.0,0.0,0.0,0.405,0.0,0.0,0.0,0.0,0.0,0.0,0.405,0.0,0.0,0.0,0.0,0.0,0.0,0.0,0.0,0.0,0.0,0.0,0.0,0.0,0.0,0.0,0.0,0.0,0.0,0.0,0.0,0.0,0.0,0.0,0.0,0.0,0.0,0.0,0.0
1474475487393993770,130,1474475487392721414,gps_origin,-29.0524340708,-27.5811087726,0.0,0.0,0.0,0.0,0.0,0.435,0.0,0.0,0.0,0.0,0.0,0.0,0.435,0.0,0.0,0.0,0.0,0.0,0.0,0.0,0.0,0.0,0.0,0.0,0.0,0.0,0.0,0.0,0.0,0.0,0.0,0.0,0.0,0.0,0.0,0.0,0.0,0.0,0.0,0.0,0.0
1474475487393993770,43,1474475487392721414,gps_origin,-29.0524340708,-27.5811087726,0.0,0.0,0.0,0.0,0.0,0.435,0.0,0.0,0.0,0.0,0.0,0.0,0.435,0.0,0.0,0.0,0.0,0.0,0.0,0.0,0.0,0.0,0.0,0.0,0.0,0.0,0.0,0.0,0.0,0.0,0.0,0.0,0.0,0.0,0.0,0.0,0.0,0.0,0.0,0.0,0.0
1474475488376036576,44,1474475488380982273,gps_origin,-28.8673868939,-27.4382008143,0.0,0.0,0.0,0.0,0.0,0.435,0.0,0.0,0.0,0.0,0.0,0.0,0.435,0.0,0.0,0.0,0.0,0.0,0.0,0.0,0.0,0.0,0.0,0.0,0.0,0.0,0.0,0.0,0.0,0.0,0.0,0.0,0.0,0.0,0.0,0.0,0.0,0.0,0.0,0.0,0.0
1474475488386098081,131,1474475488380982273,gps_origin,-28.8673868939,-27.4382008143,0.0,0.0,0.0,0.0,0.0,0.435,0.0,0.0,0.0,0.0,0.0,0.0,0.435,0.0,0.0,0.0,0.0,0.0,0.0,0.0,0.0,0.0,0.0,0.0,0.0,0.0,0.0,0.0,0.0,0.0,0.0,0.0,0.0,0.0,0.0,0.0,0.0,0.0,0.0,0.0,0.0
1474475489381843723,132,1474475489382814572,gps_origin,-28.867387401,-27.29529352,0.0,0.0,0.0,0.0,0.0,0.435,0.0,0.0,0.0,0.0,0.0,0.0,0.435,0.0,0.0,0.0,0.0,0.0,0.0,0.0,0.0,0.0,0.0,0.0,0.0,0.0,0.0,0.0,0.0,0.0,0.0,0.0,0.0,0.0,0.0,0.0,0.0,0.0,0.0,0.0,0.0
1474475490388324168,133,1474475490393389197,gps_origin,-28.6823397155,-27.295292863,0.0,0.0,0.0,0.0,0.0,0.435,0.0,0.0,0.0,0.0,0.0,0.0,0.435,0.0,0.0,0.0,0.0,0.0,0.0,0.0,0.0,0.0,0.0,0.0,0.0,0.0,0.0,0.0,0.0,0.0,0.0,0.0,0.0,0.0,0.0,0.0,0.0,0.0,0.0,0.0,0.0
1474475490388324168,45,1474475490393389197,gps_origin,-28.6823397155,-27.295292863,0.0,0.0,0.0,0.0,0.0,0.435,0.0,0.0,0.0,0.0,0.0,0.0,0.435,0.0,0.0,0.0,0.0,0.0,0.0,0.0,0.0,0.0,0.0,0.0,0.0,0.0,0.0,0.0,0.0,0.0,0.0,0.0,0.0,0.0,0.0,0.0,0.0,0.0,0.0,0.0,0.0
1474475491375001976,134,1474475491383372371,gps_origin,-28.6823402189,-27.1523855719,0.0,0.0,0.0,0.0,0.0,0.435,0.0,0.0,0.0,0.0,0.0,0.0,0.435,0.0,0.0,0.0,0.0,0.0,0.0,0.0,0.0,0.0,0.0,0.0,0.0,0.0,0.0,0.0,0.0,0.0,0.0,0.0,0.0,0.0,0.0,0.0,0.0,0.0,0.0,0.0,0.0
1474475492389117779,135,1474475492393033551,gps_origin,-28.682340721,-27.009478281,0.0,0.0,0.0,0.0,0.0,0.435,0.0,0.0,0.0,0.0,0.0,0.0,0.435,0.0,0.0,0.0,0.0,0.0,0.0,0.0,0.0,0.0,0.0,0.0,0.0,0.0,0.0,0.0,0.0,0.0,0.0,0.0,0.0,0.0,0.0,0.0,0.0,0.0,0.0,0.0,0.0
1474475492389117779,46,1474475492393033551,gps_origin,-28.682340721,-27.009478281,0.0,0.0,0.0,0.0,0.0,0.435,0.0,0.0,0.0,0.0,0.0,0.0,0.435,0.0,0.0,0.0,0.0,0.0,0.0,0.0,0.0,0.0,0.0,0.0,0.0,0.0,0.0,0.0,0.0,0.0,0.0,0.0,0.0,0.0,0.0,0.0,0.0,0.0,0.0,0.0,0.0
1474475493366120019,136,1474475493372029027,gps_origin,-28.4972935349,-26.8665703433,0.0,0.0,0.0,0.0,0.0,0.435,0.0,0.0,0.0,0.0,0.0,0.0,0.435,0.0,0.0,0.0,0.0,0.0,0.0,0.0,0.0,0.0,0.0,0.0,0.0,0.0,0.0,0.0,0.0,0.0,0.0,0.0,0.0,0.0,0.0,0.0,0.0,0.0,0.0,0.0,0.0
1474475494367943584,137,1474475494373403385,gps_origin,-28.4972935349,-26.8665703433,0.0,0.0,0.0,0.0,0.0,0.435,0.0,0.0,0.0,0.0,0.0,0.0,0.435,0.0,0.0,0.0,0.0,0.0,0.0,0.0,0.0,0.0,0.0,0.0,0.0,0.0,0.0,0.0,0.0,0.0,0.0,0.0,0.0,0.0,0.0,0.0,0.0,0.0,0.0,0.0,0.0
1474475494367943584,47,1474475494373403385,gps_origin,-28.4972935349,-26.8665703433,0.0,0.0,0.0,0.0,0.0,0.435,0.0,0.0,0.0,0.0,0.0,0.0,0.435,0.0,0.0,0.0,0.0,0.0,0.0,0.0,0.0,0.0,0.0,0.0,0.0,0.0,0.0,0.0,0.0,0.0,0.0,0.0,0.0,0.0,0.0,0.0,0.0,0.0,0.0,0.0,0.0
1474475495380215098,138,1474475495388614746,gps_origin,-28.3122463463,-26.7236624126,0.0,0.0,0.0,0.0,0.0,0.405,0.0,0.0,0.0,0.0,0.0,0.0,0.405,0.0,0.0,0.0,0.0,0.0,0.0,0.0,0.0,0.0,0.0,0.0,0.0,0.0,0.0,0.0,0.0,0.0,0.0,0.0,0.0,0.0,0.0,0.0,0.0,0.0,0.0,0.0,0.0
1474475495380215098,48,1474475495388614746,gps_origin,-28.3122463463,-26.7236624126,0.0,0.0,0.0,0.0,0.0,0.405,0.0,0.0,0.0,0.0,0.0,0.0,0.405,0.0,0.0,0.0,0.0,0.0,0.0,0.0,0.0,0.0,0.0,0.0,0.0,0.0,0.0,0.0,0.0,0.0,0.0,0.0,0.0,0.0,0.0,0.0,0.0,0.0,0.0,0.0,0.0
1474475496402726344,139,1474475496412291435,gps_origin,-28.3122463463,-26.7236624126,0.0,0.0,0.0,0.0,0.0,0.405,0.0,0.0,0.0,0.0,0.0,0.0,0.405,0.0,0.0,0.0,0.0,0.0,0.0,0.0,0.0,0.0,0.0,0.0,0.0,0.0,0.0,0.0,0.0,0.0,0.0,0.0,0.0,0.0,0.0,0.0,0.0,0.0,0.0,0.0,0.0
1474476179362253463,140,1474476179367859161,gps_origin,-66.6169089615,-62.5937025807,0.0,0.0,0.0,0.0,0.0,0.5,0.0,0.0,0.0,0.0,0.0,0.0,0.5,0.0,0.0,0.0,0.0,0.0,0.0,0.0,0.0,0.0,0.0,0.0,0.0,0.0,0.0,0.0,0.0,0.0,0.0,0.0,0.0,0.0,0.0,0.0,0.0,0.0,0.0,0.0,0.0
1474476179362253463,49,1474476179367859161,gps_origin,-66.6169089615,-62.5937025807,0.0,0.0,0.0,0.0,0.0,0.5,0.0,0.0,0.0,0.0,0.0,0.0,0.5,0.0,0.0,0.0,0.0,0.0,0.0,0.0,0.0,0.0,0.0,0.0,0.0,0.0,0.0,0.0,0.0,0.0,0.0,0.0,0.0,0.0,0.0,0.0,0.0,0.0,0.0,0.0,0.0
1474476180352684072,141,1474476180360107875,gps_origin,-68.4673656589,-65.0231541649,0.0,0.0,0.0,0.0,0.0,0.5,0.0,0.0,0.0,0.0,0.0,0.0,0.5,0.0,0.0,0.0,0.0,0.0,0.0,0.0,0.0,0.0,0.0,0.0,0.0,0.0,0.0,0.0,0.0,0.0,0.0,0.0,0.0,0.0,0.0,0.0,0.0,0.0,0.0,0.0,0.0
1474476180352684072,50,1474476180360107875,gps_origin,-68.4673656589,-65.0231541649,0.0,0.0,0.0,0.0,0.0,0.5,0.0,0.0,0.0,0.0,0.0,0.0,0.5,0.0,0.0,0.0,0.0,0.0,0.0,0.0,0.0,0.0,0.0,0.0,0.0,0.0,0.0,0.0,0.0,0.0,0.0,0.0,0.0,0.0,0.0,0.0,0.0,0.0,0.0,0.0,0.0
1474476181336810701,142,1474476181343691267,gps_origin,-68.2823033453,-66.7380489245,0.0,0.0,0.0,0.0,0.0,0.5,0.0,0.0,0.0,0.0,0.0,0.0,0.5,0.0,0.0,0.0,0.0,0.0,0.0,0.0,0.0,0.0,0.0,0.0,0.0,0.0,0.0,0.0,0.0,0.0,0.0,0.0,0.0,0.0,0.0,0.0,0.0,0.0,0.0,0.0,0.0
1474476181336810701,51,1474476181343691267,gps_origin,-68.2823033453,-66.7380489245,0.0,0.0,0.0,0.0,0.0,0.5,0.0,0.0,0.0,0.0,0.0,0.0,0.5,0.0,0.0,0.0,0.0,0.0,0.0,0.0,0.0,0.0,0.0,0.0,0.0,0.0,0.0,0.0,0.0,0.0,0.0,0.0,0.0,0.0,0.0,0.0,0.0,0.0,0.0,0.0,0.0
1474476182351266175,143,1474476182354411214,gps_origin,-68.0972482065,-67.5954954599,0.0,0.0,0.0,0.0,0.0,0.5,0.0,0.0,0.0,0.0,0.0,0.0,0.5,0.0,0.0,0.0,0.0,0.0,0.0,0.0,0.0,0.0,0.0,0.0,0.0,0.0,0.0,0.0,0.0,0.0,0.0,0.0,0.0,0.0,0.0,0.0,0.0,0.0,0.0,0.0,0.0
1474476183347041524,144,1474476183347590129,gps_origin,-67.727150341,-67.8813082394,0.0,0.0,0.0,0.0,0.0,0.5,0.0,0.0,0.0,0.0,0.0,0.0,0.5,0.0,0.0,0.0,0.0,0.0,0.0,0.0,0.0,0.0,0.0,0.0,0.0,0.0,0.0,0.0,0.0,0.0,0.0,0.0,0.0,0.0,0.0,0.0,0.0,0.0,0.0,0.0,0.0
1474476184356520716,145,1474476184358970242,gps_origin,-67.5421014049,-68.024214619,0.0,0.0,0.0,0.0,0.0,0.5,0.0,0.0,0.0,0.0,0.0,0.0,0.5,0.0,0.0,0.0,0.0,0.0,0.0,0.0,0.0,0.0,0.0,0.0,0.0,0.0,0.0,0.0,0.0,0.0,0.0,0.0,0.0,0.0,0.0,0.0,0.0,0.0,0.0,0.0,0.0
1474476185346250832,146,1474476185346491234,gps_origin,-67.7271478222,-68.1671242729,0.0,0.0,0.0,0.0,0.0,0.5,0.0,0.0,0.0,0.0,0.0,0.0,0.5,0.0,0.0,0.0,0.0,0.0,0.0,0.0,0.0,0.0,0.0,0.0,0.0,0.0,0.0,0.0,0.0,0.0,0.0,0.0,0.0,0.0,0.0,0.0,0.0,0.0,0.0,0.0,0.0
1474476186357892537,147,1474476186360578015,gps_origin,-67.7271452933,-68.4529403064,0.0,0.0,0.0,0.0,0.0,0.5,0.0,0.0,0.0,0.0,0.0,0.0,0.5,0.0,0.0,0.0,0.0,0.0,0.0,0.0,0.0,0.0,0.0,0.0,0.0,0.0,0.0,0.0,0.0,0.0,0.0,0.0,0.0,0.0,0.0,0.0,0.0,0.0,0.0,0.0,0.0
1474476187339867636,148,1474476187348456969,gps_origin,-67.7271452933,-68.4529403064,0.0,0.0,0.0,0.0,0.0,0.5,0.0,0.0,0.0,0.0,0.0,0.0,0.5,0.0,0.0,0.0,0.0,0.0,0.0,0.0,0.0,0.0,0.0,0.0,0.0,0.0,0.0,0.0,0.0,0.0,0.0,0.0,0.0,0.0,0.0,0.0,0.0,0.0,0.0,0.0,0.0
1474476188349345632,52,1474476188358083325,gps_origin,-67.7271465592,-68.3100322897,0.0,0.0,0.0,0.0,0.0,0.5,0.0,0.0,0.0,0.0,0.0,0.0,0.5,0.0,0.0,0.0,0.0,0.0,0.0,0.0,0.0,0.0,0.0,0.0,0.0,0.0,0.0,0.0,0.0,0.0,0.0,0.0,0.0,0.0,0.0,0.0,0.0,0.0,0.0,0.0,0.0
1474476188359404618,149,1474476188358083325,gps_origin,-67.7271465592,-68.3100322897,0.0,0.0,0.0,0.0,0.0,0.5,0.0,0.0,0.0,0.0,0.0,0.0,0.5,0.0,0.0,0.0,0.0,0.0,0.0,0.0,0.0,0.0,0.0,0.0,0.0,0.0,0.0,0.0,0.0,0.0,0.0,0.0,0.0,0.0,0.0,0.0,0.0,0.0,0.0,0.0,0.0
1474476189347016867,150,1474476189355591408,gps_origin,-67.7271465592,-68.3100322897,0.0,0.0,0.0,0.0,0.0,0.5,0.0,0.0,0.0,0.0,0.0,0.0,0.5,0.0,0.0,0.0,0.0,0.0,0.0,0.0,0.0,0.0,0.0,0.0,0.0,0.0,0.0,0.0,0.0,0.0,0.0,0.0,0.0,0.0,0.0,0.0,0.0,0.0,0.0,0.0,0.0
1474476190349843175,151,1474476190351182133,gps_origin,-67.7271465592,-68.3100322897,0.0,0.0,0.0,0.0,0.0,0.5,0.0,0.0,0.0,0.0,0.0,0.0,0.5,0.0,0.0,0.0,0.0,0.0,0.0,0.0,0.0,0.0,0.0,0.0,0.0,0.0,0.0,0.0,0.0,0.0,0.0,0.0,0.0,0.0,0.0,0.0,0.0,0.0,0.0,0.0,0.0
1474476191357029853,152,1474476191363180999,gps_origin,-67.7271465592,-68.3100322897,0.0,0.0,0.0,0.0,0.0,0.5,0.0,0.0,0.0,0.0,0.0,0.0,0.5,0.0,0.0,0.0,0.0,0.0,0.0,0.0,0.0,0.0,0.0,0.0,0.0,0.0,0.0,0.0,0.0,0.0,0.0,0.0,0.0,0.0,0.0,0.0,0.0,0.0,0.0,0.0,0.0
1474476192352190529,153,1474476192351738759,gps_origin,-67.7271465592,-68.3100322897,0.0,0.0,0.0,0.0,0.0,0.5,0.0,0.0,0.0,0.0,0.0,0.0,0.5,0.0,0.0,0.0,0.0,0.0,0.0,0.0,0.0,0.0,0.0,0.0,0.0,0.0,0.0,0.0,0.0,0.0,0.0,0.0,0.0,0.0,0.0,0.0,0.0,0.0,0.0,0.0,0.0
1474476192352190529,53,1474476192351738759,gps_origin,-67.7271465592,-68.3100322897,0.0,0.0,0.0,0.0,0.0,0.5,0.0,0.0,0.0,0.0,0.0,0.0,0.5,0.0,0.0,0.0,0.0,0.0,0.0,0.0,0.0,0.0,0.0,0.0,0.0,0.0,0.0,0.0,0.0,0.0,0.0,0.0,0.0,0.0,0.0,0.0,0.0,0.0,0.0,0.0,0.0
1474476193356065433,154,1474476193362963432,gps_origin,-67.7271465592,-68.3100322897,0.0,0.0,0.0,0.0,0.0,0.5,0.0,0.0,0.0,0.0,0.0,0.0,0.5,0.0,0.0,0.0,0.0,0.0,0.0,0.0,0.0,0.0,0.0,0.0,0.0,0.0,0.0,0.0,0.0,0.0,0.0,0.0,0.0,0.0,0.0,0.0,0.0,0.0,0.0,0.0,0.0
1474476193356065433,54,1474476193362963432,gps_origin,-67.7271465592,-68.3100322897,0.0,0.0,0.0,0.0,0.0,0.5,0.0,0.0,0.0,0.0,0.0,0.0,0.5,0.0,0.0,0.0,0.0,0.0,0.0,0.0,0.0,0.0,0.0,0.0,0.0,0.0,0.0,0.0,0.0,0.0,0.0,0.0,0.0,0.0,0.0,0.0,0.0,0.0,0.0,0.0,0.0
1474476194343109627,155,1474476194350864670,gps_origin,-67.5420988809,-68.3100306455,0.0,0.0,0.0,0.0,0.0,0.5,0.0,0.0,0.0,0.0,0.0,0.0,0.5,0.0,0.0,0.0,0.0,0.0,0.0,0.0,0.0,0.0,0.0,0.0,0.0,0.0,0.0,0.0,0.0,0.0,0.0,0.0,0.0,0.0,0.0,0.0,0.0,0.0,0.0,0.0,0.0
1474476194343109627,55,1474476194350864670,gps_origin,-67.5420988809,-68.3100306455,0.0,0.0,0.0,0.0,0.0,0.5,0.0,0.0,0.0,0.0,0.0,0.0,0.5,0.0,0.0,0.0,0.0,0.0,0.0,0.0,0.0,0.0,0.0,0.0,0.0,0.0,0.0,0.0,0.0,0.0,0.0,0.0,0.0,0.0,0.0,0.0,0.0,0.0,0.0,0.0,0.0
1474476195359145045,156,1474476195365004659,gps_origin,-67.7271465592,-68.3100322897,0.0,0.0,0.0,0.0,0.0,0.5,0.0,0.0,0.0,0.0,0.0,0.0,0.5,0.0,0.0,0.0,0.0,0.0,0.0,0.0,0.0,0.0,0.0,0.0,0.0,0.0,0.0,0.0,0.0,0.0,0.0,0.0,0.0,0.0,0.0,0.0,0.0,0.0,0.0,0.0,0.0
1474476196348870056,157,1474476196352689119,gps_origin,-67.7271465592,-68.3100322897,0.0,0.0,0.0,0.0,0.0,0.55,0.0,0.0,0.0,0.0,0.0,0.0,0.55,0.0,0.0,0.0,0.0,0.0,0.0,0.0,0.0,0.0,0.0,0.0,0.0,0.0,0.0,0.0,0.0,0.0,0.0,0.0,0.0,0.0,0.0,0.0,0.0,0.0,0.0,0.0,0.0
1474476196348870056,56,1474476196352689119,gps_origin,-67.7271465592,-68.3100322897,0.0,0.0,0.0,0.0,0.0,0.55,0.0,0.0,0.0,0.0,0.0,0.0,0.55,0.0,0.0,0.0,0.0,0.0,0.0,0.0,0.0,0.0,0.0,0.0,0.0,0.0,0.0,0.0,0.0,0.0,0.0,0.0,0.0,0.0,0.0,0.0,0.0,0.0,0.0,0.0,0.0
1474476197391481320,158,1474476197391004340,gps_origin,-67.7271465592,-68.3100322897,0.0,0.0,0.0,0.0,0.0,0.555,0.0,0.0,0.0,0.0,0.0,0.0,0.555,0.0,0.0,0.0,0.0,0.0,0.0,0.0,0.0,0.0,0.0,0.0,0.0,0.0,0.0,0.0,0.0,0.0,0.0,0.0,0.0,0.0,0.0,0.0,0.0,0.0,0.0,0.0,0.0
1474476198358870573,159,1474476198357626308,gps_origin,-67.7271465592,-68.3100322897,0.0,0.0,0.0,0.0,0.0,0.555,0.0,0.0,0.0,0.0,0.0,0.0,0.555,0.0,0.0,0.0,0.0,0.0,0.0,0.0,0.0,0.0,0.0,0.0,0.0,0.0,0.0,0.0,0.0,0.0,0.0,0.0,0.0,0.0,0.0,0.0,0.0,0.0,0.0,0.0,0.0
1474476198358870573,57,1474476198357626308,gps_origin,-67.7271465592,-68.3100322897,0.0,0.0,0.0,0.0,0.0,0.555,0.0,0.0,0.0,0.0,0.0,0.0,0.555,0.0,0.0,0.0,0.0,0.0,0.0,0.0,0.0,0.0,0.0,0.0,0.0,0.0,0.0,0.0,0.0,0.0,0.0,0.0,0.0,0.0,0.0,0.0,0.0,0.0,0.0,0.0,0.0
1474476199344497047,160,1474476199353798372,gps_origin,-67.7271465592,-68.3100322897,0.0,0.0,0.0,0.0,0.0,0.555,0.0,0.0,0.0,0.0,0.0,0.0,0.555,0.0,0.0,0.0,0.0,0.0,0.0,0.0,0.0,0.0,0.0,0.0,0.0,0.0,0.0,0.0,0.0,0.0,0.0,0.0,0.0,0.0,0.0,0.0,0.0,0.0,0.0,0.0,0.0
1474476199344497047,58,1474476199353798372,gps_origin,-67.7271465592,-68.3100322897,0.0,0.0,0.0,0.0,0.0,0.555,0.0,0.0,0.0,0.0,0.0,0.0,0.555,0.0,0.0,0.0,0.0,0.0,0.0,0.0,0.0,0.0,0.0,0.0,0.0,0.0,0.0,0.0,0.0,0.0,0.0,0.0,0.0,0.0,0.0,0.0,0.0,0.0,0.0,0.0,0.0
1474476200368732590,161,1474476200370841802,gps_origin,-67.7271465592,-68.3100322897,0.0,0.0,0.0,0.0,0.0,0.5,0.0,0.0,0.0,0.0,0.0,0.0,0.5,0.0,0.0,0.0,0.0,0.0,0.0,0.0,0.0,0.0,0.0,0.0,0.0,0.0,0.0,0.0,0.0,0.0,0.0,0.0,0.0,0.0,0.0,0.0,0.0,0.0,0.0,0.0,0.0
1474476201355640869,162,1474476201357042658,gps_origin,-67.7271465592,-68.3100322897,0.0,0.0,0.0,0.0,0.0,0.5,0.0,0.0,0.0,0.0,0.0,0.0,0.5,0.0,0.0,0.0,0.0,0.0,0.0,0.0,0.0,0.0,0.0,0.0,0.0,0.0,0.0,0.0,0.0,0.0,0.0,0.0,0.0,0.0,0.0,0.0,0.0,0.0,0.0,0.0,0.0
1474476201355640869,59,1474476201357042658,gps_origin,-67.7271465592,-68.3100322897,0.0,0.0,0.0,0.0,0.0,0.5,0.0,0.0,0.0,0.0,0.0,0.0,0.5,0.0,0.0,0.0,0.0,0.0,0.0,0.0,0.0,0.0,0.0,0.0,0.0,0.0,0.0,0.0,0.0,0.0,0.0,0.0,0.0,0.0,0.0,0.0,0.0,0.0,0.0,0.0,0.0
1474476202340596241,163,1474476202345293498,gps_origin,-67.7271465592,-68.3100322897,0.0,0.0,0.0,0.0,0.0,0.5,0.0,0.0,0.0,0.0,0.0,0.0,0.5,0.0,0.0,0.0,0.0,0.0,0.0,0.0,0.0,0.0,0.0,0.0,0.0,0.0,0.0,0.0,0.0,0.0,0.0,0.0,0.0,0.0,0.0,0.0,0.0,0.0,0.0,0.0,0.0
1474476202340596241,60,1474476202345293498,gps_origin,-67.7271465592,-68.3100322897,0.0,0.0,0.0,0.0,0.0,0.5,0.0,0.0,0.0,0.0,0.0,0.0,0.5,0.0,0.0,0.0,0.0,0.0,0.0,0.0,0.0,0.0,0.0,0.0,0.0,0.0,0.0,0.0,0.0,0.0,0.0,0.0,0.0,0.0,0.0,0.0,0.0,0.0,0.0,0.0,0.0
1474476203357683005,164,1474476203363736749,gps_origin,-67.7271465592,-68.3100322897,0.0,0.0,0.0,0.0,0.0,0.5,0.0,0.0,0.0,0.0,0.0,0.0,0.5,0.0,0.0,0.0,0.0,0.0,0.0,0.0,0.0,0.0,0.0,0.0,0.0,0.0,0.0,0.0,0.0,0.0,0.0,0.0,0.0,0.0,0.0,0.0,0.0,0.0,0.0,0.0,0.0
1474476203357683005,61,1474476203363736749,gps_origin,-67.7271465592,-68.3100322897,0.0,0.0,0.0,0.0,0.0,0.5,0.0,0.0,0.0,0.0,0.0,0.0,0.5,0.0,0.0,0.0,0.0,0.0,0.0,0.0,0.0,0.0,0.0,0.0,0.0,0.0,0.0,0.0,0.0,0.0,0.0,0.0,0.0,0.0,0.0,0.0,0.0,0.0,0.0,0.0,0.0
1474476204346087502,165,1474476204346602819,gps_origin,-67.7271465592,-68.3100322897,0.0,0.0,0.0,0.0,0.0,0.5,0.0,0.0,0.0,0.0,0.0,0.0,0.5,0.0,0.0,0.0,0.0,0.0,0.0,0.0,0.0,0.0,0.0,0.0,0.0,0.0,0.0,0.0,0.0,0.0,0.0,0.0,0.0,0.0,0.0,0.0,0.0,0.0,0.0,0.0,0.0
1474476205349364445,166,1474476205355806400,gps_origin,-67.7271465592,-68.3100322897,0.0,0.0,0.0,0.0,0.0,0.5,0.0,0.0,0.0,0.0,0.0,0.0,0.5,0.0,0.0,0.0,0.0,0.0,0.0,0.0,0.0,0.0,0.0,0.0,0.0,0.0,0.0,0.0,0.0,0.0,0.0,0.0,0.0,0.0,0.0,0.0,0.0,0.0,0.0,0.0,0.0
1474476206342207756,167,1474476206349124486,gps_origin,-67.7271465592,-68.3100322897,0.0,0.0,0.0,0.0,0.0,0.555,0.0,0.0,0.0,0.0,0.0,0.0,0.555,0.0,0.0,0.0,0.0,0.0,0.0,0.0,0.0,0.0,0.0,0.0,0.0,0.0,0.0,0.0,0.0,0.0,0.0,0.0,0.0,0.0,0.0,0.0,0.0,0.0,0.0,0.0,0.0
1474476207366791778,168,1474476207366432148,gps_origin,-67.7271465592,-68.3100322897,0.0,0.0,0.0,0.0,0.0,0.5,0.0,0.0,0.0,0.0,0.0,0.0,0.5,0.0,0.0,0.0,0.0,0.0,0.0,0.0,0.0,0.0,0.0,0.0,0.0,0.0,0.0,0.0,0.0,0.0,0.0,0.0,0.0,0.0,0.0,0.0,0.0,0.0,0.0,0.0,0.0
1474476208354318038,169,1474476208355190892,gps_origin,-67.7271465592,-68.3100322897,0.0,0.0,0.0,0.0,0.0,0.5,0.0,0.0,0.0,0.0,0.0,0.0,0.5,0.0,0.0,0.0,0.0,0.0,0.0,0.0,0.0,0.0,0.0,0.0,0.0,0.0,0.0,0.0,0.0,0.0,0.0,0.0,0.0,0.0,0.0,0.0,0.0,0.0,0.0,0.0,0.0
1474476209346259400,170,1474476209346217091,gps_origin,-67.7271465592,-68.3100322897,0.0,0.0,0.0,0.0,0.0,0.5,0.0,0.0,0.0,0.0,0.0,0.0,0.5,0.0,0.0,0.0,0.0,0.0,0.0,0.0,0.0,0.0,0.0,0.0,0.0,0.0,0.0,0.0,0.0,0.0,0.0,0.0,0.0,0.0,0.0,0.0,0.0,0.0,0.0,0.0,0.0
1474476210358587056,171,1474476210362248467,gps_origin,-67.7271465592,-68.3100322897,0.0,0.0,0.0,0.0,0.0,0.5,0.0,0.0,0.0,0.0,0.0,0.0,0.5,0.0,0.0,0.0,0.0,0.0,0.0,0.0,0.0,0.0,0.0,0.0,0.0,0.0,0.0,0.0,0.0,0.0,0.0,0.0,0.0,0.0,0.0,0.0,0.0,0.0,0.0,0.0,0.0
1474476211347668678,172,1474476211351538337,gps_origin,-67.7271465592,-68.3100322897,0.0,0.0,0.0,0.0,0.0,0.5,0.0,0.0,0.0,0.0,0.0,0.0,0.5,0.0,0.0,0.0,0.0,0.0,0.0,0.0,0.0,0.0,0.0,0.0,0.0,0.0,0.0,0.0,0.0,0.0,0.0,0.0,0.0,0.0,0.0,0.0,0.0,0.0,0.0,0.0,0.0
1474476211347668678,62,1474476211351538337,gps_origin,-67.7271465592,-68.3100322897,0.0,0.0,0.0,0.0,0.0,0.5,0.0,0.0,0.0,0.0,0.0,0.0,0.5,0.0,0.0,0.0,0.0,0.0,0.0,0.0,0.0,0.0,0.0,0.0,0.0,0.0,0.0,0.0,0.0,0.0,0.0,0.0,0.0,0.0,0.0,0.0,0.0,0.0,0.0,0.0,0.0
1474476212359070219,173,1474476212366989290,gps_origin,-67.7271465592,-68.3100322897,0.0,0.0,0.0,0.0,0.0,0.5,0.0,0.0,0.0,0.0,0.0,0.0,0.5,0.0,0.0,0.0,0.0,0.0,0.0,0.0,0.0,0.0,0.0,0.0,0.0,0.0,0.0,0.0,0.0,0.0,0.0,0.0,0.0,0.0,0.0,0.0,0.0,0.0,0.0,0.0,0.0
1474476213363572605,174,1474476213367719641,gps_origin,-67.7271465592,-68.3100322897,0.0,0.0,0.0,0.0,0.0,0.5,0.0,0.0,0.0,0.0,0.0,0.0,0.5,0.0,0.0,0.0,0.0,0.0,0.0,0.0,0.0,0.0,0.0,0.0,0.0,0.0,0.0,0.0,0.0,0.0,0.0,0.0,0.0,0.0,0.0,0.0,0.0,0.0,0.0,0.0,0.0
1474476214359907279,175,1474476214365698185,gps_origin,-67.7271465592,-68.3100322897,0.0,0.0,0.0,0.0,0.0,0.5,0.0,0.0,0.0,0.0,0.0,0.0,0.5,0.0,0.0,0.0,0.0,0.0,0.0,0.0,0.0,0.0,0.0,0.0,0.0,0.0,0.0,0.0,0.0,0.0,0.0,0.0,0.0,0.0,0.0,0.0,0.0,0.0,0.0,0.0,0.0
1474476214359907279,63,1474476214365698185,gps_origin,-67.7271465592,-68.3100322897,0.0,0.0,0.0,0.0,0.0,0.5,0.0,0.0,0.0,0.0,0.0,0.0,0.5,0.0,0.0,0.0,0.0,0.0,0.0,0.0,0.0,0.0,0.0,0.0,0.0,0.0,0.0,0.0,0.0,0.0,0.0,0.0,0.0,0.0,0.0,0.0,0.0,0.0,0.0,0.0,0.0
1474476215352340014,176,1474476215357883854,gps_origin,-67.7271478222,-68.1671242729,0.0,0.0,0.0,0.0,0.0,0.5,0.0,0.0,0.0,0.0,0.0,0.0,0.5,0.0,0.0,0.0,0.0,0.0,0.0,0.0,0.0,0.0,0.0,0.0,0.0,0.0,0.0,0.0,0.0,0.0,0.0,0.0,0.0,0.0,0.0,0.0,0.0,0.0,0.0,0.0,0.0
1474476216352949244,177,1474476216356823230,gps_origin,-67.7271478222,-68.1671242729,0.0,0.0,0.0,0.0,0.0,0.5,0.0,0.0,0.0,0.0,0.0,0.0,0.5,0.0,0.0,0.0,0.0,0.0,0.0,0.0,0.0,0.0,0.0,0.0,0.0,0.0,0.0,0.0,0.0,0.0,0.0,0.0,0.0,0.0,0.0,0.0,0.0,0.0,0.0,0.0,0.0
1474476217346670696,178,1474476217351421544,gps_origin,-67.7271478222,-68.1671242729,0.0,0.0,0.0,0.0,0.0,0.5,0.0,0.0,0.0,0.0,0.0,0.0,0.5,0.0,0.0,0.0,0.0,0.0,0.0,0.0,0.0,0.0,0.0,0.0,0.0,0.0,0.0,0.0,0.0,0.0,0.0,0.0,0.0,0.0,0.0,0.0,0.0,0.0,0.0,0.0,0.0
1474476217346670696,64,1474476217351421544,gps_origin,-67.7271478222,-68.1671242729,0.0,0.0,0.0,0.0,0.0,0.5,0.0,0.0,0.0,0.0,0.0,0.0,0.5,0.0,0.0,0.0,0.0,0.0,0.0,0.0,0.0,0.0,0.0,0.0,0.0,0.0,0.0,0.0,0.0,0.0,0.0,0.0,0.0,0.0,0.0,0.0,0.0,0.0,0.0,0.0,0.0
1474476218368690532,179,1474476218366071084,gps_origin,-67.7271478222,-68.1671242729,0.0,0.0,0.0,0.0,0.0,0.5,0.0,0.0,0.0,0.0,0.0,0.0,0.5,0.0,0.0,0.0,0.0,0.0,0.0,0.0,0.0,0.0,0.0,0.0,0.0,0.0,0.0,0.0,0.0,0.0,0.0,0.0,0.0,0.0,0.0,0.0,0.0,0.0,0.0,0.0,0.0
1474476219364944956,180,1474476219364525849,gps_origin,-67.7271478222,-68.1671242729,0.0,0.0,0.0,0.0,0.0,0.555,0.0,0.0,0.0,0.0,0.0,0.0,0.555,0.0,0.0,0.0,0.0,0.0,0.0,0.0,0.0,0.0,0.0,0.0,0.0,0.0,0.0,0.0,0.0,0.0,0.0,0.0,0.0,0.0,0.0,0.0,0.0,0.0,0.0,0.0,0.0
1474476220358969923,181,1474476220362713213,gps_origin,-67.7271478222,-68.1671242729,0.0,0.0,0.0,0.0,0.0,0.555,0.0,0.0,0.0,0.0,0.0,0.0,0.555,0.0,0.0,0.0,0.0,0.0,0.0,0.0,0.0,0.0,0.0,0.0,0.0,0.0,0.0,0.0,0.0,0.0,0.0,0.0,0.0,0.0,0.0,0.0,0.0,0.0,0.0,0.0,0.0
1474476220358969923,65,1474476220362713213,gps_origin,-67.7271478222,-68.1671242729,0.0,0.0,0.0,0.0,0.0,0.555,0.0,0.0,0.0,0.0,0.0,0.0,0.555,0.0,0.0,0.0,0.0,0.0,0.0,0.0,0.0,0.0,0.0,0.0,0.0,0.0,0.0,0.0,0.0,0.0,0.0,0.0,0.0,0.0,0.0,0.0,0.0,0.0,0.0,0.0,0.0
1474476221354641465,182,1474476221353430505,gps_origin,-67.7271478222,-68.1671242729,0.0,0.0,0.0,0.0,0.0,0.5,0.0,0.0,0.0,0.0,0.0,0.0,0.5,0.0,0.0,0.0,0.0,0.0,0.0,0.0,0.0,0.0,0.0,0.0,0.0,0.0,0.0,0.0,0.0,0.0,0.0,0.0,0.0,0.0,0.0,0.0,0.0,0.0,0.0,0.0,0.0
1474476221354641465,66,1474476221353430505,gps_origin,-67.7271478222,-68.1671242729,0.0,0.0,0.0,0.0,0.0,0.5,0.0,0.0,0.0,0.0,0.0,0.0,0.5,0.0,0.0,0.0,0.0,0.0,0.0,0.0,0.0,0.0,0.0,0.0,0.0,0.0,0.0,0.0,0.0,0.0,0.0,0.0,0.0,0.0,0.0,0.0,0.0,0.0,0.0,0.0,0.0
1474476222363957471,183,1474476222364310435,gps_origin,-67.7271478222,-68.1671242729,0.0,0.0,0.0,0.0,0.0,0.5,0.0,0.0,0.0,0.0,0.0,0.0,0.5,0.0,0.0,0.0,0.0,0.0,0.0,0.0,0.0,0.0,0.0,0.0,0.0,0.0,0.0,0.0,0.0,0.0,0.0,0.0,0.0,0.0,0.0,0.0,0.0,0.0,0.0,0.0,0.0
1474476223353517095,184,1474476223359773558,gps_origin,-67.7271478222,-68.1671242729,0.0,0.0,0.0,0.0,0.0,0.555,0.0,0.0,0.0,0.0,0.0,0.0,0.555,0.0,0.0,0.0,0.0,0.0,0.0,0.0,0.0,0.0,0.0,0.0,0.0,0.0,0.0,0.0,0.0,0.0,0.0,0.0,0.0,0.0,0.0,0.0,0.0,0.0,0.0,0.0,0.0
1474476223353517095,67,1474476223359773558,gps_origin,-67.7271478222,-68.1671242729,0.0,0.0,0.0,0.0,0.0,0.555,0.0,0.0,0.0,0.0,0.0,0.0,0.555,0.0,0.0,0.0,0.0,0.0,0.0,0.0,0.0,0.0,0.0,0.0,0.0,0.0,0.0,0.0,0.0,0.0,0.0,0.0,0.0,0.0,0.0,0.0,0.0,0.0,0.0,0.0,0.0
1474476224349703655,185,1474476224354054030,gps_origin,-67.9121955001,-68.1671259137,0.0,0.0,0.0,0.0,0.0,0.5,0.0,0.0,0.0,0.0,0.0,0.0,0.5,0.0,0.0,0.0,0.0,0.0,0.0,0.0,0.0,0.0,0.0,0.0,0.0,0.0,0.0,0.0,0.0,0.0,0.0,0.0,0.0,0.0,0.0,0.0,0.0,0.0,0.0,0.0,0.0
1474476224349703655,68,1474476224354054030,gps_origin,-67.9121955001,-68.1671259137,0.0,0.0,0.0,0.0,0.0,0.5,0.0,0.0,0.0,0.0,0.0,0.0,0.5,0.0,0.0,0.0,0.0,0.0,0.0,0.0,0.0,0.0,0.0,0.0,0.0,0.0,0.0,0.0,0.0,0.0,0.0,0.0,0.0,0.0,0.0,0.0,0.0,0.0,0.0,0.0,0.0
1474476225339786740,186,1474476225345143579,gps_origin,-67.7271478222,-68.1671242729,0.0,0.0,0.0,0.0,0.0,0.5,0.0,0.0,0.0,0.0,0.0,0.0,0.5,0.0,0.0,0.0,0.0,0.0,0.0,0.0,0.0,0.0,0.0,0.0,0.0,0.0,0.0,0.0,0.0,0.0,0.0,0.0,0.0,0.0,0.0,0.0,0.0,0.0,0.0,0.0,0.0
1474476225339786740,69,1474476225345143579,gps_origin,-67.7271478222,-68.1671242729,0.0,0.0,0.0,0.0,0.0,0.5,0.0,0.0,0.0,0.0,0.0,0.0,0.5,0.0,0.0,0.0,0.0,0.0,0.0,0.0,0.0,0.0,0.0,0.0,0.0,0.0,0.0,0.0,0.0,0.0,0.0,0.0,0.0,0.0,0.0,0.0,0.0,0.0,0.0,0.0,0.0
1474476226358202101,187,1474476226359465027,gps_origin,-67.9121955001,-68.1671259137,0.0,0.0,0.0,0.0,0.0,0.555,0.0,0.0,0.0,0.0,0.0,0.0,0.555,0.0,0.0,0.0,0.0,0.0,0.0,0.0,0.0,0.0,0.0,0.0,0.0,0.0,0.0,0.0,0.0,0.0,0.0,0.0,0.0,0.0,0.0,0.0,0.0,0.0,0.0,0.0,0.0
1474476227337787684,188,1474476227344932359,gps_origin,-67.7271465592,-68.3100322897,0.0,0.0,0.0,0.0,0.0,0.555,0.0,0.0,0.0,0.0,0.0,0.0,0.555,0.0,0.0,0.0,0.0,0.0,0.0,0.0,0.0,0.0,0.0,0.0,0.0,0.0,0.0,0.0,0.0,0.0,0.0,0.0,0.0,0.0,0.0,0.0,0.0,0.0,0.0,0.0,0.0
1474476228360318228,189,1474476228361933693,gps_origin,-67.9121942365,-68.3100339338,0.0,0.0,0.0,0.0,0.0,0.5,0.0,0.0,0.0,0.0,0.0,0.0,0.5,0.0,0.0,0.0,0.0,0.0,0.0,0.0,0.0,0.0,0.0,0.0,0.0,0.0,0.0,0.0,0.0,0.0,0.0,0.0,0.0,0.0,0.0,0.0,0.0,0.0,0.0,0.0,0.0
1474476229341531466,190,1474476229345116505,gps_origin,-67.9121942365,-68.3100339338,0.0,0.0,0.0,0.0,0.0,0.5,0.0,0.0,0.0,0.0,0.0,0.0,0.5,0.0,0.0,0.0,0.0,0.0,0.0,0.0,0.0,0.0,0.0,0.0,0.0,0.0,0.0,0.0,0.0,0.0,0.0,0.0,0.0,0.0,0.0,0.0,0.0,0.0,0.0,0.0,0.0
1474476229341531466,70,1474476229345116505,gps_origin,-67.9121942365,-68.3100339338,0.0,0.0,0.0,0.0,0.0,0.5,0.0,0.0,0.0,0.0,0.0,0.0,0.5,0.0,0.0,0.0,0.0,0.0,0.0,0.0,0.0,0.0,0.0,0.0,0.0,0.0,0.0,0.0,0.0,0.0,0.0,0.0,0.0,0.0,0.0,0.0,0.0,0.0,0.0,0.0,0.0
1474476230357924394,191,1474476230360062854,gps_origin,-67.9121942365,-68.3100339338,0.0,0.0,0.0,0.0,0.0,0.555,0.0,0.0,0.0,0.0,0.0,0.0,0.555,0.0,0.0,0.0,0.0,0.0,0.0,0.0,0.0,0.0,0.0,0.0,0.0,0.0,0.0,0.0,0.0,0.0,0.0,0.0,0.0,0.0,0.0,0.0,0.0,0.0,0.0,0.0,0.0
1474476230357924394,71,1474476230360062854,gps_origin,-67.9121942365,-68.3100339338,0.0,0.0,0.0,0.0,0.0,0.555,0.0,0.0,0.0,0.0,0.0,0.0,0.555,0.0,0.0,0.0,0.0,0.0,0.0,0.0,0.0,0.0,0.0,0.0,0.0,0.0,0.0,0.0,0.0,0.0,0.0,0.0,0.0,0.0,0.0,0.0,0.0,0.0,0.0,0.0,0.0
1474476231349474738,192,1474476231352258998,gps_origin,-67.9121942365,-68.3100339338,0.0,0.0,0.0,0.0,0.0,0.555,0.0,0.0,0.0,0.0,0.0,0.0,0.555,0.0,0.0,0.0,0.0,0.0,0.0,0.0,0.0,0.0,0.0,0.0,0.0,0.0,0.0,0.0,0.0,0.0,0.0,0.0,0.0,0.0,0.0,0.0,0.0,0.0,0.0,0.0,0.0
1474476231349474738,72,1474476231352258998,gps_origin,-67.9121942365,-68.3100339338,0.0,0.0,0.0,0.0,0.0,0.555,0.0,0.0,0.0,0.0,0.0,0.0,0.555,0.0,0.0,0.0,0.0,0.0,0.0,0.0,0.0,0.0,0.0,0.0,0.0,0.0,0.0,0.0,0.0,0.0,0.0,0.0,0.0,0.0,0.0,0.0,0.0,0.0,0.0,0.0,0.0
1474476232357186734,193,1474476232358854979,gps_origin,-67.9121942365,-68.3100339338,0.0,0.0,0.0,0.0,0.0,0.5,0.0,0.0,0.0,0.0,0.0,0.0,0.5,0.0,0.0,0.0,0.0,0.0,0.0,0.0,0.0,0.0,0.0,0.0,0.0,0.0,0.0,0.0,0.0,0.0,0.0,0.0,0.0,0.0,0.0,0.0,0.0,0.0,0.0,0.0,0.0
1474476232357186734,73,1474476232358854979,gps_origin,-67.9121942365,-68.3100339338,0.0,0.0,0.0,0.0,0.0,0.5,0.0,0.0,0.0,0.0,0.0,0.0,0.5,0.0,0.0,0.0,0.0,0.0,0.0,0.0,0.0,0.0,0.0,0.0,0.0,0.0,0.0,0.0,0.0,0.0,0.0,0.0,0.0,0.0,0.0,0.0,0.0,0.0,0.0,0.0,0.0
1474476233348344518,194,1474476233353059216,gps_origin,-67.9121942365,-68.3100339338,0.0,0.0,0.0,0.0,0.0,0.5,0.0,0.0,0.0,0.0,0.0,0.0,0.5,0.0,0.0,0.0,0.0,0.0,0.0,0.0,0.0,0.0,0.0,0.0,0.0,0.0,0.0,0.0,0.0,0.0,0.0,0.0,0.0,0.0,0.0,0.0,0.0,0.0,0.0,0.0,0.0
1474476233348344518,74,1474476233353059216,gps_origin,-67.9121942365,-68.3100339338,0.0,0.0,0.0,0.0,0.0,0.5,0.0,0.0,0.0,0.0,0.0,0.0,0.5,0.0,0.0,0.0,0.0,0.0,0.0,0.0,0.0,0.0,0.0,0.0,0.0,0.0,0.0,0.0,0.0,0.0,0.0,0.0,0.0,0.0,0.0,0.0,0.0,0.0,0.0,0.0,0.0
1474476234360831981,195,1474476234363119280,gps_origin,-67.9121942365,-68.3100339338,0.0,0.0,0.0,0.0,0.0,0.5,0.0,0.0,0.0,0.0,0.0,0.0,0.5,0.0,0.0,0.0,0.0,0.0,0.0,0.0,0.0,0.0,0.0,0.0,0.0,0.0,0.0,0.0,0.0,0.0,0.0,0.0,0.0,0.0,0.0,0.0,0.0,0.0,0.0,0.0,0.0
1474476234360831981,75,1474476234363119280,gps_origin,-67.9121942365,-68.3100339338,0.0,0.0,0.0,0.0,0.0,0.5,0.0,0.0,0.0,0.0,0.0,0.0,0.5,0.0,0.0,0.0,0.0,0.0,0.0,0.0,0.0,0.0,0.0,0.0,0.0,0.0,0.0,0.0,0.0,0.0,0.0,0.0,0.0,0.0,0.0,0.0,0.0,0.0,0.0,0.0,0.0
1474476235348688982,196,1474476235353112938,gps_origin,-67.9121942365,-68.3100339338,0.0,0.0,0.0,0.0,0.0,0.5,0.0,0.0,0.0,0.0,0.0,0.0,0.5,0.0,0.0,0.0,0.0,0.0,0.0,0.0,0.0,0.0,0.0,0.0,0.0,0.0,0.0,0.0,0.0,0.0,0.0,0.0,0.0,0.0,0.0,0.0,0.0,0.0,0.0,0.0,0.0
1474476235348688982,76,1474476235353112938,gps_origin,-67.9121942365,-68.3100339338,0.0,0.0,0.0,0.0,0.0,0.5,0.0,0.0,0.0,0.0,0.0,0.0,0.5,0.0,0.0,0.0,0.0,0.0,0.0,0.0,0.0,0.0,0.0,0.0,0.0,0.0,0.0,0.0,0.0,0.0,0.0,0.0,0.0,0.0,0.0,0.0,0.0,0.0,0.0,0.0,0.0
1474476236358457453,197,1474476236362020783,gps_origin,-67.9121942365,-68.3100339338,0.0,0.0,0.0,0.0,0.0,0.5,0.0,0.0,0.0,0.0,0.0,0.0,0.5,0.0,0.0,0.0,0.0,0.0,0.0,0.0,0.0,0.0,0.0,0.0,0.0,0.0,0.0,0.0,0.0,0.0,0.0,0.0,0.0,0.0,0.0,0.0,0.0,0.0,0.0,0.0,0.0
1474476236358457453,77,1474476236362020783,gps_origin,-67.9121942365,-68.3100339338,0.0,0.0,0.0,0.0,0.0,0.5,0.0,0.0,0.0,0.0,0.0,0.0,0.5,0.0,0.0,0.0,0.0,0.0,0.0,0.0,0.0,0.0,0.0,0.0,0.0,0.0,0.0,0.0,0.0,0.0,0.0,0.0,0.0,0.0,0.0,0.0,0.0,0.0,0.0,0.0,0.0
1474476237345554683,198,1474476237353357516,gps_origin,-67.9121942365,-68.3100339338,0.0,0.0,0.0,0.0,0.0,0.5,0.0,0.0,0.0,0.0,0.0,0.0,0.5,0.0,0.0,0.0,0.0,0.0,0.0,0.0,0.0,0.0,0.0,0.0,0.0,0.0,0.0,0.0,0.0,0.0,0.0,0.0,0.0,0.0,0.0,0.0,0.0,0.0,0.0,0.0,0.0
1474476237345554683,78,1474476237353357516,gps_origin,-67.9121942365,-68.3100339338,0.0,0.0,0.0,0.0,0.0,0.5,0.0,0.0,0.0,0.0,0.0,0.0,0.5,0.0,0.0,0.0,0.0,0.0,0.0,0.0,0.0,0.0,0.0,0.0,0.0,0.0,0.0,0.0,0.0,0.0,0.0,0.0,0.0,0.0,0.0,0.0,0.0,0.0,0.0,0.0,0.0
1474476238359093202,199,1474476238361468441,gps_origin,-68.0972419161,-68.310035578,0.0,0.0,0.0,0.0,0.0,0.5,0.0,0.0,0.0,0.0,0.0,0.0,0.5,0.0,0.0,0.0,0.0,0.0,0.0,0.0,0.0,0.0,0.0,0.0,0.0,0.0,0.0,0.0,0.0,0.0,0.0,0.0,0.0,0.0,0.0,0.0,0.0,0.0,0.0,0.0,0.0
1474476239351379639,200,1474476239353869252,gps_origin,-68.0972406506,-68.4529436015,0.0,0.0,0.0,0.0,0.0,0.5,0.0,0.0,0.0,0.0,0.0,0.0,0.5,0.0,0.0,0.0,0.0,0.0,0.0,0.0,0.0,0.0,0.0,0.0,0.0,0.0,0.0,0.0,0.0,0.0,0.0,0.0,0.0,0.0,0.0,0.0,0.0,0.0,0.0,0.0,0.0
1474476239351379639,79,1474476239353869252,gps_origin,-68.0972406506,-68.4529436015,0.0,0.0,0.0,0.0,0.0,0.5,0.0,0.0,0.0,0.0,0.0,0.0,0.5,0.0,0.0,0.0,0.0,0.0,0.0,0.0,0.0,0.0,0.0,0.0,0.0,0.0,0.0,0.0,0.0,0.0,0.0,0.0,0.0,0.0,0.0,0.0,0.0,0.0,0.0,0.0,0.0
1474476240338236632,201,1474476240345292702,gps_origin,-68.0972406506,-68.4529436015,0.0,0.0,0.0,0.0,0.0,0.555,0.0,0.0,0.0,0.0,0.0,0.0,0.555,0.0,0.0,0.0,0.0,0.0,0.0,0.0,0.0,0.0,0.0,0.0,0.0,0.0,0.0,0.0,0.0,0.0,0.0,0.0,0.0,0.0,0.0,0.0,0.0,0.0,0.0,0.0,0.0
1474476241354065788,202,1474476241361826501,gps_origin,-68.0972406506,-68.4529436015,0.0,0.0,0.0,0.0,0.0,0.5,0.0,0.0,0.0,0.0,0.0,0.0,0.5,0.0,0.0,0.0,0.0,0.0,0.0,0.0,0.0,0.0,0.0,0.0,0.0,0.0,0.0,0.0,0.0,0.0,0.0,0.0,0.0,0.0,0.0,0.0,0.0,0.0,0.0,0.0,0.0
1474476241354065788,80,1474476241361826501,gps_origin,-68.0972406506,-68.4529436015,0.0,0.0,0.0,0.0,0.0,0.5,0.0,0.0,0.0,0.0,0.0,0.0,0.5,0.0,0.0,0.0,0.0,0.0,0.0,0.0,0.0,0.0,0.0,0.0,0.0,0.0,0.0,0.0,0.0,0.0,0.0,0.0,0.0,0.0,0.0,0.0,0.0,0.0,0.0,0.0,0.0
1474476242358413635,203,1474476242358572922,gps_origin,-68.0972419161,-68.310035578,0.0,0.0,0.0,0.0,0.0,0.5,0.0,0.0,0.0,0.0,0.0,0.0,0.5,0.0,0.0,0.0,0.0,0.0,0.0,0.0,0.0,0.0,0.0,0.0,0.0,0.0,0.0,0.0,0.0,0.0,0.0,0.0,0.0,0.0,0.0,0.0,0.0,0.0,0.0,0.0,0.0
1474476243346311868,204,1474476243351689794,gps_origin,-68.0972406506,-68.4529436015,0.0,0.0,0.0,0.0,0.0,0.5,0.0,0.0,0.0,0.0,0.0,0.0,0.5,0.0,0.0,0.0,0.0,0.0,0.0,0.0,0.0,0.0,0.0,0.0,0.0,0.0,0.0,0.0,0.0,0.0,0.0,0.0,0.0,0.0,0.0,0.0,0.0,0.0,0.0,0.0,0.0
1474476244352496676,205,1474476244357891004,gps_origin,-68.2822883283,-68.4529452491,0.0,0.0,0.0,0.0,0.0,0.555,0.0,0.0,0.0,0.0,0.0,0.0,0.555,0.0,0.0,0.0,0.0,0.0,0.0,0.0,0.0,0.0,0.0,0.0,0.0,0.0,0.0,0.0,0.0,0.0,0.0,0.0,0.0,0.0,0.0,0.0,0.0,0.0,0.0,0.0,0.0
1474476244352496676,81,1474476244357891004,gps_origin,-68.2822883283,-68.4529452491,0.0,0.0,0.0,0.0,0.0,0.555,0.0,0.0,0.0,0.0,0.0,0.0,0.555,0.0,0.0,0.0,0.0,0.0,0.0,0.0,0.0,0.0,0.0,0.0,0.0,0.0,0.0,0.0,0.0,0.0,0.0,0.0,0.0,0.0,0.0,0.0,0.0,0.0,0.0,0.0,0.0
1474476245346318754,206,1474476245352673351,gps_origin,-68.2822883283,-68.4529452491,0.0,0.0,0.0,0.0,0.0,0.5,0.0,0.0,0.0,0.0,0.0,0.0,0.5,0.0,0.0,0.0,0.0,0.0,0.0,0.0,0.0,0.0,0.0,0.0,0.0,0.0,0.0,0.0,0.0,0.0,0.0,0.0,0.0,0.0,0.0,0.0,0.0,0.0,0.0,0.0,0.0
1474476246347086555,207,1474476246353545086,gps_origin,-68.2822883283,-68.4529452491,0.0,0.0,0.0,0.0,0.0,0.5,0.0,0.0,0.0,0.0,0.0,0.0,0.5,0.0,0.0,0.0,0.0,0.0,0.0,0.0,0.0,0.0,0.0,0.0,0.0,0.0,0.0,0.0,0.0,0.0,0.0,0.0,0.0,0.0,0.0,0.0,0.0,0.0,0.0,0.0,0.0
1474476247345920095,208,1474476247350165288,gps_origin,-68.2822883283,-68.4529452491,0.0,0.0,0.0,0.0,0.0,0.5,0.0,0.0,0.0,0.0,0.0,0.0,0.5,0.0,0.0,0.0,0.0,0.0,0.0,0.0,0.0,0.0,0.0,0.0,0.0,0.0,0.0,0.0,0.0,0.0,0.0,0.0,0.0,0.0,0.0,0.0,0.0,0.0,0.0,0.0,0.0
1474476248348755498,209,1474476248357030999,gps_origin,-68.2822883283,-68.4529452491,0.0,0.0,0.0,0.0,0.0,0.5,0.0,0.0,0.0,0.0,0.0,0.0,0.5,0.0,0.0,0.0,0.0,0.0,0.0,0.0,0.0,0.0,0.0,0.0,0.0,0.0,0.0,0.0,0.0,0.0,0.0,0.0,0.0,0.0,0.0,0.0,0.0,0.0,0.0,0.0,0.0
1474476249344067777,210,1474476249352172272,gps_origin,-68.2822883283,-68.4529452491,0.0,0.0,0.0,0.0,0.0,0.5,0.0,0.0,0.0,0.0,0.0,0.0,0.5,0.0,0.0,0.0,0.0,0.0,0.0,0.0,0.0,0.0,0.0,0.0,0.0,0.0,0.0,0.0,0.0,0.0,0.0,0.0,0.0,0.0,0.0,0.0,0.0,0.0,0.0,0.0,0.0
1474476249344067777,82,1474476249352172272,gps_origin,-68.2822883283,-68.4529452491,0.0,0.0,0.0,0.0,0.0,0.5,0.0,0.0,0.0,0.0,0.0,0.0,0.5,0.0,0.0,0.0,0.0,0.0,0.0,0.0,0.0,0.0,0.0,0.0,0.0,0.0,0.0,0.0,0.0,0.0,0.0,0.0,0.0,0.0,0.0,0.0,0.0,0.0,0.0,0.0,0.0
1474476250348608980,211,1474476250353363554,gps_origin,-68.2822883283,-68.4529452491,0.0,0.0,0.0,0.0,0.0,0.5,0.0,0.0,0.0,0.0,0.0,0.0,0.5,0.0,0.0,0.0,0.0,0.0,0.0,0.0,0.0,0.0,0.0,0.0,0.0,0.0,0.0,0.0,0.0,0.0,0.0,0.0,0.0,0.0,0.0,0.0,0.0,0.0,0.0,0.0,0.0
1474476251351387556,212,1474476251351739562,gps_origin,-68.2822870597,-68.5958532762,0.0,0.0,0.0,0.0,0.0,0.5,0.0,0.0,0.0,0.0,0.0,0.0,0.5,0.0,0.0,0.0,0.0,0.0,0.0,0.0,0.0,0.0,0.0,0.0,0.0,0.0,0.0,0.0,0.0,0.0,0.0,0.0,0.0,0.0,0.0,0.0,0.0,0.0,0.0,0.0,0.0
1474476251351387556,83,1474476251351739562,gps_origin,-68.2822870597,-68.5958532762,0.0,0.0,0.0,0.0,0.0,0.5,0.0,0.0,0.0,0.0,0.0,0.0,0.5,0.0,0.0,0.0,0.0,0.0,0.0,0.0,0.0,0.0,0.0,0.0,0.0,0.0,0.0,0.0,0.0,0.0,0.0,0.0,0.0,0.0,0.0,0.0,0.0,0.0,0.0,0.0,0.0
1474476252358495716,213,1474476252362340530,gps_origin,-68.2822870597,-68.5958532762,0.0,0.0,0.0,0.0,0.0,0.5,0.0,0.0,0.0,0.0,0.0,0.0,0.5,0.0,0.0,0.0,0.0,0.0,0.0,0.0,0.0,0.0,0.0,0.0,0.0,0.0,0.0,0.0,0.0,0.0,0.0,0.0,0.0,0.0,0.0,0.0,0.0,0.0,0.0,0.0,0.0
1474476253340180008,214,1474476253344365080,gps_origin,-68.2822870597,-68.5958532762,0.0,0.0,0.0,0.0,0.0,0.5,0.0,0.0,0.0,0.0,0.0,0.0,0.5,0.0,0.0,0.0,0.0,0.0,0.0,0.0,0.0,0.0,0.0,0.0,0.0,0.0,0.0,0.0,0.0,0.0,0.0,0.0,0.0,0.0,0.0,0.0,0.0,0.0,0.0,0.0,0.0
1474476254362983625,215,1474476254364390607,gps_origin,-68.2822870597,-68.5958532762,0.0,0.0,0.0,0.0,0.0,0.5,0.0,0.0,0.0,0.0,0.0,0.0,0.5,0.0,0.0,0.0,0.0,0.0,0.0,0.0,0.0,0.0,0.0,0.0,0.0,0.0,0.0,0.0,0.0,0.0,0.0,0.0,0.0,0.0,0.0,0.0,0.0,0.0,0.0,0.0,0.0
1474476255354528713,216,1474476255360667867,gps_origin,-68.2822870597,-68.5958532762,0.0,0.0,0.0,0.0,0.0,0.5,0.0,0.0,0.0,0.0,0.0,0.0,0.5,0.0,0.0,0.0,0.0,0.0,0.0,0.0,0.0,0.0,0.0,0.0,0.0,0.0,0.0,0.0,0.0,0.0,0.0,0.0,0.0,0.0,0.0,0.0,0.0,0.0,0.0,0.0,0.0
1474476255354528713,84,1474476255360667867,gps_origin,-68.2822870597,-68.5958532762,0.0,0.0,0.0,0.0,0.0,0.5,0.0,0.0,0.0,0.0,0.0,0.0,0.5,0.0,0.0,0.0,0.0,0.0,0.0,0.0,0.0,0.0,0.0,0.0,0.0,0.0,0.0,0.0,0.0,0.0,0.0,0.0,0.0,0.0,0.0,0.0,0.0,0.0,0.0,0.0,0.0
1474476256358584030,217,1474476256359808512,gps_origin,-68.2822870597,-68.5958532762,0.0,0.0,0.0,0.0,0.0,0.555,0.0,0.0,0.0,0.0,0.0,0.0,0.555,0.0,0.0,0.0,0.0,0.0,0.0,0.0,0.0,0.0,0.0,0.0,0.0,0.0,0.0,0.0,0.0,0.0,0.0,0.0,0.0,0.0,0.0,0.0,0.0,0.0,0.0,0.0,0.0
1474476256358584030,85,1474476256359808512,gps_origin,-68.2822870597,-68.5958532762,0.0,0.0,0.0,0.0,0.0,0.555,0.0,0.0,0.0,0.0,0.0,0.0,0.555,0.0,0.0,0.0,0.0,0.0,0.0,0.0,0.0,0.0,0.0,0.0,0.0,0.0,0.0,0.0,0.0,0.0,0.0,0.0,0.0,0.0,0.0,0.0,0.0,0.0,0.0,0.0,0.0
1474476257345482039,218,1474476257348117160,gps_origin,-68.2822870597,-68.5958532762,0.0,0.0,0.0,0.0,0.0,0.555,0.0,0.0,0.0,0.0,0.0,0.0,0.555,0.0,0.0,0.0,0.0,0.0,0.0,0.0,0.0,0.0,0.0,0.0,0.0,0.0,0.0,0.0,0.0,0.0,0.0,0.0,0.0,0.0,0.0,0.0,0.0,0.0,0.0,0.0,0.0
1474476258350592440,219,1474476258361343764,gps_origin,-68.2822870597,-68.5958532762,0.0,0.0,0.0,0.0,0.0,0.5,0.0,0.0,0.0,0.0,0.0,0.0,0.5,0.0,0.0,0.0,0.0,0.0,0.0,0.0,0.0,0.0,0.0,0.0,0.0,0.0,0.0,0.0,0.0,0.0,0.0,0.0,0.0,0.0,0.0,0.0,0.0,0.0,0.0,0.0,0.0
1474476259347427410,220,1474476259349716167,gps_origin,-68.2822857881,-68.7387613033,0.0,0.0,0.0,0.0,0.0,0.5,0.0,0.0,0.0,0.0,0.0,0.0,0.5,0.0,0.0,0.0,0.0,0.0,0.0,0.0,0.0,0.0,0.0,0.0,0.0,0.0,0.0,0.0,0.0,0.0,0.0,0.0,0.0,0.0,0.0,0.0,0.0,0.0,0.0,0.0,0.0
1474476259347427410,86,1474476259349716167,gps_origin,-68.2822857881,-68.7387613033,0.0,0.0,0.0,0.0,0.0,0.5,0.0,0.0,0.0,0.0,0.0,0.0,0.5,0.0,0.0,0.0,0.0,0.0,0.0,0.0,0.0,0.0,0.0,0.0,0.0,0.0,0.0,0.0,0.0,0.0,0.0,0.0,0.0,0.0,0.0,0.0,0.0,0.0,0.0,0.0,0.0
1474476260361810600,221,1474476260362479531,gps_origin,-68.2822857881,-68.7387613033,0.0,0.0,0.0,0.0,0.0,0.5,0.0,0.0,0.0,0.0,0.0,0.0,0.5,0.0,0.0,0.0,0.0,0.0,0.0,0.0,0.0,0.0,0.0,0.0,0.0,0.0,0.0,0.0,0.0,0.0,0.0,0.0,0.0,0.0,0.0,0.0,0.0,0.0,0.0,0.0,0.0
1474476261340097432,222,1474476261344687112,gps_origin,-68.2822857881,-68.7387613033,0.0,0.0,0.0,0.0,0.0,0.555,0.0,0.0,0.0,0.0,0.0,0.0,0.555,0.0,0.0,0.0,0.0,0.0,0.0,0.0,0.0,0.0,0.0,0.0,0.0,0.0,0.0,0.0,0.0,0.0,0.0,0.0,0.0,0.0,0.0,0.0,0.0,0.0,0.0,0.0,0.0
1474476261340097432,87,1474476261344687112,gps_origin,-68.2822857881,-68.7387613033,0.0,0.0,0.0,0.0,0.0,0.555,0.0,0.0,0.0,0.0,0.0,0.0,0.555,0.0,0.0,0.0,0.0,0.0,0.0,0.0,0.0,0.0,0.0,0.0,0.0,0.0,0.0,0.0,0.0,0.0,0.0,0.0,0.0,0.0,0.0,0.0,0.0,0.0,0.0,0.0,0.0
1474476262348660848,223,1474476262356254087,gps_origin,-68.2822857881,-68.7387613033,0.0,0.0,0.0,0.0,0.0,0.5,0.0,0.0,0.0,0.0,0.0,0.0,0.5,0.0,0.0,0.0,0.0,0.0,0.0,0.0,0.0,0.0,0.0,0.0,0.0,0.0,0.0,0.0,0.0,0.0,0.0,0.0,0.0,0.0,0.0,0.0,0.0,0.0,0.0,0.0,0.0
1474476263347119504,224,1474476263350012107,gps_origin,-68.2822857881,-68.7387613033,0.0,0.0,0.0,0.0,0.0,0.5,0.0,0.0,0.0,0.0,0.0,0.0,0.5,0.0,0.0,0.0,0.0,0.0,0.0,0.0,0.0,0.0,0.0,0.0,0.0,0.0,0.0,0.0,0.0,0.0,0.0,0.0,0.0,0.0,0.0,0.0,0.0,0.0,0.0,0.0,0.0
1474476264355568757,225,1474476264361096096,gps_origin,-68.2822857881,-68.7387613033,0.0,0.0,0.0,0.0,0.0,0.555,0.0,0.0,0.0,0.0,0.0,0.0,0.555,0.0,0.0,0.0,0.0,0.0,0.0,0.0,0.0,0.0,0.0,0.0,0.0,0.0,0.0,0.0,0.0,0.0,0.0,0.0,0.0,0.0,0.0,0.0,0.0,0.0,0.0,0.0,0.0
1474476265344733292,226,1474476265346903981,gps_origin,-68.2822857881,-68.7387613033,0.0,0.0,0.0,0.0,0.0,0.555,0.0,0.0,0.0,0.0,0.0,0.0,0.555,0.0,0.0,0.0,0.0,0.0,0.0,0.0,0.0,0.0,0.0,0.0,0.0,0.0,0.0,0.0,0.0,0.0,0.0,0.0,0.0,0.0,0.0,0.0,0.0,0.0,0.0,0.0,0.0
1474476266357507608,227,1474476266366221116,gps_origin,-68.2822857881,-68.7387613033,0.0,0.0,0.0,0.0,0.0,0.5,0.0,0.0,0.0,0.0,0.0,0.0,0.5,0.0,0.0,0.0,0.0,0.0,0.0,0.0,0.0,0.0,0.0,0.0,0.0,0.0,0.0,0.0,0.0,0.0,0.0,0.0,0.0,0.0,0.0,0.0,0.0,0.0,0.0,0.0,0.0
1474476266357507608,88,1474476266366221116,gps_origin,-68.2822857881,-68.7387613033,0.0,0.0,0.0,0.0,0.0,0.5,0.0,0.0,0.0,0.0,0.0,0.0,0.5,0.0,0.0,0.0,0.0,0.0,0.0,0.0,0.0,0.0,0.0,0.0,0.0,0.0,0.0,0.0,0.0,0.0,0.0,0.0,0.0,0.0,0.0,0.0,0.0,0.0,0.0,0.0,0.0
1474476267352931238,228,1474476267359455632,gps_origin,-68.2822857881,-68.7387613033,0.0,0.0,0.0,0.0,0.0,0.555,0.0,0.0,0.0,0.0,0.0,0.0,0.555,0.0,0.0,0.0,0.0,0.0,0.0,0.0,0.0,0.0,0.0,0.0,0.0,0.0,0.0,0.0,0.0,0.0,0.0,0.0,0.0,0.0,0.0,0.0,0.0,0.0,0.0,0.0,0.0
1474476268347515687,229,1474476268344399853,gps_origin,-68.2822857881,-68.7387613033,0.0,0.0,0.0,0.0,0.0,0.5,0.0,0.0,0.0,0.0,0.0,0.0,0.5,0.0,0.0,0.0,0.0,0.0,0.0,0.0,0.0,0.0,0.0,0.0,0.0,0.0,0.0,0.0,0.0,0.0,0.0,0.0,0.0,0.0,0.0,0.0,0.0,0.0,0.0,0.0,0.0
1474476269347607394,230,1474476269355140993,gps_origin,-68.2822857881,-68.7387613033,0.0,0.0,0.0,0.0,0.0,0.5,0.0,0.0,0.0,0.0,0.0,0.0,0.5,0.0,0.0,0.0,0.0,0.0,0.0,0.0,0.0,0.0,0.0,0.0,0.0,0.0,0.0,0.0,0.0,0.0,0.0,0.0,0.0,0.0,0.0,0.0,0.0,0.0,0.0,0.0,0.0
1474476269357670058,89,1474476269355140993,gps_origin,-68.2822857881,-68.7387613033,0.0,0.0,0.0,0.0,0.0,0.5,0.0,0.0,0.0,0.0,0.0,0.0,0.5,0.0,0.0,0.0,0.0,0.0,0.0,0.0,0.0,0.0,0.0,0.0,0.0,0.0,0.0,0.0,0.0,0.0,0.0,0.0,0.0,0.0,0.0,0.0,0.0,0.0,0.0,0.0,0.0
1474476270358907903,231,1474476270358527435,gps_origin,-68.2822857881,-68.7387613033,0.0,0.0,0.0,0.0,0.0,0.5,0.0,0.0,0.0,0.0,0.0,0.0,0.5,0.0,0.0,0.0,0.0,0.0,0.0,0.0,0.0,0.0,0.0,0.0,0.0,0.0,0.0,0.0,0.0,0.0,0.0,0.0,0.0,0.0,0.0,0.0,0.0,0.0,0.0,0.0,0.0
1474476270358907903,90,1474476270358527435,gps_origin,-68.2822857881,-68.7387613033,0.0,0.0,0.0,0.0,0.0,0.5,0.0,0.0,0.0,0.0,0.0,0.0,0.5,0.0,0.0,0.0,0.0,0.0,0.0,0.0,0.0,0.0,0.0,0.0,0.0,0.0,0.0,0.0,0.0,0.0,0.0,0.0,0.0,0.0,0.0,0.0,0.0,0.0,0.0,0.0,0.0
1474476271341327708,232,1474476271343032552,gps_origin,-68.2822857881,-68.7387613033,0.0,0.0,0.0,0.0,0.0,0.555,0.0,0.0,0.0,0.0,0.0,0.0,0.555,0.0,0.0,0.0,0.0,0.0,0.0,0.0,0.0,0.0,0.0,0.0,0.0,0.0,0.0,0.0,0.0,0.0,0.0,0.0,0.0,0.0,0.0,0.0,0.0,0.0,0.0,0.0,0.0
