%time,field.header.seq,field.header.stamp,field.header.frame_id,field.measurement_time,field.remote_address,field.X,field.Y,field.Z,field.N,field.E,field.U,field.roll,field.pitch,field.yaw,field.propagation_time,field.rssi,field.integrity,field.accuracy
1474475454545913714,189,1474475454146218061,usbl,0.0,2,-4.52110004425,7.77960014343,2.35089993477,-8.57349967957,2.65720009804,2.43390011787,0.0227000005543,-0.0204000007361,2.9077000618,6200.0,-49.0,157.0,0.1386000067
1474475464442413503,190,1474475464070992946,usbl,0.0,2,-5.50199985504,7.0437002182,2.02080011368,-8.431599617,2.81220006943,2.22930002213,0.0454000011086,-0.0197000000626,2.78959989548,6109.0,-67.0,143.0,0.14390000701
1474475497044476797,191,1474475496612286090,usbl,0.0,2,-12.1624002457,2.0232000351,1.25290000439,-4.8435997963,11.3357000351,1.27639997005,0.0931999981403,-0.0131000000983,2.89240002632,8262.0,-30.0,236.0,0.165500000119
1474475499244890416,192,1474475498851809978,usbl,0.0,2,-12.7853002548,0.878000020981,1.16779994965,-4.56370019913,11.984000206,1.07439994812,0.061400000006,-0.0113000003621,2.84050011635,8579.0,-32.0,242.0,0.161599993706
1474475500646937283,193,1474475500273785114,usbl,0.0,2,-12.7285995483,2.46510004997,0.700800001621,-4.51779985428,12.1571998596,0.612699985504,0.0156999994069,-0.00989999994636,2.97609996796,8656.0,-42.0,190.0,0.160099998116
1474475502042893801,194,1474475501692287921,usbl,0.0,2,-12.9560003281,1.45690000057,-0.492500007153,-4.84130001068,12.1154003143,-0.0458000004292,0.0239000003785,0.0318000018597,2.87420010567,8698.0,-41.0,166.0,0.160799995065
1474475503643279803,195,1474475503244626998,usbl,0.0,2,-13.1157999039,0.720399975777,0.522599995136,-4.62379980087,12.2917003632,0.592800021172,0.0709000006318,0.00159999995958,2.83369994164,8764.0,-37.0,207.0,0.156200006604
1474475505043254469,196,1474475504683374881,usbl,0.0,2,-13.232000351,1.71239995956,-0.351099997759,-4.53669977188,12.5522003174,0.0597999989986,0.0441999994218,0.0252999998629,2.92449998856,8898.0,-36.0,178.0,0.157100006938
1474475507536382641,197,1474475507132894039,usbl,0.0,2,-13.6347999573,0.87809997797,0.106600001454,-4.353099823,12.9509000778,0.127599999309,0.0485000014305,-0.00159999995958,2.88120007515,9109.0,-35.0,152.0,0.147599995136
1474475508941538707,198,1474475508544452905,usbl,0.0,2,-13.7396001816,-0.672800004482,-0.114699997008,-4.53020000458,12.9857997894,-0.294600009918,0.0465999990702,-0.0108000002801,2.75740003586,9171.0,-34.0,149.0,0.147499993443
1474475510341114809,199,1474475509989365100,usbl,0.0,2,-13.9419002533,0.0803999975324,-0.097999997437,-4.43730020523,13.2133998871,-0.33140000701,0.0311999991536,-0.0168999992311,2.82360005379,9295.0,-34.0,168.0,0.134100005031
1474475511641082987,200,1474475511293963909,usbl,0.0,2,-14.0482997894,0.129199996591,-0.0636999979615,-4.16099977493,13.4181995392,0.104500003159,0.0482000000775,0.0115000000224,2.85030007362,9366.0,-34.0,163.0,0.133000001311
1474475513140786583,201,1474475512728149890,usbl,0.0,2,-14.0778999329,0.0384000018239,-0.912400007248,-3.87739992142,13.5609998703,-0.293300002813,0.105800002813,0.043299999088,2.87260007858,9405.0,-35.0,162.0,0.120700001717
1474475515446415624,202,1474475515077423095,usbl,0.0,2,-14.4056997299,0.165299996734,-0.444099992514,-3.83859992027,13.8919000626,-0.168099999428,0.0395999997854,0.0186999998987,2.88470005989,9609.0,-34.0,160.0,0.111500002444
1474475516948084545,203,1474475516521152019,usbl,0.0,2,-14.4896001816,-0.174199998379,-0.154200002551,-3.98270010948,13.9335002899,0.0149999996647,0.001200000057,0.0116999996826,2.85120010376,9661.0,-34.0,201.0,0.0983999967575
1474475518244419196,204,1474475517857686996,usbl,0.0,2,-14.5670995712,-0.0697000026703,-0.254799991846,-3.87870001793,14.0417995453,-0.229100003839,0.0355999991298,0.00190000003204,2.86789989471,9713.0,-35.0,166.0,0.0851000025868
1474475519639680348,205,1474475519283020019,usbl,0.0,2,-14.7374000549,0.00150000001304,-0.040300000459,-3.58879995346,14.2889995575,-0.374399989843,0.0833000019193,-0.0227000005543,2.89590001106,9825.0,-34.0,166.0,0.0803000032902
1474475521043685931,206,1474475520651041030,usbl,0.0,2,-14.7391004562,0.589500010014,-0.0623000003397,-3.66400003433,14.2880001068,0.140100002289,0.0986000001431,0.00980000011623,2.93079996109,9834.0,-36.0,153.0,0.076700001955
1474475523136852682,207,1474475522789808034,usbl,0.0,2,-14.7426996231,-1.09430003166,-0.977199971676,-3.65100002289,14.3535995483,-0.37729999423,0.0509999990463,0.0443000011146,2.8220000267,9877.0,-34.0,170.0,0.0886999964714
1474475524643584726,208,1474475524247061967,usbl,0.0,2,-14.9407997131,-0.444000005722,0.0520999990404,-3.34929990768,14.5666999817,-0.145199999213,0.0625,-0.0113000003621,2.88569998741,9965.0,-35.0,160.0,0.0922000035644
1474475526039479254,209,1474475525639681100,usbl,0.0,2,-15.092499733,-0.061700001359,-0.532800018787,-3.2837998867,14.7298002243,-0.565800011158,0.0256999991834,-0.00209999992512,2.91910004616,10068.0,-33.0,158.0,0.0855000019073
1474475527642658371,210,1474475527279735088,usbl,0.0,2,-15.1345996857,0.521899998188,-0.319799989462,-3.28080010414,14.7797002792,-0.479200005531,0.00820000004023,-0.0108000002801,2.9577999115,10098.0,-32.0,220.0,0.083400003612
1474475529033896494,211,1474475528616004943,usbl,0.0,2,-15.1330003738,-0.45269998908,-0.925700008869,-3.21569991112,14.8207998276,-0.269400000572,0.0542999990284,0.0449000000954,2.90140008926,10112.0,-36.0,171.0,0.097000002861
1474475530544317651,212,1474475530142009973,usbl,0.0,2,-14.980799675,-2.47539997101,-0.688199996948,-3.19560003281,14.8453998566,-0.654500007629,0.116400003433,0.021099999547,2.77230000496,10133.0,-33.0,194.0,0.103100001812
1474475531938844129,213,1474475531573973894,usbl,0.0,2,-15.1281003952,-2.45749998093,0.250600010157,-3.48690009117,14.9260997772,-0.122400000691,0.0313999988139,-0.0195000004023,2.75060009956,10219.0,-37.0,168.0,0.1018999964
1474475533241068322,214,1474475532852118015,usbl,0.0,2,-15.3555002213,-0.638199985027,-0.575699985027,-3.17479991913,15.0436000824,-0.37349998951,-0.00190000003204,0.0131000000983,2.89199995995,10253.0,-37.0,163.0,0.104599997401
1474475534544270164,215,1474475534173973083,usbl,0.0,2,-15.102399826,-1.81589996815,-0.984399974346,-3.1466999054,14.9093999863,-0.394600003958,0.061400000006,0.0463000014424,2.81839990616,10162.0,-36.0,158.0,0.131999999285
1474475536041112702,216,1474475535601639032,usbl,0.0,2,-15.3800001144,0.581799983978,0.125200003386,-2.8873000145,15.1148996353,-0.319200009108,0.0766000002623,-0.0318000018597,2.98990011215,10261.0,-34.0,167.0,0.126800000668
1474475538337129876,217,1474475537233838081,usbl,0.0,2,-15.5406999588,-0.549099981785,-0.37729999423,-3.08629989624,15.2342996597,-0.591300010681,0.0397999994457,-0.0124000003561,2.90739989281,10370.0,-35.0,137.0,0.127100005746
1474475539434656513,218,1474475539083528041,usbl,0.0,2,-15.3984003067,-2.15529990196,0.247500002384,-3.24679994583,15.2072000504,-0.127599999309,0.0604000017047,-0.0159000009298,2.79150009155,10367.0,-38.0,181.0,0.131799995899
1474475540839313400,219,1474475540464483022,usbl,0.0,2,-15.6177997589,-0.948000013828,0.213699996471,-3.1398999691,15.32970047,0.0161000005901,0.0443000011146,-0.00989999994636,2.87840008736,10432.0,-38.0,188.0,0.136199995875
1474475542238888850,220,1474475541849622964,usbl,0.0,2,-15.4930000305,-1.20480000973,-1.14660000801,-2.82870006561,15.3156995773,-0.476599991322,0.0688000023365,0.0483000017703,2.88680005074,10388.0,-35.0,162.0,0.131999999285
1474475543636947802,221,1474475543264549970,usbl,0.0,2,-15.5300998688,0.414299994707,-0.56819999218,-2.78250002861,15.2884998322,-0.444499999285,0.042199999094,0.00680000009015,2.98970007896,10364.0,-37.0,186.0,0.13220000267
1474475544935526094,222,1474475544532799005,usbl,0.0,2,-15.6603002548,-0.173199996352,-0.085199996829,-2.55949997902,15.4493999481,-0.219099998474,0.0318000018597,-0.00820000004023,2.96650004387,10441.0,-36.0,169.0,0.127700001001
1474475546536192514,223,1474475546175937891,usbl,0.0,2,-15.5860996246,-2.05520009995,-0.249699994922,-3.2132999897,15.3901996613,-0.16859999299,0.064099997282,0.0136000001803,2.80599999428,10482.0,-35.0,209.0,0.127499997616
1474475547941107894,224,1474475547509445905,usbl,0.0,2,-15.7185001373,-0.824999988079,-0.274199992418,-3.02990007401,15.4383001328,-0.55269998312,0.0284000001848,-0.0162000004202,2.89590001106,10495.0,-35.0,154.0,0.125799998641
1474475549238328712,225,1474475548851661920,usbl,0.0,2,-15.5629997253,-2.65709996223,0.155599996448,-2.85229992867,15.5291996002,0.0239000003785,0.034200001508,-0.00260000000708,2.79060006142,10526.0,-38.0,201.0,0.125300005078
1474475550642399603,226,1474475550280169963,usbl,0.0,2,-15.7222003937,-0.209900006652,-0.410299986601,-2.6617000103,15.5003995895,-0.23109999299,0.0969000011683,0.0126000000164,2.96079993248,10486.0,-34.0,161.0,0.133200004697
1474475552041538838,227,1474475551686234951,usbl,0.0,2,-15.6849002838,-0.881200015545,-1.03919994831,-3.03010010719,15.4223003387,-0.919000029564,0.0615999996662,0.0109999999404,2.89569997787,10496.0,-35.0,181.0,0.122000001371
1474475553733702772,228,1474475553311321973,usbl,0.0,2,-15.6969003677,-1.99070000648,-0.513800024986,-3.06830000877,15.5253000259,-0.413199990988,0.0559000000358,0.0133999995887,2.82240009308,10554.0,-35.0,208.0,0.114200003445
1474475555145447183,229,1474475554760693073,usbl,0.0,2,-15.8380002975,-0.811299979687,0.343899995089,-3.10820007324,15.554599762,0.117100000381,0.0406999997795,-0.0121999997646,2.89240002632,10575.0,-35.0,162.0,0.11289999634
1474475556632921775,230,1474475556281218051,usbl,0.0,2,-15.8425998688,-1.80390000343,0.220100000501,-2.9063000679,15.6789999008,0.11249999702,0.0533999986947,-0.000699999975041,2.84439992905,10631.0,-34.0,184.0,0.114900000393
1474475558838643175,231,1474475557713699102,usbl,0.0,2,-15.7908000946,-2.23620009422,-0.193100005388,-2.72219991684,15.7153997421,0.0421000011265,0.0601999983191,0.0233999993652,2.83039999008,10633.0,-37.0,227.0,0.105400003493
1474475559342611788,232,1474475558942195892,usbl,0.0,2,-15.6492996216,-3.33260011673,0.0957000032067,-2.95460009575,15.7252998352,-0.00240000011399,0.107299998403,0.0165999997407,2.74659991264,10667.0,-37.0,160.0,0.109700001776
1474475560735568843,233,1474475560355421066,usbl,0.0,2,-15.5223999023,-4.29449987411,0.00130000000354,-2.516299963,15.9059000015,-0.24279999733,0.0581000000238,0.000300000014249,2.71519994736,10737.0,-35.0,182.0,0.108000002801
1474475562141816492,234,1474475561747004032,usbl,0.0,2,-15.8793001175,-2.09010004997,-0.863399982452,-2.65269994736,15.817199707,-0.214599996805,0.0215000007302,0.0436000004411,2.84590005875,10693.0,-37.0,184.0,0.121899999678
1474475563639136705,235,1474475563252163887,usbl,0.0,2,-15.6202001572,-3.17420005798,0.421799987555,-2.52399992943,15.7428998947,0.181400001049,0.105200000107,0.00609999988228,2.78049993515,10630.0,-36.0,186.0,0.121899999678
1474475565037525530,236,1474475564673584938,usbl,0.0,2,-16.0104999542,-1.24660003185,-0.223000004888,-2.51920008659,15.845199585,-0.723699986935,0.0546000003815,-0.0271000005305,2.90700006485,10707.0,-37.0,160.0,0.12800000608
1474475567330956354,237,1474475566277641057,usbl,0.0,2,-16.0076007843,-1.35559999943,-0.0592000000179,-2.27859997749,15.8971996307,-0.416000008583,0.0304000005126,-0.0197000000626,2.91490006447,10710.0,-36.0,176.0,0.136999994516
1474475568535437065,238,1474475568180783987,usbl,0.0,2,-15.7791004181,-2.0501999855,-0.905600011349,-2.44339990616,15.7475996017,-0.213599994779,0.0656000003219,0.0522000007331,2.8626999855,10625.0,-36.0,154.0,0.142499998212
1474475569936639791,239,1474475569547019958,usbl,0.0,2,-15.6767997742,-2.54970002174,-0.555700004101,-2.32780003548,15.7209997177,-0.0608999989927,0.0772999972105,0.0439999997616,2.83669996262,10595.0,-38.0,195.0,0.136600002646
1474475571238440666,240,1474475570849479913,usbl,0.0,2,-15.9794998169,-0.672399997711,-0.166199997067,-2.20070004463,15.8386001587,-0.34659999609,0.0318999998271,-0.00989999994636,2.96180009842,10663.0,-37.0,156.0,0.135800004005
1474475572631190726,241,1474475572228288888,usbl,0.0,2,-15.9742002487,-0.0865999981761,0.13030000031,-2.07509994507,15.8395004272,0.0754000023007,-0.00930000003427,-0.00350000010803,3.00600004196,10650.0,-35.0,172.0,0.139500007033
1474475573932883964,242,1474475573592605113,usbl,0.0,2,-15.8402996063,-1.60720002651,-0.165399998426,-2.31539988518,15.7503995895,-0.301400005817,0.0711999982595,-0.00139999995008,2.89549994469,10615.0,-36.0,174.0,0.150600001216
1474475575333664031,243,1474475574949588060,usbl,0.0,2,-15.7737998962,-2.49650001526,0.100699998438,-2.0,15.8421001434,0.289999991655,0.102799996734,0.0283000003546,2.85920000076,10647.0,-36.0,152.0,0.149299994111
1474475577331971846,244,1474475576957480907,usbl,0.0,2,-15.8948001862,-1.50329995155,-0.32539999485,-2.21370005608,15.8115997314,-0.318899989128,0.0681999996305,0.00680000009015,2.90980005264,10646.0,-33.0,210.0,0.141399994493
1474475578632863375,245,1474475578271877050,usbl,0.0,2,-15.8542995453,-1.79270005226,-0.230900004506,-2.06529998779,15.8221998215,-0.13789999485,0.0392999984324,0.0103000001982,2.89989995956,10638.0,-34.0,159.0,0.128800004721
1474475580132214598,246,1474475579708379983,usbl,0.0,2,-15.7975997925,-1.9143999815,-0.326299995184,-1.95949995518,15.7888002396,-0.457399994135,0.0485000014305,-0.00240000011399,2.89860010147,10611.0,-32.0,196.0,0.136600002646
1474475581638655279,247,1474475581215167045,usbl,0.0,2,-15.7698001862,-1.10959994793,-0.747900009155,-1.9117000103,15.7096996307,-0.174500003457,0.0423999987543,0.0392999984324,2.9523999691,10551.0,-36.0,151.0,0.146899998188
1474475583032416323,248,1474475582630409955,usbl,0.0,2,-15.616399765,-2.36829996109,-0.487599998713,-1.95630002022,15.6808996201,0.0093999998644,0.0798999965191,0.0438000001013,2.86999988556,10535.0,-36.0,175.0,0.14390000701
1474475585334526202,249,1474475584236300945,usbl,0.0,2,-15.7125997543,-1.37259995937,0.786599993706,-2.08150005341,15.6492996216,0.393400013447,0.0769999995828,-0.018200000748,2.91869997978,10528.0,-35.0,174.0,0.139400005341
1474475586427817948,250,1474475586082159042,usbl,0.0,2,-15.8275995255,-1.16970002651,-0.155599996448,-2.00530004501,15.741399765,-0.304399996996,0.0115000000224,-0.00860000029206,2.94120001793,10581.0,-34.0,188.0,0.128999993205
1474475589237479633,251,1474475588878323078,usbl,0.0,2,-15.4349002838,-2.99440002441,0.102799996734,-2.17309999466,15.5718002319,0.0904000028968,0.0769999995828,0.0141000002623,2.81139993668,10482.0,-35.0,158.0,0.121399998665
1474475590130028305,252,1474475589752543926,usbl,0.0,2,-15.5424003601,-2.48799991608,0.342500001192,-2.12619996071,15.594499588,0.407000005245,0.0621000006795,0.0141000002623,2.8462998867,10496.0,-33.0,186.0,0.119999997318
1474475591534630796,253,1474475591126740932,usbl,0.0,2,-15.6864995956,-1.5271999836,0.205400004983,-1.88600003719,15.6483001709,0.115199998021,0.0659999996424,0.000699999975041,2.92389988899,10508.0,-34.0,156.0,0.125300005078
1474475592929953038,254,1474475592561820983,usbl,0.0,2,-15.446100235,-2.9686999321,0.232999995351,-2.17540001869,15.5770998001,0.26210001111,0.0518000014126,0.0119000002742,2.81240010262,10487.0,-34.0,179.0,0.104699999094
1474475594233547404,255,1474475593847807884,usbl,0.0,2,-15.7000999451,-2.13529992104,-0.429800003767,-1.81309998035,15.7462997437,-0.0798000022769,0.0299999993294,0.0263999998569,2.89269995689,10567.0,-38.0,206.0,0.0798000022769
1474475597636270877,256,1474475597239696025,usbl,0.0,2,-15.851099968,-4.09089994431,2.58599996567,-1.88600003719,16.2849998474,2.4333999157,0.0780000016093,0.0109999999404,2.76220011711,11049.0,-44.0,190.0,0.0794999971986
1474475601330639556,257,1474475600979756116,usbl,0.0,2,-17.7089996338,-1.97090005875,-0.244800001383,-2.07859992981,17.6926002502,-0.452199995518,0.00329999998212,-0.0113000003621,2.91380000114,11880.0,-39.0,168.0,0.0794000029564
1474475603431763286,258,1474475602359657049,usbl,0.0,2,-17.5163993835,-3.36989998817,-0.961000025272,-2.59599995613,17.6543998718,-0.82950001955,0.0126999998465,0.00989999994636,2.80629992485,11909.0,-37.0,159.0,0.111199997365
1474475604631303679,259,1474475604278578042,usbl,0.0,2,-17.8852996826,-1.9756000042,-0.696099996567,-3.34470009804,17.6840000153,-0.599300026894,0.085199996829,0.0147000001743,2.84840011597,12005.0,-37.0,202.0,0.106299996376
1474475606029490022,260,1474475605658921957,usbl,0.0,2,-17.920999527,-2.27270007133,-0.658599972725,-3.94120001793,17.6131000519,-1.00250005722,0.110699996352,-0.00540000014007,2.79999995232,12051.0,-35.0,160.0,0.105999998748
1474475607637884013,261,1474475607248856067,usbl,0.0,2,-17.9916992188,-0.422500014305,-0.625299990177,-3.88429999352,17.554599762,-1.00859999657,0.0313999988139,-0.0206000003964,2.90140008926,12005.0,-38.0,205.0,0.108000002801
1474475609032267707,262,1474475608639702081,usbl,0.0,2,-17.8386993408,-0.38069999218,-0.688199996948,-4.32819986343,17.3101997375,-0.679499983788,0.0183000005782,0.00089999998454,2.87599992752,11904.0,-37.0,198.0,0.107900001109
1474475611329252459,263,1474475610273669958,usbl,0.0,2,-17.5289001465,0.88069999218,-0.806400001049,-4.37120008469,17.0142993927,-0.304699987173,0.0406999997795,0.0264999996871,2.94210004807,11713.0,-37.0,171.0,0.109999999404
1474475612532229880,264,1474475612178215980,usbl,0.0,2,-17.0935993195,-1.93550002575,-0.976700007915,-4.63380002975,16.5918998718,-0.3587000072,0.0886999964714,0.0458999983966,2.76220011711,11487.0,-34.0,198.0,0.109700001776
1474475614036305699,265,1474475613609057903,usbl,0.0,2,-17.0443000793,1.14209997654,-0.434399992228,-5.17700004578,16.282699585,-0.269199997187,0.0555000007153,0.00590000022203,2.90199995041,11392.0,-36.0,192.0,0.107400000095
1474475615236693909,266,1474475614847769975,usbl,0.0,2,-16.9200992584,-0.334600001574,-0.374300003052,-5.35510015488,16.0515995026,-0.459100008011,0.0709000006318,-0.00370000000112,2.80139994621,11285.0,-37.0,207.0,0.166199997067
1474475616631700658,267,1474475616246412038,usbl,0.0,2,-16.7707996368,1.11720001698,0.292100012302,-5.73540019989,15.8016996384,0.0538000017405,0.00159999995958,-0.0142999999225,2.85989999771,11207.0,-33.0,193.0,0.172800004482
1474475618735960023,268,1474475617628734111,usbl,0.0,2,-16.6324005127,1.26549994946,0.292899996042,-5.75449991226,15.6583003998,-0.159899994731,0.0208000000566,-0.0287999995053,2.86500000954,11122.0,-36.0,208.0,0.172800004482
1474475619352335234,269,1474475618945765018,usbl,0.0,2,-16.1240005493,2.80349993706,-0.679099977016,-5.82019996643,15.3111000061,-0.0109999999404,0.0502999983728,0.0326000005007,2.95219993591,10920.0,-36.0,203.0,0.170800000429
1474475620739107409,270,1474475620358395099,usbl,0.0,2,-15.9990997314,1.26160001755,-0.815900027752,-6.06269979477,14.8811998367,0.15189999342,0.101800002158,0.0522000007331,2.83809995651,10713.0,-36.0,201.0,0.176300004125
1474475622131570980,271,1474475621780862092,usbl,0.0,2,-15.839099884,1.73689997196,-0.797299981117,-6.41680002213,14.6028995514,-0.331900000572,0.101800002158,0.0179999992251,2.8412001133,10636.0,-35.0,162.0,0.172399997711
1474475625128807403,272,1474475624745253086,usbl,0.0,2,-15.667599678,1.51499998569,-0.240500003099,-6.94479990005,14.1266002655,-0.185699999332,0.0198999997228,0.00159999995958,2.78139996529,10495.0,-35.0,191.0,0.173199996352
1474475628039549474,273,1474475627651165008,usbl,0.0,2,-15.1758003235,3.15639996529,-0.108099997044,-7.28240013123,13.6837997437,-0.0309999994934,0.0983000025153,-0.0153999999166,2.85730004311,10334.0,-34.0,165.0,0.192599996924
1474475628839555022,274,1474475628456878900,usbl,0.0,2,-15.0134000778,3.492000103,-0.205500006676,-7.492000103,13.4722995758,-0.0592000000179,0.0913000032306,-0.0115000000224,2.86290001869,10277.0,-33.0,151.0,0.207900002599
1474475630131268433,275,1474475629776376962,usbl,0.0,2,-14.9882001877,2.53209996223,-1.09479999542,-7.52080011368,13.2550001144,-0.0357000008225,0.0636999979615,0.0597000010312,2.79670000076,10160.0,-35.0,171.0,0.203899994493
1474475631635323826,276,1474475631211688995,usbl,0.0,2,-14.6075000763,3.88790011406,-0.625100016594,-7.87130022049,12.919500351,-0.125,0.0542999990284,0.0197000000626,2.85619997978,10086.0,-32.0,186.0,0.223000004888
1474475635133914333,277,1474475634789979934,usbl,0.0,2,-14.3360996246,4.41690015793,-0.237000003457,-8.53779983521,12.3365001678,0.0864999964833,0.0635000020266,0.00300000002608,2.83550000191,10002.0,-34.0,167.0,0.258799999952
1474475636641590353,278,1474475636283859014,usbl,0.0,2,-13.9745998383,5.11810016632,-0.331600010395,-9.05160045624,11.8065004349,0.517499983311,0.0705000013113,0.0348999984562,2.83949995041,9924.0,-32.0,163.0,0.274800002575
1474475639329344089,279,1474475638943517923,usbl,0.0,2,-13.4043998718,6.41239976883,0.356299996376,-9.44359970093,11.4622001648,0.600300014019,0.0483000017703,-0.00490000005811,2.89709997177,9909.0,-32.0,191.0,0.272000014782
1474475640725263127,280,1474475640388546943,usbl,0.0,2,-13.4503002167,6.31050014496,0.382600009441,-9.85690021515,11.1106004715,0.523299992085,0.0390999987721,-0.00789999961853,2.8533000946,9908.0,-31.0,188.0,0.293799996376
1474475642726186889,281,1474475641657426118,usbl,0.0,2,-13.5445995331,6.09490013123,-0.0847999975085,-10.2301998138,10.7583999634,0.459699988365,0.0719000026584,0.00789999961853,2.80369997025,9902.0,-34.0,174.0,0.295599997044
1474475643925253893,282,1474475643572427034,usbl,0.0,2,-13.1433000565,6.69630002975,-0.560400009155,-10.6944999695,10.1640996933,0.468699991703,0.0610999986529,0.0471000000834,2.80349993706,9841.0,-31.0,192.0,0.275900006294
1474475645226688012,283,1474475644890281915,usbl,0.0,2,-12.4847002029,7.96299982071,-0.296900004148,-11.0750999451,9.81649971008,0.586099982262,0.0838000029325,0.0173000004143,2.86389994621,9874.0,-34.0,201.0,0.240799993277
1474475646630301148,284,1474475646229154109,usbl,0.0,2,-11.133099556,9.91300010681,1.06070005894,-11.4790000916,9.50030040741,1.1468000412,0.0381999984384,-0.0262000001967,2.98569989204,9963.0,-35.0,202.0,0.217299997807
1474475648029365040,285,1474475647647283077,usbl,0.0,2,-12.3875999451,8.55700016022,0.514900028706,-12.0759000778,8.9811000824,0.67150002718,0.03579999879,-0.0120000001043,2.81310009956,10043.0,-31.0,201.0,0.18940000236
1474475650326198348,286,1474475649236598968,usbl,0.0,2,-10.6225004196,10.7344999313,0.308200001717,-12.5349998474,8.34840011597,1.15670001507,0.0373999997973,0.042199999094,2.95000004768,10070.0,-34.0,139.0,0.229800000787
1474475651532626748,287,1474475651166173934,usbl,0.0,2,-11.9320001602,9.45300006866,-0.454499989748,-12.644900322,8.44139957428,0.88639998436,0.115400001407,0.0208999998868,2.82949995995,10153.0,-33.0,226.0,0.230499997735
1474475652928425494,288,1474475652536452054,usbl,0.0,2,-10.7629995346,11.0288000107,0.587499976158,-13.3524999619,7.6154999733,1.2403999567,0.0586000010371,0.000699999975041,2.88429999352,10281.0,-36.0,228.0,0.259499996901
1474475654230575443,289,1474475653842638015,usbl,0.0,2,-10.5214996338,11.5746002197,0.649200022221,-13.7976999283,7.28940010071,1.25829994678,0.0245999991894,0.0308999996632,2.89059996605,10437.0,-36.0,160.0,0.285299986601
1474475655636338271,290,1474475655263016939,usbl,0.0,2,-9.39809989929,12.7407999039,1.75039994717,-14.2449998856,6.90749979019,1.75569999218,0.00800000037998,-0.0103000001982,2.95609998703,10619.0,-33.0,230.0,0.297500014305
1474475657029302630,291,1474475656631355047,usbl,0.0,2,-9.16940021515,13.329000473,1.02049994469,-14.7611999512,6.52790021896,1.5082000494,0.0386000014842,-0.00279999990016,2.95339989662,10807.0,-37.0,176.0,0.307099997997
1474475659329327705,292,1474475658266968965,usbl,0.0,2,-9.2966003418,13.4441995621,0.0555000007153,-15.1948003769,5.86509990692,1.37660002708,0.0666999965906,0.0458999983966,2.90650010109,10897.0,-35.0,169.0,0.298299998045
1474475660525464736,293,1474475660166244983,usbl,0.0,2,-9.21490001678,13.7534999847,0.71280002594,-15.4702997208,5.66370010376,1.78170001507,0.0731000006199,0.00719999987632,2.89989995956,11047.0,-35.0,180.0,0.254299998283
1474475661923877346,294,1474475661587491035,usbl,0.0,2,-9.95419979095,13.5726995468,0.445699989796,-15.8817996979,5.47109985352,1.15590000153,0.0520000010729,0.000500000023749,2.83909988403,11225.0,-35.0,187.0,0.217999994755
1474475663227189757,295,1474475662844608068,usbl,0.0,2,-8.32940006256,14.8625001907,1.25419998169,-16.2560997009,5.03219985962,1.50370001793,0.042199999094,-0.0450000017881,2.9251999855,11389.0,-34.0,207.0,0.177100002766
1474475664630113470,296,1474475664218604087,usbl,0.0,2,-8.1625995636,14.9954004288,1.37679994106,-16.3465995789,4.84310007095,1.64919996262,0.0187999997288,-0.001200000057,2.93020009995,11419.0,-36.0,176.0,0.15719999373
1474475666035899521,297,1474475665600178003,usbl,0.0,2,-9.95720005035,13.8261995316,0.000300000014249,-16.1403999329,5.25920009613,1.46210002899,0.0777999982238,0.0388999991119,2.83340001106,11359.0,-37.0,182.0,0.124600000679
1474475668232021501,298,1474475667828017950,usbl,0.0,2,-11.8900003433,12.3158998489,-0.153699994087,-16.3255996704,4.94670009613,1.44330000877,0.0900999978185,0.0412000007927,2.6686000824,11413.0,-36.0,169.0,0.109600000083
1474475669626699724,299,1474475669221261978,usbl,0.0,2,-9.07260036469,14.6729001999,1.14260005951,-16.5475997925,4.73979997635,1.61839997768,0.0310999993235,0.00230000005104,2.86570000648,11526.0,-37.0,188.0,0.101599998772
1474475671030137933,300,1474475670596698045,usbl,0.0,2,-7.44759988785,15.6674995422,1.59809994698,-16.6891002655,4.68489980698,1.73720002174,0.0260000005364,-0.03579999879,2.96690011024,11614.0,-35.0,157.0,0.0954999998212
1474475672623821620,301,1474475672266899108,usbl,0.0,2,-8.0423002243,15.4380998611,0.890200018883,-16.7677001953,4.51270008087,1.51150000095,0.0502999983728,-0.0189999993891,2.92100000381,11620.0,-34.0,197.0,0.118299998343
1474475674025040869,302,1474475673598066091,usbl,0.0,2,-8.43190002441,15.2445001602,0.722899973392,-16.7537994385,4.3232998848,2.15229988098,0.0715999975801,0.0406999997795,2.89039993286,11624.0,-36.0,176.0,0.123899996281
1474475676425798778,303,1474475676082143068,usbl,0.0,2,-8.46920013428,15.2161998749,0.425300002098,-16.7113990784,4.56780004501,1.8178999424,0.0754000023007,0.0293000005186,2.90089988708,11613.0,-36.0,193.0,0.122699998319
1474475677718805060,304,1474475677362910032,usbl,0.0,2,-9.92990016937,14.3746995926,1.24790000916,-16.717300415,4.8763999939,1.88269996643,0.0401000007987,0.00590000022203,2.8194000721,11677.0,-39.0,210.0,0.11930000037
1474475679122531641,305,1474475678744031906,usbl,0.0,2,-10.1553001404,14.4799995422,1.68280005455,-17.0307006836,4.75220012665,1.73259997368,0.00209999992512,0.00190000003204,2.80209994316,11844.0,-38.0,178.0,0.116499997675
1474475680631476612,306,1474475680269218921,usbl,0.0,2,-8.69649982452,15.4224004745,1.04200005531,-17.0827007294,4.44379997253,1.73239994049,0.0544999986887,-0.0168999992311,2.87890005112,11824.0,-37.0,167.0,0.116899996996
1474475682025695459,307,1474475681647445917,usbl,0.0,2,-10.0085000992,14.5016002655,0.869099974632,-17.0363998413,4.22189998627,1.77779996395,0.0688000023365,-0.00860000029206,2.77659988403,11761.0,-38.0,209.0,0.13030000031
1474475684332263399,308,1474475683249077081,usbl,0.0,2,-10.3821001053,14.2489995956,0.673300027847,-17.071100235,4.00159978867,1.96010005474,0.0864000022411,0.00579999992624,2.73889994621,11762.0,-38.0,195.0,0.130099996924
1474475685524965559,309,1474475685176440000,usbl,0.0,2,-8.57059955597,15.3029003143,0.0410999991,-16.9934005737,4.03319978714,1.60940003395,0.0702999979258,0.0577999986708,2.86689996719,11693.0,-37.0,152.0,0.128299996257
1474475687027629533,310,1474475686611869096,usbl,0.0,2,-7.72160005569,15.7329998016,1.1957000494,-16.8997001648,4.18009996414,2.34719991684,0.0719000026584,0.00310000008903,2.92499995232,11711.0,-37.0,164.0,0.124799996614
1474475688229193256,311,1474475687844082117,usbl,0.0,2,-7.39400005341,16.0972995758,1.31540000439,-17.2154998779,4.04460000992,1.67079997063,0.0410000011325,-0.0408000014722,2.93630003929,11842.0,-37.0,187.0,0.134000003338
1474475689624626113,312,1474475689242898941,usbl,0.0,2,-9.67930030823,14.7468004227,1.49619996548,-17.091999054,4.27960014343,1.71619999409,0.040300000459,-0.0384000018239,2.80040001869,11802.0,-35.0,191.0,0.135399997234
1474475690928329433,313,1474475690577714920,usbl,0.0,2,-5.96239995956,16.6194000244,1.57910001278,-17.169500351,3.89520001411,2.06920003891,0.023199999705,0.0175999999046,3.02130007744,11818.0,-35.0,180.0,0.134200006723
1474475692528404010,314,1474475692159708023,usbl,0.0,2,-8.84689998627,15.2854003906,-0.0148000000045,-17.0695991516,4.2107000351,1.67630004883,0.0878000035882,0.0397999994457,2.8601000309,11774.0,-37.0,173.0,0.128700003028
1474475693922166746,315,1474475693513180017,usbl,0.0,2,-8.04959964752,15.7190999985,-0.154899999499,-17.1546001434,4.06809997559,1.03960001469,0.0680999979377,0.0154999997467,2.90129995346,11774.0,-37.0,170.0,0.12349999696
1474475695223382475,316,1474475694874531984,usbl,0.0,2,-8.3780002594,15.5921001434,0.300900012255,-17.2346992493,3.83730006218,1.27970004082,0.0551999993622,0.0142999999225,2.86739993095,11802.0,-38.0,160.0,0.122599996626
1474475696627536955,317,1474475696222817897,usbl,0.0,2,-9.51770019531,14.9899997711,0.359899997711,-17.2049007416,4.2376999855,1.20459997654,0.0573999993503,-0.00159999995958,2.81590008736,11840.0,-36.0,175.0,0.126699998975
1474475699320374793,318,1474475698943873882,usbl,0.0,2,-8.44509983063,15.7160997391,1.58280003071,-17.4363994598,3.78369998932,1.57389998436,0.0177999995649,-0.0340000018477,2.85850000381,11941.0,-35.0,158.0,0.134299993515
1474475701327353557,319,1474475700970284938,usbl,0.0,2,-7.79850006104,16.0480995178,0.765699982643,-17.3255004883,3.76259994507,2.1482000351,0.0658000037074,0.0423999987543,2.90529990196,11906.0,-36.0,163.0,0.121100001037
1474475702826015459,320,1474475702388221979,usbl,0.0,2,-8.37699985504,15.6766996384,-0.138799995184,-17.2332000732,3.99130010605,1.74259996414,0.0962999984622,0.0447000004351,2.88030004501,11850.0,-36.0,145.0,0.120399996638
1474475704127783907,321,1474475703734046936,usbl,0.0,2,-8.95110034943,15.4294996262,0.614400029182,-17.2560005188,4.27080011368,1.59969997406,0.0675000026822,-0.00609999988228,2.85590004921,11899.0,-36.0,182.0,0.122199997306
1474475705624839730,322,1474475705269320011,usbl,0.0,2,-7.06419992447,16.5795993805,1.32630002499,-17.6420993805,3.69519996643,1.28199994564,-0.00700000021607,0.0100999996066,2.94609999657,12047.0,-38.0,151.0,0.225099995732
1474475707020035040,323,1474475706603615999,usbl,0.0,2,-8.63010025024,15.7574996948,1.19990003109,-17.5317001343,3.84980010986,1.42690002918,0.0152000002563,-0.00139999995008,2.8561000824,12004.0,-37.0,165.0,0.217999994755
1474475709120647132,324,1474475708752440929,usbl,0.0,2,-6.6890001297,16.6194992065,1.24070000648,-17.3430995941,3.97670006752,2.42740011215,0.0798000022769,-0.0198999997228,2.97860002518,11972.0,-35.0,185.0,0.217600002885
1474475710528309478,325,1474475710116215944,usbl,0.0,2,-6.9250998497,16.4943008423,0.833899974823,-17.3518009186,3.9224998951,2.06019997597,0.0732999965549,0.00300000002608,2.96440005302,11939.0,-35.0,182.0,0.221699997783
1474475711818485433,326,1474475711477426052,usbl,0.0,2,-8.21739959717,15.9250001907,0.115800000727,-17.478099823,3.8083999157,1.07550001144,0.0305000003427,0.0577999986708,2.8819000721,11947.0,-36.0,189.0,0.22840000689
1474475713315715901,327,1474475712915385961,usbl,0.0,2,-5.54330015182,17.0620994568,2.02570009232,-17.5692005157,3.50589990616,2.23169994354,0.00910000037402,0.00930000003427,3.02519989014,12036.0,-36.0,210.0,0.22460000217
1474475714621678597,328,1474475714252708911,usbl,0.0,2,-7.92420005798,16.074300766,1.74409997463,-17.3896007538,4.0560002327,2.31699991226,0.0388999991119,-0.00650000013411,2.91000008583,12004.0,-39.0,154.0,0.22460000217
1474475715925803959,329,1474475715545126914,usbl,0.0,2,-8.49740028381,15.7988004684,1.10469996929,-17.4284992218,3.92919993401,1.95889997482,0.055300001055,-0.00209999992512,2.86739993095,11982.0,-37.0,172.0,0.229699999094
1474475717429270114,330,1474475717072040081,usbl,0.0,2,-8.75899982452,15.7178001404,0.479600012302,-17.4710006714,4.11490011215,1.3532999754,0.0648000016809,-0.0162000004202,2.86159992218,12000.0,-37.0,203.0,0.236599996686
1474475718823166422,331,1474475718423559904,usbl,0.0,2,-7.05060005188,16.7269001007,1.20410001278,-17.7549991608,3.76209998131,1.24769997597,0.00490000005811,-0.00540000014007,2.9509999752,12128.0,-37.0,189.0,0.257499992847
1474475720228314738,332,1474475719813426971,usbl,0.0,2,-9.71749973297,15.0914001465,1.36889994144,-17.4398994446,3.94140005112,2.09019994736,0.0299999993294,0.0277999993414,2.79290008545,12001.0,-38.0,165.0,0.259400010109
1474475721626050967,333,1474475721237096071,usbl,0.0,2,-8.23670005798,15.9490003586,-0.0876000002027,-17.4923992157,3.62409996986,1.76119995117,0.0922999978065,0.0461000017822,2.87120008469,11967.0,-37.0,169.0,0.260199993849
1474475723020750984,334,1474475722607579946,usbl,0.0,2,-9.44820022583,15.2342996597,-0.0839999988675,-17.3822994232,4.12729978561,1.47669994831,0.101400002837,0.00190000003204,2.81769990921,11951.0,-38.0,184.0,0.22650000453
1474475725327276436,335,1474475724264105081,usbl,0.0,2,-8.98320007324,15.6126003265,1.84249997139,-17.6723003387,3.54970002174,1.71309995651,0.00350000010803,-0.0204000007361,2.81570005417,12071.0,-39.0,177.0,0.211799994111
1474475726514680276,336,1474475726155930042,usbl,0.0,2,-9.62539958954,15.2989997864,2.34489989281,-17.4783000946,3.95880007744,3.32310009003,0.0740000009537,-0.0152000002563,2.79390001297,12151.0,-37.0,184.0,0.211999997497
1474475727928481096,337,1474475727511646986,usbl,0.0,2,-9.30109977722,15.6038999557,1.41260004044,-17.6592998505,3.74869990349,2.46670007706,0.0769999995828,-0.0152000002563,2.8069999218,12147.0,-38.0,195.0,0.210199996829
1474475729223991701,338,1474475728849216938,usbl,0.0,2,-8.77159976959,15.769900322,2.67910003662,-17.4750003815,3.40070009232,3.98350000381,0.0996999964118,-0.0284000001848,2.81100010872,12162.0,-37.0,209.0,0.21969999373
1474475730720681068,339,1474475730298748016,usbl,0.0,2,-7.75050020218,16.1669998169,2.796200037,-17.5037002563,3.19600009918,3.55890011787,0.0425999984145,0.00989999994636,2.87369990349,12097.0,-37.0,209.0,0.240099996328
1474475732127349516,340,1474475731708251953,usbl,0.0,2,-10.1447000504,14.9981002808,0.309199988842,-17.6846008301,3.60339999199,1.49160003662,0.0630000010133,0.0236000008881,2.74780011177,12073.0,-41.0,157.0,0.244499996305
1474475734423003086,341,1474475734030244112,usbl,0.0,2,-7.97450017929,16.1511001587,2.11660003662,-17.5209999084,3.23410010338,3.38960003853,0.0734999999404,0.0116999996826,2.86249995232,12091.0,-36.0,233.0,0.247999995947
1474475735714911470,342,1474475735331800937,usbl,0.0,2,-6.97060012817,16.3950004578,3.16650009155,-17.3794994354,3.30250000954,3.80229997635,0.042199999094,-0.00769999995828,2.9226000309,12063.0,-38.0,199.0,0.285699993372
1474475737027144437,343,1474475736685667991,usbl,0.0,2,1.00020003319,5.98390007019,17.2667007446,-4.7828001976,-1.78740000725,17.5748996735,0.0507999993861,-0.0425999984145,2.83340001106,12201.0,-39.0,192.0,0.284500002861
1474475738626218071,344,1474475738260521888,usbl,0.0,2,-7.15859985352,16.3393001556,3.10290002823,-17.4437999725,3.40599989891,3.45810008049,0.0208999998868,0.00190000003204,2.92030000687,12071.0,-36.0,235.0,0.27500000596
1474475740024246881,345,1474475739680039882,usbl,0.0,2,-9.34510040283,15.3604001999,0.820100009441,-17.4878997803,3.73779988289,2.03649997711,0.061400000006,0.0295000001788,2.80599999428,11999.0,-39.0,163.0,0.278200000525
1474475743120910425,346,1474475742726862907,usbl,0.0,2,-8.81319999695,15.6513996124,1.07000005245,-17.5282001495,3.75230002403,1.56990003586,0.0293000005186,0.0046999999322,2.83899998665,11996.0,-40.0,157.0,0.272399991751
1474475744020988501,347,1474475743661508083,usbl,0.0,2,-10.2947998047,14.7929000854,2.92280006409,-17.4657993317,3.56579995155,3.94790005684,0.0763000026345,-0.00910000037402,2.72480010986,12172.0,-40.0,197.0,0.257699996233
1474475745426938734,348,1474475745045665025,usbl,0.0,2,-8.82730007172,15.6837997437,1.85829997063,-17.5421009064,3.65450000763,2.5053999424,0.056400001049,-0.0263999998569,2.8273999691,12062.0,-44.0,128.0,0.246500000358
1474475746822692735,349,1474475746401410102,usbl,0.0,2,-8.02770042419,16.3747997284,0.817300021648,-17.7483005524,3.96720004082,1.58220005035,0.0472999997437,-0.0010000000475,2.90420007706,12170.0,-44.0,149.0,0.255199998617
1474475748116500147,350,1474475747729716062,usbl,0.0,2,-7.48269987106,16.2518997192,2.27629995346,-17.4538002014,3.23659992218,3.1916000843,0.043299999088,0.0287999995053,2.8952999115,12024.0,-44.0,151.0,0.268500000238
1474475750424057243,351,1474475749286148071,usbl,0.0,2,-7.63929986954,16.3642997742,-0.626299977303,-17.7537994385,3.31730008125,0.583400011063,0.0601999983191,0.0293000005186,2.89039993286,12047.0,-43.0,145.0,0.274599999189
1474475751620966650,352,1474475751274991989,usbl,0.0,2,-7.55289983749,16.4011993408,1.98070001602,-17.5676002502,3.87840008736,2.5109000206,0.0274000000209,0.0108000002801,2.92729997635,12110.0,-42.0,160.0,0.283800005913
1474475753026849791,353,1474475752625523090,usbl,0.0,2,-7.34759998322,16.2796993256,2.53850007057,-17.4239997864,3.09139990807,3.507999897,0.0421000011265,0.0394000001252,2.89720010757,12027.0,-37.0,190.0,0.276699990034
1474475754616826697,354,1474475754235078096,usbl,0.0,2,-7.08710002899,16.8439006805,1.05390000343,-17.9251995087,3.33060002327,1.62779998779,0.042199999094,-0.019200000912,2.92409992218,12203.0,-39.0,193.0,0.269600003958
1474475756024531664,355,1474475755641812086,usbl,0.0,2,-8.86989974976,16.0937995911,1.5082000494,-18.0842990875,3.30760002136,1.40620005131,-0.00769999995828,0.00240000011399,2.81920003891,12292.0,-37.0,175.0,0.262499988079
1474475758319090956,356,1474475757219466924,usbl,0.0,2,-9.89620018005,15.7849998474,0.181999996305,-18.2362003326,3.34759998322,1.83500003815,0.0944000035524,0.016799999401,2.76200008392,12421.0,-39.0,127.0,0.213200002909
1474475759520984876,357,1474475759163707971,usbl,0.0,2,-9.02980041504,16.7712001801,0.513100028038,-18.632900238,3.49580001831,1.9156999588,0.070000000298,0.0256999991834,2.83340001106,12703.0,-37.0,191.0,0.226999998093
1474475760915947292,358,1474475760517623901,usbl,0.0,2,-6.93680000305,17.9524993896,0.550599992275,-19.0027008057,2.87269997597,1.16770005226,0.0241000000387,0.0266999993473,2.92389988899,12836.0,-37.0,188.0,0.241600006819
1474475762218288737,359,1474475761841715097,usbl,0.0,2,-7.6547999382,17.981300354,0.288399994373,-19.2894001007,2.89100003242,1.25170004368,0.0388999991119,0.0346000008285,2.88919997215,13030.0,-38.0,145.0,0.23180000484
1474475763519073880,360,1474475763162005901,usbl,0.0,2,-9.0233001709,17.481300354,0.535499989986,-19.3812007904,2.92359995842,1.76699995995,0.068599998951,0.00380000006407,2.81329989433,13120.0,-39.0,163.0,0.238600000739
1474475764915477404,361,1474475764489387989,usbl,0.0,2,-6.61350011826,18.8164997101,2.19630002975,-19.7299003601,2.54920005798,2.61899995804,0.0278999991715,-0.0153999999166,2.92899990082,13377.0,-34.0,272.0,0.259099990129
1474475767018768505,362,1474475766619458913,usbl,0.0,2,-7.50059986115,18.8731002808,1.63269996643,-20.0960006714,2.06690001488,2.64569997787,0.0527000017464,0.00279999990016,2.8640999794,13583.0,-39.0,206.0,0.265799999237
1474475768415206988,363,1474475768037005901,usbl,0.0,2,-6.39340019226,19.5121002197,0.801400005817,-20.4164009094,1.72039997578,1.56599998474,0.0281000006944,0.0340000018477,2.91090011597,13699.0,-38.0,201.0,0.254799991846
1474475769818419708,364,1474475769431632041,usbl,0.0,2,-6.50299978256,19.6317996979,0.854799985886,-20.5256004333,1.60399997234,2.13420009613,0.0465999990702,0.0566999986768,2.90389990807,13799.0,-40.0,146.0,0.243900001049
1474475771217443130,365,1474475770860805988,usbl,0.0,2,-7.507999897,19.5184001923,-0.372999995947,-20.7963008881,1.55630004406,1.60399997234,0.101199999452,0.000300000014249,2.84800004959,13944.0,-42.0,190.0,0.213400006294
1474475772720459330,366,1474475772294962882,usbl,0.0,2,-6.80779981613,20.0202007294,0.740400016308,-21.089799881,1.04550004005,1.35269999504,0.0331999994814,-0.00749999983236,2.86229991913,14106.0,-41.0,189.0,0.213300004601
1474475774023388064,367,1474475773613946914,usbl,0.0,2,-3.77999997139,21.1030006409,1.20089995861,-21.4368000031,0.764299988747,0.972899973392,-0.0105999996886,-0.00089999998454,3.0,14315.0,-42.0,195.0,0.215200006962
1474475776022947470,368,1474475775637876987,usbl,0.0,2,-7.68389987946,20.5792007446,-0.537599980831,-21.9440002441,0.379999995232,1.0720000267,0.0697999969125,0.0225000008941,2.80229997635,14649.0,-42.0,196.0,0.204799994826
1474475777626687436,369,1474475777204161882,usbl,0.0,2,-8.26780033112,20.6068992615,-1.60399997234,-22.2383995056,0.355300009251,0.950200021267,0.11400000006,0.024299999699,2.77769994736,14841.0,-47.0,142.0,0.332100003958
1474475778923918030,370,1474475778569731950,usbl,0.0,2,-6.43400001526,21.8656005859,0.904799997807,-22.6574993134,-0.769299983978,2.52239990234,0.074500001967,-0.001200000057,2.81979990005,15207.0,-44.0,213.0,0.341199994087
1474475780320730188,371,1474475779946444034,usbl,0.0,2,-4.1968998909,22.8892993927,2.87669992447,-22.9678001404,-1.4536999464,4.49160003662,0.0696000009775,0.00700000021607,2.89639997482,15632.0,-39.0,239.0,0.330399990082
1474475781716056834,372,1474475781306837081,usbl,0.0,2,-6.56979990005,22.7087001801,0.596800029278,-23.5771007538,-1.62129998207,0.833199977875,0.0162000004202,-0.0200999993831,2.79040002823,15765.0,-41.0,194.0,0.326700001955
1474475783911615238,373,1474475783524194002,usbl,0.0,2,-4.95699977875,23.5457992554,-0.230299994349,-23.9349994659,-2.26449990273,1.00810003281,0.0467999987304,0.0277999993414,2.84069991112,16042.0,-43.0,196.0,0.336699992418
1474475785224181738,374,1474475784791929960,usbl,0.0,2,-6.29090023041,23.6644992828,-0.226600006223,-24.2845001221,-2.17729997635,2.27209997177,0.0989999994636,0.0254999995232,2.7936000824,16325.0,-41.0,197.0,0.355599999428
1474475786617105996,375,1474475786279278039,usbl,0.0,2,-3.87269997597,24.5055007935,-0.733399987221,-24.6201992035,-2.69460010529,1.62600004673,0.0995000004768,-0.0200999993831,2.87420010567,16547.0,-43.0,213.0,0.356000006199
1474475788113451047,376,1474475787696964025,usbl,0.0,2,-2.32800006866,25.1996994019,0.451799988747,-25.0256996155,-3.50209999084,1.44739997387,0.042199999094,-0.0289999991655,2.90860009193,16874.0,-40.0,152.0,0.378100007772
1474475789613173352,377,1474475789276633024,usbl,0.0,2,-4.94619989395,25.3880996704,0.427100002766,-25.5643997192,-3.82150006294,1.03059995174,0.0189999993891,0.0243999995291,2.8015999794,17246.0,-42.0,211.0,0.365000009537
1474475792412794635,378,1474475792000458002,usbl,0.0,2,-5.71939992905,25.9465007782,0.0788000002503,-26.0480995178,-4.65299987793,2.40520000458,0.0855000019073,0.0194000005722,2.74869990349,17713.0,-38.0,238.0,0.362500011921
1474475793716912065,379,1474475793344326972,usbl,0.0,2,-6.84340000153,25.9950008392,-0.210500001907,-26.3822002411,-4.86159992218,1.71969997883,0.077699996531,-0.0126999998465,2.70050001144,17921.0,-41.0,173.0,0.35609999299
1474475795122059310,380,1474475794738607883,usbl,0.0,2,-3.02880001068,27.1979999542,0.278499990702,-26.7555007935,-5.48519992828,1.74249994755,0.0571000017226,-0.0284000001848,2.82640004158,18245.0,-40.0,200.0,0.414499998093
1474475796620674276,381,1474475796209080934,usbl,0.0,2,-4.38870000839,27.2982006073,-0.209299996495,-27.1270999908,-5.32070016861,0.55269998312,0.0245999991894,0.0206000003964,2.78889989853,18433.0,-40.0,189.0,0.368499994278
1474475798013194702,382,1474475797611356019,usbl,0.0,2,0.239999994636,27.686000824,0.497500002384,-27.2495994568,-4.50089979172,2.00530004501,0.0544999986887,-0.00700000021607,2.98609995842,18461.0,-45.0,190.0,0.373699992895
1474475799916982918,383,1474475799520956993,usbl,0.0,2,-1.59430003166,27.5674991608,-1.54970002174,-27.1063995361,-5.46420001984,0.544799983501,0.0763000026345,-0.00659999996424,2.88490009308,18438.0,-47.0,160.0,0.422699987888
1474475801326136849,384,1474475800945379972,usbl,0.0,2,-2.00679993629,27.6760005951,0.569299995899,-27.1431007385,-5.55049991608,1.65989995003,0.0366999991238,0.0388999991119,2.86969995499,18503.0,-44.0,200.0,0.410199999809
1474475802821913831,385,1474475802392282962,usbl,0.0,2,-2.32159996033,27.6989002228,-1.05499994755,-27.2303009033,-5.60090017319,0.932099997997,0.0715999975801,0.00170000002254,2.85520005226,18544.0,-46.0,144.0,0.396400004625
1474475804216603816,386,1474475803790644884,usbl,0.0,2,-3.05040001869,27.7651004791,0.54650002718,-27.2493000031,-5.98950004578,1.45019996166,0.0331999994814,-0.00540000014007,2.81539988518,18625.0,-45.0,174.0,0.39620000124
1474475805612702941,387,1474475805244054079,usbl,0.0,2,-2.3273999691,27.9545993805,-0.655300021172,-27.4727993011,-5.65420007706,0.763899981976,0.0507999993861,-0.000300000014249,2.85549998283,18706.0,-42.0,169.0,0.378300011158
1474475807816229431,388,1474475806694544076,usbl,0.0,2,-4.3126001358,24.3386001587,13.0913000107,-22.9923992157,-3.78760004044,15.4710998535,0.109300002456,-0.042199999094,2.76340007782,18647.0,-44.0,178.0,0.353700011969
1474475808319006144,389,1474475807965750932,usbl,0.0,2,-1.96420001984,27.9745998383,1.43139994144,-27.3836994171,-5.65560007095,2.5759999752,0.0414999984205,-0.00800000037998,2.86689996719,18720.0,-42.0,166.0,0.34810000658
1474475809716228237,390,1474475809356512069,usbl,0.0,2,-1.02649998665,28.1917991638,-0.293300002813,-27.5981006622,-5.78469991684,0.894900023937,0.0421000011265,0.00240000011399,2.89860010147,18808.0,-43.0,174.0,0.321299999952
1474475811018209421,391,1474475810679183959,usbl,0.0,2,-0.316300004721,28.1305999756,1.39520001411,-27.4822006226,-5.72749996185,2.30259990692,0.0320999994874,0.0165999997407,2.92619991302,18778.0,-42.0,173.0,0.275099992752
1474475812614121748,392,1474475812222172021,usbl,0.0,2,-3.94269990921,27.8533000946,-1.36310005188,-27.4687995911,-5.93090009689,1.8709000349,0.116099998355,-0.000199999994948,2.78819990158,18776.0,-43.0,190.0,0.222000002861
1474475814014997729,393,1474475813672911882,usbl,0.0,2,-2.97379994392,28.1401996613,1.7582000494,-27.5480995178,-5.89919996262,3.17910003662,0.0538999997079,-0.0308999996632,2.82130002975,18901.0,-42.0,147.0,2.70129990578
1474475816415336163,394,1474475815284143924,usbl,0.0,2,-5.17789983749,27.918800354,2.06680011749,-27.6154994965,-6.34759998322,2.76250004768,0.0293000005186,-0.0233999993652,2.72950005531,18980.0,-43.0,194.0,2.70670008659
1474475817611892046,395,1474475817184016942,usbl,0.0,2,-2.07610011101,28.2880001068,0.553200006485,-27.5608005524,-6.19659996033,2.61400008202,0.0732999965549,-0.00449999980628,2.84649991989,18913.0,-45.0,161.0,2.70609998703
1474475819015410582,396,1474475818637373924,usbl,0.0,2,3.32119989395,28.2436008453,1.98629999161,-27.7751998901,-5.44449996948,3.4021999836,0.0505999997258,0.00310000008903,3.06599998474,19005.0,-42.0,232.0,2.71449995041
1474475820615639518,397,1474475820242714881,usbl,0.0,2,0.285800009966,28.510099411,-0.166899994016,-27.9132995605,-5.72739982605,0.989300012589,0.0406999997795,0.0103000001982,2.94959998131,19008.0,-45.0,170.0,2.71700000763
1474475822015336320,398,1474475821624536991,usbl,0.0,2,-0.46360000968,28.5489997864,1.33529996872,-27.7817001343,-6.4513001442,1.89869999886,0.0198999997228,-0.00930000003427,2.89650011063,19056.0,-45.0,201.0,2.72289991379
1474475824414759702,399,1474475823289499998,usbl,0.0,2,1.51540005207,28.3775997162,0.7541000247,-27.7681999207,-6.00430011749,1.01409995556,0.00980000011623,0.0113000003621,2.98239994049,18952.0,-45.0,190.0,2.72329998016
1474475825518765600,400,1474475825178692102,usbl,0.0,2,-1.33589994907,28.3528003693,-1.57659995556,-27.5559997559,-6.81879997253,1.52330005169,0.109399996698,-0.00449999980628,2.85170006752,18952.0,-44.0,177.0,2.72289991379
1474475827015371085,401,1474475826632416009,usbl,0.0,2,-2.89770007133,28.1805992126,-1.483700037,-27.6179008484,-6.40950012207,0.956399977207,0.0864000022411,0.0010000000475,2.81119990349,18912.0,-45.0,158.0,2.7202000618
1474475828615424788,402,1474475828274077892,usbl,0.0,2,-1.0271999836,28.4923000336,0.962499976158,-27.7520008087,-6.2217001915,2.21479988098,0.0436000004411,0.0103000001982,2.88569998741,19018.0,-42.0,160.0,2.71760010719
1474475830114291976,403,1474475829695435047,usbl,0.0,2,-2.25650000572,28.404499054,0.505100011826,-27.6753997803,-6.55100011826,1.82159996033,0.0463999994099,-0.000500000023749,2.82969999313,18999.0,-42.0,157.0,2.71650004387
1474475831721324613,404,1474475831285814046,usbl,0.0,2,-1.52890002728,28.6116008759,1.99849998951,-27.9046001434,-6.31430006027,2.53340005875,0.019200000912,-0.00910000037402,2.86479997635,19148.0,-39.0,187.0,2.71889996529
1474475833712029603,405,1474475833326597929,usbl,0.0,2,-0.955500006676,28.6354007721,0.5924000144,-27.7502994537,-6.82530021667,2.14199995995,0.0538000017405,0.0126000000164,2.86789989471,19105.0,-40.0,181.0,2.72040009499
1474475835015288032,406,1474475834674213886,usbl,0.0,2,-2.95210003853,28.4634990692,-1.42159998417,-27.6916999817,-7.24109983444,1.28310000896,0.0914999991655,0.033900000155,2.78399991989,19101.0,-46.0,151.0,2.71979999542
1474475836614844753,407,1474475836274859905,usbl,0.0,2,-0.952899992466,28.6037998199,0.787299990654,-27.6888008118,-6.58739995956,3.10520005226,0.0806000009179,0.0177999995649,2.87649989128,19087.0,-46.0,208.0,0.212599992752
1474475839415043982,408,1474475839040067911,usbl,0.0,2,-0.336100012064,28.8994007111,1.11860001087,-28.1058006287,-6.63490009308,1.60730004311,0.0165999997407,0.0311999991536,2.89989995956,19282.0,-46.0,168.0,0.234300002456
1474475842214549273,409,1474475841864542961,usbl,0.0,2,-0.472200006247,28.763999939,0.800700008869,-27.9286994934,-6.53159999847,2.35759997368,0.0542999990284,-0.00510000018403,2.89499998093,19186.0,-41.0,185.0,0.194299995899
1474475843107590932,410,1474475842677229881,usbl,0.0,2,-3.95619988441,-1.76709997654,28.4297008514,2.20830011368,4.81720018387,28.265499115,0.0741999968886,0.0119000002742,2.75289988518,19172.0,-41.0,166.0,3.06590008736
1474475844410815579,411,1474475844017484903,usbl,0.0,2,-1.35130000114,28.8192996979,0.418799996376,-27.8661994934,-7.23990011215,1.89999997616,0.0498999990523,0.0331999994814,2.84260010719,19236.0,-42.0,176.0,3.06509995461
1474475845917408671,412,1474475845481874942,usbl,0.0,2,-2.66659998894,28.7310009003,-0.380299985409,-28.0256004333,-6.65399980545,1.73759996891,0.0719000026584,0.0198999997228,2.81699991226,19238.0,-45.0,163.0,3.06209993362
1474475847212955185,413,1474475846874293088,usbl,0.0,2,-4.62050008774,28.5165996552,1.44249999523,-27.8516998291,-6.9267001152,3.59619998932,0.0734999999404,0.0140000004321,2.73790001869,19283.0,-46.0,222.0,3.06349992752
1474475850207730830,414,1474475849850240945,usbl,0.0,2,-3.46440005302,28.7749004364,-0.135800004005,-28.0737991333,-7.02710008621,1.57939994335,0.0619999989867,-0.019200000912,2.77519989014,19322.0,-50.0,160.0,3.07290005684
1474475851607591802,415,1474475851249150991,usbl,0.0,2,-0.516300022602,28.9612998962,1.70430004597,-28.1686000824,-6.52610015869,2.42179989815,0.0250000003725,-0.00889999978244,2.8952999115,19344.0,-49.0,169.0,3.07629990578
1474475854310320651,416,1474475853961631059,usbl,0.0,2,-0.868900001049,28.7343006134,-0.0340999998152,-27.976600647,-6.37979984283,1.7390999794,0.0604000017047,0.0469000004232,2.8898999691,19165.0,-47.0,210.0,3.07719993591
1474475855712392825,417,1474475855300288915,usbl,0.0,2,-1.98029994965,28.8530006409,-0.995000004768,-28.0242996216,-6.96659994125,1.87450003624,0.0976999998093,0.0251000002027,2.83089995384,19292.0,-44.0,250.0,3.07640004158
1474475858412208905,418,1474475858049320936,usbl,0.0,2,-2.14590001106,28.8922996521,1.1196000576,-28.1254997253,-6.68079996109,2.22370004654,0.0395999997854,-0.018200000748,2.83270001411,19329.0,-43.0,195.0,3.07540011406
1474475861232859986,419,1474475860849217891,usbl,0.0,2,-0.57080000639,28.6947002411,0.901799976826,-27.8833999634,-6.2297000885,2.86919999123,0.0693000033498,-0.0278999991715,2.89899992943,19143.0,-47.0,163.0,5.02559995651
1474475862611756902,420,1474475862239571094,usbl,0.0,2,-18.7332000732,13.2423000336,17.7318992615,-17.5394992828,13.2145004272,18.932800293,0.0606999993324,0.023199999705,2.80229997635,19330.0,-46.0,181.0,5.03030014038
1474475864115005424,421,1474475863721241950,usbl,0.0,2,-2.01850008965,28.8101005554,-0.434399992228,-28.1007003784,-6.1031999588,2.71740007401,0.105599999428,0.0581000000238,2.86290001869,19256.0,-49.0,148.0,6.62060022354
1474475866525706082,422,1474475866111722946,usbl,0.0,2,-15.9560003281,15.030500412,19.0361995697,-17.1805000305,13.1978998184,19.3269996643,0.0379999987781,-0.0165999997407,2.94650006294,19355.0,-54.0,134.0,6.62720012665
1474475868039120273,423,1474475867581548929,usbl,0.0,2,-3.6563000679,-4.52580022812,28.4496994019,2.29949998856,6.1642999649,28.2833995819,-0.0129000004381,-0.0507999993861,2.81450009346,19359.0,-50.0,134.0,6.64139986038
1474475870726888071,424,1474475870348455905,usbl,0.0,2,-3.69479990005,28.6007003784,-0.853200018406,-27.9493999481,-6.80109977722,2.22609996796,0.105800002813,0.0149999996647,2.77519989014,19234.0,-48.0,138.0,7.76480007172
1474475872027580087,425,1474475871641252040,usbl,0.0,2,-4.52290010452,28.4335002899,-0.292100012302,-27.7658004761,-6.74329996109,3.54870009422,0.130700007081,0.0295000001788,2.74799990654,19195.0,-43.0,190.0,7.76119995117
1474475874420240766,426,1474475873290992975,usbl,0.0,2,-4.49039983749,28.5608005524,-0.471899986267,-28.2856006622,-5.58659982681,2.19569993019,0.0894000008702,0.0262000001967,2.7922000885,19277.0,-47.0,179.0,7.77220010757
1474475875610785996,427,1474475875182331085,usbl,0.0,2,-0.425300002098,28.9962005615,1.38810002804,-28.3971996307,-5.92939996719,1.15139997005,-0.00839999970049,0.0149999996647,2.92170000076,19355.0,-51.0,104.0,7.27629995346
1474475876922291155,428,1474475876557503938,usbl,0.0,2,-2.90910005569,28.6779994965,3.04929995537,-28.0081996918,-6.6546998024,3.38319993019,0.0164000000805,-0.0456000007689,2.8015999794,19324.0,-51.0,181.0,7.28609991074
1474475879223330409,429,1474475878810395002,usbl,0.0,2,-2.82150006294,28.7266998291,0.702499985695,-27.9944992065,-6.10440015793,3.56719994545,0.100500002503,-0.00520000001416,2.82760000229,19249.0,-49.0,163.0,7.28719997406
1474475882016919541,430,1474475881581634044,usbl,0.0,2,-1.91729998589,28.797000885,-0.954699993134,-27.8766994476,-7.39109992981,1.45430004597,0.0807999968529,0.0430999994278,2.8180000782,19251.0,-48.0,111.0,7.28179979324
1474475884029660844,431,1474475883614690065,usbl,0.0,2,-0.561800003052,28.9368000031,-0.731599986553,-28.2733001709,-6.1861000061,0.736000001431,0.0507999993861,-0.00419999985024,2.90669989586,19301.0,-52.0,117.0,7.28179979324
1474475884912045636,432,1474475884557823896,usbl,0.0,2,-5.33379983902,28.3041992188,2.99289989471,-27.9458999634,-6.65719985962,3.63960003853,0.0243999995291,-0.00820000004023,2.71989989281,19305.0,-50.0,182.0,7.29850006104
1474475887323994816,433,1474475886905415058,usbl,0.0,2,-1.83640003204,28.9634990692,1.18939995766,-28.2339000702,-6.11310005188,3.02399992943,0.0653000026941,-0.0277999993414,2.86179995537,19364.0,-53.0,102.0,7.30459976196
1474475888721716990,434,1474475888301215887,usbl,0.0,2,-5.02309989929,28.7572002411,1.26530003548,-28.1417007446,-6.882999897,3.80529999733,0.0873000025749,0.00769999995828,2.72849988937,19480.0,-52.0,132.0,7.31059980392
1474475892126225054,435,1474475890966464042,usbl,0.0,2,1.04050004482,29.7287006378,1.18519997597,-28.8840999603,-6.57499980927,2.95970010757,0.0599000006914,0.00190000003204,2.95309996605,19847.0,-47.0,193.0,7.32420015335
1474475892613177038,436,1474475892240394115,usbl,0.0,2,-2.79539990425,29.9822006226,0.131799995899,-29.1480007172,-7.42250013351,1.4362000227,0.0456000007689,-0.0216000005603,2.79809999466,20075.0,-50.0,174.0,7.32819986343
1474475897415206284,437,1474475897050910949,usbl,0.0,2,-0.566399991512,31.2141990662,0.324499994516,-30.2593994141,-7.68529987335,0.230000004172,-0.00260000000708,-0.0225000008941,2.87459993362,20814.0,-48.0,209.0,6.27549982071
1474475898805350271,438,1474475898433007001,usbl,0.0,2,0.749400019646,31.3715000153,1.21679997444,-30.4598999023,-7.25260019302,2.40899991989,0.0379999987781,0.000300000014249,2.93179988861,20936.0,-46.0,139.0,4.48530006409
1474475901017572551,439,1474475900673177957,usbl,0.0,2,-2.06150007248,31.585100174,-1.93739998341,-30.5818996429,-8.3108997345,1.13890004158,0.0935000032187,0.0577999986708,2.81310009956,21141.0,-45.0,174.0,4.48229980469
1474475901916577564,440,1474475901539273023,usbl,0.0,2,-1.3151999712,31.8899002075,0.0320999994874,-30.8194007874,-7.98040008545,2.2743999958,0.0688999965787,0.03579999879,2.84940004349,21278.0,-45.0,174.0,3.2039000988
1474475905111227949,441,1474475904696455001,usbl,0.0,2,-1.56690001488,32.7257003784,-0.820699989796,-31.5641002655,-8.81330013275,0.364300012589,0.0375000014901,-0.0275999996811,2.82119989395,21849.0,-47.0,168.0,0.354400008917
1474475906538692985,442,1474475906113500118,usbl,0.0,2,-1.54589998722,32.8016014099,1.9606000185,-31.653799057,-8.58959960938,2.53629994392,0.0175999999046,-0.00139999995008,2.82940006256,21931.0,-43.0,215.0,0.357100009918
1474475907903329906,443,1474475907553112030,usbl,0.0,2,0.589999973774,33.3134994507,0.595700025558,-32.2700004578,-8.12129974365,1.78269994259,0.0361000001431,0.0260000005364,2.91420006752,22216.0,-48.0,150.0,0.379500001669
1474475909517477743,444,1474475909101345062,usbl,0.0,2,-0.106100000441,33.8442993164,-1.93920004368,-32.659198761,-8.9783000946,1.40509998798,0.0986000001431,0.0340000018477,2.87159991264,22600.0,-47.0,154.0,0.4375
1474475910811064006,445,1474475910460172891,usbl,0.0,2,-1.2731000185,34.1865997314,-2.58719992638,-33.0035018921,-9.36979961395,0.128600001335,0.0780000016093,0.034200001508,2.82800006866,22872.0,-46.0,190.0,0.444400012493
1474475912214449597,446,1474475911852314949,usbl,0.0,2,0.58520001173,34.6208000183,0.861800014973,-33.3644981384,-9.2018995285,1.35039997101,0.0147000001743,0.0310999993235,2.89059996605,23091.0,-47.0,195.0,0.444200009108
1474475913726220140,447,1474475913301444053,usbl,0.0,2,3.71569991112,35.0275993347,0.932399988174,-34.0276985168,-9.04619979858,1.37650001049,0.00870000012219,-0.0375000014901,2.98609995842,23491.0,-47.0,212.0,0.397199988365
1474475915119037561,448,1474475914714979887,usbl,0.0,2,-0.844600021839,35.6016998291,0.719900012016,-34.0885009766,-10.1270999908,2.03169989586,0.0379000008106,-0.040300000459,2.82669997215,23746.0,-48.0,228.0,0.311800003052
1474475917414529952,449,1474475916281330108,usbl,0.0,2,0.662699997425,36.0209999084,-1.13549995422,-34.4240989685,-10.6538000107,0.846899986267,0.055300001055,0.016799999401,2.86019992828,24030.0,-45.0,188.0,0.30189999938
1474475918613107292,450,1474475918179933071,usbl,0.0,2,2.02259993553,36.5301017761,-0.374399989843,-34.7977981567,-11.1270999908,1.99549996853,0.0688000023365,0.0674000009894,2.891299963,24392.0,-44.0,206.0,0.319799989462
1474475921424124839,451,1474475921054189920,usbl,0.0,2,0.968599975109,37.7355003357,1.63940000534,-35.7569999695,-12.0034999847,2.22429990768,0.0147000001743,-0.034200001508,2.84139990807,25189.0,-42.0,172.0,0.304800003767
1474475922915828001,452,1474475922514394044,usbl,0.0,2,-0.13369999826,38.1963005066,1.68110001087,-36.332698822,-11.7910003662,1.6454000473,-0.00089999998454,-0.0161000005901,2.82360005379,25489.0,-44.0,228.0,0.28979998827
1474475925008556078,453,1474475923932857990,usbl,0.0,2,4.14729976654,38.2685012817,-3.26749992371,-36.3413009644,-13.0964002609,0.383599996567,0.0960000008345,0.00769999995828,2.90339994431,25754.0,-44.0,188.0,0.278200000525
1474475925610536742,454,1474475925262866973,usbl,0.0,2,4.30459976196,38.8372993469,-3.24880003929,-36.9851989746,-13.0198001862,-0.0038999998942,0.0850000008941,0.0148000000045,2.9131000042,26140.0,-44.0,180.0,0.284900009632
1474475927116826194,455,1474475926723572015,usbl,0.0,2,2.19799995422,39.5419006348,-0.692499995232,-36.9712982178,-14.1613998413,1.20510005951,0.049699999392,0.0311999991536,2.83229994774,26406.0,-44.0,213.0,0.280000001192
1474475928604470870,456,1474475928239069938,usbl,0.0,2,-0.0254999995232,39.8045005798,-0.955799996853,-37.2556991577,-14.0198001862,0.879000008106,0.0461000017822,0.0227000005543,2.78150010109,26544.0,-46.0,183.0,0.294299989939
1474475930009625660,457,1474475929605707883,usbl,0.0,2,3.69939994812,40.0928001404,-0.591600000858,-37.7229003906,-14.0698003769,0.701699972153,0.034200001508,0.021099999547,2.87700009346,26845.0,-48.0,188.0,0.280299991369
1474475931308334432,458,1474475930961785078,usbl,0.0,2,4.45819997787,40.3450012207,0.663500010967,-37.8368988037,-14.281999588,3.52519989014,0.0702000036836,-0.00789999961853,2.89039993286,27064.0,-47.0,209.0,0.213499993086
1474475933509006988,459,1474475932373332023,usbl,0.0,2,5.59999990463,40.2336006165,-0.0357000008225,-37.6208000183,-15.2658004761,1.3165999651,0.0304000005126,-0.0233999993652,2.89380002022,27081.0,-49.0,240.0,0.195299997926
1474475934708776324,460,1474475934287159919,usbl,0.0,2,5.12060022354,40.3568000793,-1.63090002537,-37.7980003357,-15.1054000854,0.829900026321,0.0606000013649,-0.00300000002608,2.88750004768,27142.0,-47.0,182.0,0.189500004053
1474475936006313664,461,1474475935667813062,usbl,0.0,2,2.12820005417,40.6851005554,0.554400026798,-37.7729988098,-15.0913000107,2.35920000076,0.0463999994099,0.0379999987781,2.81609988213,27163.0,-44.0,211.0,0.194000005722
1474475937721455516,462,1474475937298398017,usbl,0.0,2,1.34940004349,40.7383003235,0.720499992371,-37.8067016602,-15.0818996429,2.26609992981,0.0379999987781,0.00260000000708,2.79530000687,27178.0,-42.0,224.0,0.243000000715
1474475940406132098,463,1474475940062061071,usbl,0.0,2,-0.514900028706,40.8706016541,-2.98900008202,-37.488899231,-16.5513000488,0.492500007153,0.0850000008941,0.00190000003204,2.7132999897,27322.0,-45.0,208.0,0.297100007534
1474475942612478742,464,1474475941535247087,usbl,0.0,2,9.47630023956,40.021900177,-0.0615000016987,-38.2854003906,-14.9806003571,1.16670000553,0.0351000018418,0.0185000002384,3.00180006027,27419.0,-46.0,227.0,0.41139999032
1474475945513929242,465,1474475945136328935,usbl,0.0,2,3.85030007362,41.1853981018,0.409900009632,-38.354801178,-15.3998003006,1.72889995575,0.0351000018418,0.0322999991477,2.85450005531,27578.0,-48.0,213.0,0.488900005817
1474475948407523529,466,1474475948014993906,usbl,0.0,2,-0.778100013733,41.0886001587,-3.34599995613,-37.9009017944,-16.2357006073,0.0562000013888,0.0825999975204,0.00329999998212,2.71799993515,27488.0,-47.0,184.0,0.496100008488
1474475950512929819,467,1474475949433901071,usbl,0.0,2,4.85830020905,40.8785018921,1.5284999609,-38.0460014343,-15.5889997482,2.54340004921,0.0283000003546,0.028599999845,2.87299990654,27463.0,-46.0,179.0,0.492900013924
1474475951108587971,468,1474475950764240026,usbl,0.0,2,1.44420003891,41.2566986084,-0.291700005531,-38.0595016479,-15.9114999771,1.60909998417,0.0463999994099,0.00980000011623,2.78099989891,27522.0,-45.0,230.0,0.507000029087
1474475952602463046,469,1474475952235403060,usbl,0.0,2,27.1205005646,21.5123996735,-22.6067008972,-12.7995996475,-33.5145988464,-20.5501995087,0.0584999993443,-0.0277999993414,2.81780004501,27563.0,-46.0,216.0,0.522499978542
1474475954007986873,470,1474475953637047052,usbl,0.0,2,8.02359962463,40.5457992554,0.186299994588,-38.2991981506,-15.501999855,1.11020004749,0.0262000001967,0.017100000754,2.95289993286,27555.0,-45.0,181.0,0.564100027084
1474475955608081527,471,1474475955239249944,usbl,0.0,2,2.83249998093,41.3119010925,-1.36889994144,-38.417098999,-15.4345998764,1.57039999962,0.0744000002742,0.0463999994099,2.82990002632,27621.0,-46.0,182.0,0.564300000668
1474475957005985626,472,1474475956604556083,usbl,0.0,2,7.65659999847,40.7084999084,-0.940900027752,-38.3576011658,-15.5907001495,1.52339994907,0.0665000006557,0.0315999984741,2.94280004501,27622.0,-50.0,187.0,0.565199971199
1474475958904758923,473,1474475958513145923,usbl,0.0,2,9.70209980011,40.4403991699,1.04030001163,-38.5335998535,-15.2512998581,3.63409996033,0.0557000003755,-0.03579999879,2.99799990654,27734.0,-48.0,249.0,0.598599970341
1474475960306928722,474,1474475959922982931,usbl,0.0,2,3.94390010834,41.4131011963,0.215399995446,-38.2557983398,-16.3444004059,0.0114000001922,-0.00889999978244,-0.041700001806,2.8327999115,27734.0,-50.0,179.0,0.578400015831
1474475961706974876,475,1474475961303695917,usbl,0.0,2,1.68519997597,41.5623016357,-0.0615999996662,-38.2770004272,-16.204000473,1.60309994221,0.041400000453,0.0315999984741,2.78290009499,27731.0,-42.0,185.0,0.522000014782
1474475963011047076,476,1474475962659126043,usbl,0.0,2,3.13010001183,41.3479995728,-3.47259998322,-38.2963981628,-16.2632007599,0.641600012779,0.0996999964118,0.00540000014007,2.81539988518,27741.0,-45.0,183.0,0.521799981594
1474475964708838516,477,1474475964306974887,usbl,0.0,2,2.6561999321,41.257598877,-3.97289991379,-38.1397018433,-16.442199707,0.226300001144,0.102300003171,0.0126999998465,2.79859995842,27689.0,-49.0,176.0,0.495000004768
1474475966799520922,478,1474475965674082994,usbl,0.0,2,1.24790000916,41.5577011108,1.7431999445,-38.4348983765,-15.4609003067,3.91930007935,0.0531999990344,0.0251000002027,2.79169988632,27742.0,-47.0,245.0,0.478300005198
1474475967497608358,479,1474475967089251995,usbl,0.0,2,4.05049991608,41.3661994934,2.92689990997,-38.686000824,-15.1817998886,3.00740003586,0.00510000018403,0.0313999988139,2.86759996414,27778.0,-51.0,209.0,0.469099998474
1474475968911510556,480,1474475968478852987,usbl,0.0,2,8.95899963379,-4.81459999084,-40.3958015442,4.33120012283,-7.7513999939,-40.6991996765,0.0535999983549,0.0119000002742,2.93440008163,27771.0,-46.0,220.0,0.468600004911
1474475970306082636,481,1474475969889183044,usbl,0.0,2,2.76649999619,41.5015983582,-1.05229997635,-38.5539016724,-15.5509004593,1.70529997349,0.0648000016809,-0.0254999995232,2.82380008698,27738.0,-47.0,219.0,0.512099981308
1474475971602005206,482,1474475971267076969,usbl,0.0,2,3.68440008163,41.5125999451,-0.625400006771,-38.5527000427,-15.6739997864,2.29879999161,0.0702999979258,-0.00139999995008,2.84400010109,27787.0,-47.0,185.0,0.45870000124
1474475973102799831,483,1474475972733913898,usbl,0.0,2,-0.194000005722,41.7372016907,0.699599981308,-38.2383003235,-16.468000412,3.02640008926,0.0557000003755,0.0401000007987,2.73320007324,27829.0,-47.0,232.0,0.497799992561
1474475976109776697,484,1474475975727957963,usbl,0.0,2,3.92919993401,41.5303993225,-1.74909996986,-38.4836006165,-16.1627998352,1.02400004864,0.0680999979377,0.0141000002623,2.83859992027,27835.0,-49.0,195.0,0.497999995947
1474475977104558170,485,1474475976681797027,usbl,0.0,2,5.72599983215,41.4692993164,-0.904399991035,-38.7513999939,-15.8500995636,0.641600012779,0.0394000001252,0.0156999994069,2.89079999924,27915.0,-48.0,200.0,0.519999980927
1474475978499118831,486,1474475978119646072,usbl,0.0,2,6.334400177,41.3947982788,-0.178299993277,-38.5079994202,-16.3819999695,1.56449997425,0.041400000453,-0.00490000005811,2.89109992981,27918.0,-53.0,191.0,0.493999987841
1474475979801175121,487,1474475979457257986,usbl,0.0,2,0.966300010681,41.8278999329,-1.07969999313,-38.4100990295,-16.5706996918,1.32120001316,0.0573999993503,0.00139999995008,2.75740003586,27902.0,-51.0,191.0,0.494500011206
1474475982498849463,488,1474475982160832881,usbl,0.0,2,5.9892001152,41.3438987732,0.844399988651,-38.5582008362,-15.7376003265,3.39019989967,0.0641999989748,0.0175999999046,2.89989995956,27856.0,-43.0,261.0,0.492300003767
1474475985307111101,489,1474475984915889024,usbl,0.0,2,-21.2816009521,24.1595993042,-26.8840007782,-29.6886005402,14.633600235,-25.7640991211,0.0538999997079,-0.0104999998584,2.9117000103,27963.0,-44.0,246.0,6.61829996109
1474475986705199691,490,1474475986316870927,usbl,0.0,2,8.45429992676,41.1926002502,0.485000014305,-38.6366996765,-16.5389995575,1.48590004444,0.021099999547,-0.0154999997467,2.93910002708,28036.0,-47.0,193.0,6.6360001564
1474475988108320505,491,1474475987703650951,usbl,0.0,2,5.37599992752,41.7541007996,0.128900006413,-38.8541984558,-16.073299408,2.07940006256,0.0480000004172,0.00980000011623,2.87800002098,28066.0,-49.0,214.0,6.63269996643
1474475989607645965,492,1474475989228729009,usbl,0.0,2,4.72109985352,41.7811012268,-0.459600001574,-38.9407997131,-15.6805000305,2.42840003967,0.0710000023246,0.0165999997407,2.87249994278,28033.0,-52.0,143.0,6.62970018387
1474475991003038824,493,1474475990578811883,usbl,0.0,2,3.8071000576,41.7552986145,-0.981599986553,-38.9518013,-15.4074001312,2.08069992065,0.0756999999285,0.0262000001967,2.85730004311,27960.0,-53.0,188.0,6.62190008163
1474475992509090439,494,1474475992154475927,usbl,0.0,2,5.20459985733,41.6927986145,-1.63080000877,-38.7714996338,-16.1931991577,1.60819995403,0.0784000009298,0.00579999992624,2.87039995193,28032.0,-52.0,193.0,6.63630008698
1474475993902979856,495,1474475993490216016,usbl,0.0,2,4.3923997879,41.7747001648,0.578400015831,-38.8629989624,-15.8374996185,1.89730000496,0.0333000011742,0.0165999997407,2.86019992828,28006.0,-51.0,195.0,6.63719987869
1474475995208742279,496,1474475994860498905,usbl,0.0,2,4.19460010529,41.8596992493,-0.316199988127,-38.9244995117,-15.8430995941,1.95140004158,0.0566999986768,0.0251000002027,2.85619997978,28047.0,-51.0,209.0,6.63670015335
1474475996703248918,497,1474475996325736045,usbl,0.0,2,5.49590015411,41.6999015808,-0.984700024128,-38.8931999207,-15.9549999237,1.67760002613,0.0592000000179,-0.0355999991298,2.88210010529,28048.0,-54.0,171.0,6.64260005951
1474476000201831437,498,1474475999066241025,usbl,0.0,2,8.51150035858,41.2113990784,1.5026999712,-38.9754981995,-15.6688995361,2.91160011292,0.0483000017703,0.0674000009894,2.96860003471,28072.0,-51.0,220.0,6.64620018005
1474476002213384978,499,1474476001802315950,usbl,0.0,2,3.88759994507,41.7784996033,-2.59179997444,-38.6913986206,-16.3729991913,1.47409999371,0.095600001514,-0.0165999997407,2.83340001106,28026.0,-50.0,193.0,6.63310003281
1474476003142437053,500,1474476002758938074,usbl,0.0,2,9.75370025635,40.9458999634,0.350100010633,-38.848400116,-16.1672992706,1.11259996891,0.00989999994636,-0.0364999994636,2.98029994965,28062.0,-54.0,157.0,6.6452999115
1474476004499490952,501,1474476004159919023,usbl,0.0,2,4.60139989853,41.8283996582,2.16630005836,-38.765499115,-16.2961997986,2.6740000248,0.0153999999166,0.0289999991655,2.85520005226,28091.0,-52.0,168.0,6.64919996262
1474476005911259261,502,1474476005516191005,usbl,0.0,2,1.97049999237,42.0526008606,-0.520900011063,-38.7989997864,-16.1039009094,2.80719995499,0.0812999978662,0.0443000011146,2.79809999466,28068.0,-56.0,161.0,0.515600025654
1474476008108798217,503,1474476007768388986,usbl,0.0,2,5.4077000618,41.6262016296,0.0443000011146,-38.5625991821,-16.2761001587,3.16240000725,0.0710000023246,-0.0305000003427,2.8694999218,27984.0,-55.0,164.0,0.484400004148
1474476011011270212,504,1474476010610778093,usbl,0.0,2,2.48850011826,41.9612998962,-1.83270001411,-38.9370994568,-15.8454999924,1.76800000668,0.0886999964714,0.0482000000775,2.81640005112,28050.0,-53.0,158.0,0.491499990225
1474476012000051383,505,1474476011570548057,usbl,0.0,2,6.85099983215,41.5867996216,0.593599975109,-38.820098877,-16.2306995392,2.51290011406,0.0494000017643,0.0194000005722,2.9103000164,28101.0,-53.0,236.0,0.500699996948
1474476013309541990,506,1474476012947284936,usbl,0.0,2,7.6563000679,41.3241996765,1.45130002499,-38.811000824,-15.7651996613,3.68429994583,0.0529000014067,-0.00659999996424,2.93899989128,28035.0,-55.0,141.0,0.487699985504
1474476014610965797,507,1474476014267694950,usbl,0.0,2,2.89989995956,42.0085983276,0.674899995327,-38.7677993774,-16.1847000122,2.95040011406,0.0522000007331,-0.0297999996692,2.81310009956,28076.0,-50.0,214.0,0.476099997759
1474476017513992969,508,1474476017085417032,usbl,0.0,2,7.29040002823,41.5101013184,0.043299999088,-39.2915000916,-15.1002998352,2.09940004349,0.0584999993443,0.0502999983728,2.95149993896,28097.0,-52.0,173.0,0.500299990177
1474476020198699996,509,1474476019859246969,usbl,0.0,2,6.46059989929,41.6366996765,0.360599994659,-38.8377990723,-16.0783996582,2.93149995804,0.0625,0.00439999997616,2.9037001133,28091.0,-50.0,234.0,0.467000007629
1474476021706379582,510,1474476021329657077,usbl,0.0,2,7.3249001503,41.5466995239,-0.0275999996811,-39.3172988892,-15.1354999542,2.20289993286,0.054999999702,0.00719999987632,2.94930005074,28125.0,-53.0,171.0,0.505599975586
1474476023197378122,511,1474476022776360034,usbl,0.0,2,7.89550018311,41.6944007874,-0.693499982357,-39.3061981201,-16.0035991669,0.381300002337,0.0318000018597,0.0315999984741,2.94250011444,28294.0,-55.0,124.0,0.535099983215
1474476025403548181,512,1474476024291692972,usbl,0.0,2,5.83349990845,42.3152999878,-1.18540000916,-39.4384002686,-16.4064998627,1.2092000246,0.0604000017047,0.0275999996811,2.88520002365,28488.0,-49.0,221.0,0.484899997711
1474476026608607567,513,1474476026183602094,usbl,0.0,2,5.68930006027,42.6782989502,-2.16109991074,-39.8349990845,-16.4694004059,0.637300014496,0.0680999979377,0.019200000912,2.88220000267,28740.0,-48.0,183.0,0.470699995756
1474476028005342252,514,1474476027607623100,usbl,0.0,2,7.08799982071,42.7519989014,-2.12190008163,-39.8208999634,-17.2157001495,0.622600018978,0.0635000020266,-0.00370000000112,2.89759993553,28925.0,-49.0,222.0,0.472600013018
1474476029307577917,515,1474476028960676908,usbl,0.0,2,5.98570013046,43.3828010559,0.529100000858,-40.3718986511,-16.9400005341,1.14979994297,0.0129000004381,-0.0100999996066,2.88120007515,29198.0,-46.0,240.0,0.433200001717
1474476030704436866,516,1474476030354820013,usbl,0.0,2,5.71999979019,43.6277008057,-1.20070004463,-40.2845001221,-17.7338008881,0.45759999752,0.0386000014842,0.00439999997616,2.85730004311,29345.0,-48.0,195.0,0.433200001717
1474476033901747244,517,1474476033564690113,usbl,0.0,2,38.2053985596,22.8607006073,-0.983299970627,-14.0234003067,-42.2635002136,0.610899984837,0.0725999996066,0.00170000002254,2.9226000309,29689.0,-46.0,204.0,0.433400005102
1474476035398845231,518,1474476035021584987,usbl,0.0,2,8.54469966888,43.9580993652,-0.0970999971032,-40.8350982666,-18.3083000183,1.62469995022,0.0384000018239,-0.00400000018999,2.91210007668,29854.0,-45.0,241.0,0.39019998908
1474476036805506745,519,1474476036425828933,usbl,0.0,2,6.31139993668,44.6307983398,0.110399998724,-41.0363006592,-18.595199585,1.41199994087,0.0324999988079,0.023199999705,2.85750007629,30050.0,-46.0,247.0,0.400900006294
1474476038195463366,520,1474476037860372066,usbl,0.0,2,7.71799993515,44.7075996399,-1.38499999046,-41.4984016418,-18.3682994843,0.860599994659,0.0491999983788,-0.00579999992624,2.89569997787,30260.0,-46.0,243.0,0.394300013781
1474476039706196630,521,1474476039300553083,usbl,0.0,2,3.22259998322,45.5708007812,0.596199989319,-41.5731010437,-18.7404003143,2.81349992752,0.0456999987364,-0.0425999984145,2.78620004654,30459.0,-47.0,220.0,0.443899989128
1474476041797695062,522,1474476040731271982,usbl,0.0,2,11.2044000626,44.6161994934,0.675999999046,-41.8883018494,-18.9430007935,1.77020001411,0.0295000001788,0.0197000000626,2.96390008926,30671.0,-47.0,244.0,0.460700005293
1474476042395227089,523,1474476042068630933,usbl,0.0,2,8.00570011139,45.5063018799,-1.56229996681,-41.550201416,-20.2131004333,1.53820002079,0.0786999985576,0.0599000006914,2.86529994011,30821.0,-46.0,228.0,0.43410000205
1474476043797706867,524,1474476043400027036,usbl,0.0,2,4.54190015793,45.9986000061,-3.76679992676,-42.0513000488,-19.5407009125,0.730799973011,0.0997999981046,0.023199999705,2.80509996414,30917.0,-49.0,211.0,0.481599986553
1474476045101858499,525,1474476044740375041,usbl,0.0,2,5.41520023346,46.2627983093,-1.27250003815,-42.1114006042,-19.8439006805,2.00990009308,0.0705000013113,-0.00370000000112,2.81769990921,31064.0,-47.0,242.0,0.451599985361
1474476046702418281,526,1474476046310354948,usbl,0.0,2,9.36709976196,46.3255004883,0.434199988842,-42.6258010864,-20.3845996857,1.21920001507,0.021099999547,0.0206000003964,2.89569997787,31510.0,-48.0,230.0,0.485799998045
1474476048095382010,527,1474476047748532056,usbl,0.0,2,2.05909991264,47.9631004333,-0.146999999881,-43.2032012939,-20.9008998871,1.16589999199,0.0278999991715,0.0126999998465,2.73420000076,32005.0,-47.0,235.0,0.492500007153
1474476049696570056,528,1474476049295092105,usbl,0.0,2,10.039899826,47.5503005981,-0.75150001049,-43.6088981628,-21.39909935,1.65409994125,0.0483000017703,-0.0105999996886,2.89319992065,32403.0,-48.0,237.0,0.512700021267
1474476051205107667,529,1474476050780343055,usbl,0.0,2,11.5354003906,47.4151992798,-1.78970003128,-43.4774017334,-22.1032009125,2.37280011177,0.0916000008583,0.0159000009298,2.91090011597,32554.0,-51.0,203.0,0.517300009727
1474476052596203274,530,1474476052250793933,usbl,0.0,2,6.54640007019,48.7347984314,-3.35750007629,-43.9522018433,-22.1966991425,2.17219996452,0.119900003076,0.0489999987185,2.80960011482,32858.0,-51.0,254.0,0.497999995947
1474476054018826914,531,1474476053655524969,usbl,0.0,2,8.59739971161,49.1851005554,0.518199980259,-44.4157981873,-22.5967998505,3.1587998867,0.0564999990165,0.0161000005901,2.84540009499,33289.0,-52.0,167.0,0.499799996614
1474476056404601707,532,1474476055273379087,usbl,0.0,2,8.61789989471,49.8133010864,-0.353100001812,-44.6474990845,-23.7136993408,0.140200003982,0.00559999980032,-0.0250000003725,2.82459998131,33703.0,-49.0,204.0,0.521099984646
1474476057606872439,533,1474476057201932907,usbl,0.0,2,6.24949979782,50.7930984497,-3.02519989014,-45.1001014709,-24.3656997681,0.665199995041,0.0751999989152,0.0216000005603,2.76880002022,34177.0,-48.0,205.0,0.51599997282
1474476059096717968,534,1474476058682225942,usbl,0.0,2,18.2539997101,48.4375,-0.46250000596,-45.341999054,-24.8495998383,2.49359989166,0.0559000000358,-0.0137999998406,3.00040006638,34510.0,-48.0,239.0,0.482499986887
1474476062316742773,535,1474476061871206998,usbl,0.0,2,9.47299957275,-3.36459994316,-52.1963005066,2.46909999847,-7.22289991379,-52.604598999,0.0661000013351,0.0351000018418,2.79999995232,35437.0,-52.0,208.0,5.42000007629
1474476063801933293,536,1474476063396714925,usbl,0.0,2,15.7159996033,51.3753013611,0.0961999967694,-46.7985992432,-26.260799408,2.58660006523,0.0463000014424,-0.00730000017211,2.92709994316,35817.0,-52.0,228.0,5.42619991302
1474476065204398700,537,1474476064838285923,usbl,0.0,2,42.2270011902,21.0792007446,-26.3878993988,-13.3142995834,-45.7691001892,-25.5284996033,0.03579999879,-0.00209999992512,2.94470000267,36048.0,-57.0,200.0,5.43060016632
1474476066713493472,538,1474476066341114997,usbl,0.0,2,13.1838998795,52.8451004028,1.1521999836,-47.3046989441,-26.8635997772,2.89079999924,0.0408000014722,0.0315999984741,2.87179994583,36318.0,-56.0,196.0,5.44220018387
1474476068212580208,539,1474476067827999114,usbl,0.0,2,39.7405014038,24.2152996063,-29.1655006409,-11.6412000656,-45.431098938,-28.5799007416,0.0487000010908,0.0159000009298,2.81489992142,36614.0,-53.0,235.0,5.44439983368
1474476069720360453,540,1474476069345244884,usbl,0.0,2,42.6085014343,22.3400001526,-26.8309993744,-11.8482999802,-47.0130004883,-26.1506996155,0.0496000014246,0.0108000002801,2.8791000843,36724.0,-50.0,250.0,5.4485001564
1474476071808765685,541,1474476071447843074,usbl,0.0,2,10.7728004456,-4.40189981461,-53.8442001343,3.11570000648,-9.90369987488,-54.1002998352,0.0879999995232,0.00730000017211,2.80349993706,36725.0,-54.0,272.0,5.45249986649
1474476076700970020,542,1474476076274283885,usbl,0.0,2,40.0363998413,24.043800354,30.1119995117,-9.85359954834,-44.888999939,31.2350997925,0.0588000006974,0.00590000022203,2.85269999504,37045.0,-50.0,196.0,5.45410013199
1474476078216120785,543,1474476077780664920,usbl,0.0,2,18.0825996399,52.5530014038,2.0287001133,-48.1090011597,-27.7539997101,2.8561000824,0.0277999993414,0.034699998796,2.95199990273,37076.0,-53.0,280.0,5.44640016556
1474476081494236577,544,1474476081131050109,usbl,0.0,2,11.7630996704,54.3917999268,-3.17899990082,-48.773399353,-26.9500007629,1.34060001373,0.0750000029802,-0.0368000008166,2.84870004654,37160.0,-57.0,206.0,5.44710016251
1474476085306015296,545,1474476084879044055,usbl,0.0,2,5.47590017319,55.7229995728,-0.484400004148,-48.9053993225,-27.0580997467,3.375,0.0696000009775,0.00350000010803,2.73460006714,37329.0,-59.0,127.0,5.43919992447
1474476086807575408,546,1474476086368546009,usbl,0.0,2,13.8549995422,54.2480010986,1.95630002022,-48.9026985168,-27.0062007904,4.22230005264,0.0463000014424,0.0173000004143,2.88899993896,37349.0,-59.0,135.0,5.44579982758
1474476088109718985,547,1474476087765764951,usbl,0.0,2,10.6113996506,54.9836997986,-2.92210006714,-49.0892982483,-27.1014995575,0.309700012207,0.0606999993324,0.0104999998584,2.82760000229,37383.0,-58.0,190.0,5.44589996338
1474476091196438767,548,1474476090772537946,usbl,0.0,2,11.5047998428,54.9786987305,-1.9103000164,-49.1114997864,-27.3108997345,0.915400028229,0.0524000003934,0.0046999999322,2.84030008316,37468.0,-56.0,221.0,5.44869995117
1474476092100377731,549,1474476091713736057,usbl,0.0,2,5.88689994812,55.8935012817,-0.305500000715,-48.9420013428,-27.2138996124,4.78749990463,0.089500002563,-0.0161000005901,2.73810005188,37469.0,-56.0,154.0,5.44189977646
1474476093506521365,550,1474476093131675004,usbl,0.0,2,15.4250001907,54.0625991821,1.36039996147,-49.1417007446,-27.1221008301,3.46840000153,0.0386000014842,-0.00159999995958,2.91560006142,37491.0,-57.0,145.0,5.45399999619
1474476098196856993,551,1474476097819735050,usbl,0.0,2,17.8157997131,53.4916992188,-1.08619999886,-49.0990982056,-27.4081001282,4.24440002441,0.0989999994636,-0.00230000005104,2.95469999313,37594.0,-59.0,156.0,0.581399977207
1474476100609049053,552,1474476100210006952,usbl,0.0,2,11.8046998978,55.0816993713,4.83449983597,-49.4513015747,-27.1063995361,4.06559991837,-0.0147000001743,-0.00329999998212,2.85080003738,37693.0,-53.0,178.0,0.588599979877
1474476102106570656,553,1474476101718935966,usbl,0.0,2,-17.0510005951,28.0708007812,46.0606002808,-28.4962997437,9.83240032196,47.870300293,0.0617999993265,0.00980000011623,2.891299963,37714.0,-54.0,152.0,0.587999999523
1474476105215463930,554,1474476104803281068,usbl,0.0,2,14.0560998917,54.6119003296,0.503199994564,-49.373298645,-26.9815998077,3.81529998779,0.0644000023603,0.0142999999225,2.89499998093,37596.0,-55.0,173.0,0.587300002575
1474476106102031187,555,1474476105737907886,usbl,0.0,2,12.0270004272,55.1896018982,-1.12000000477,-49.4668998718,-27.2472000122,1.55390000343,0.0485000014305,0.000300000014249,2.85269999504,37664.0,-56.0,122.0,0.575100004673
1474476112697841707,556,1474476112356215953,usbl,0.0,2,7.09040021896,56.1859016418,-0.339899986982,-49.2765007019,-27.4801998138,4.88920021057,0.0934000015259,0.00159999995958,2.75900006294,37755.0,-59.0,137.0,0.558099985123
1474476115699670856,557,1474476115293010950,usbl,0.0,2,16.9388999939,53.9640007019,2.71199989319,-49.1589012146,-27.7504997253,4.43879985809,0.0315999984741,-0.00139999995008,2.93230009079,37750.0,-58.0,159.0,0.512000024319
1474476117202691083,558,1474476116770015001,usbl,0.0,2,10.4552001953,55.7393989563,2.71700000763,-49.337600708,-27.7196998596,4.58190011978,0.0283000003546,-0.0278999991715,2.81329989433,37851.0,-54.0,180.0,0.531899988651
1474476121396372500,559,1474476121049612998,usbl,0.0,2,10.5248003006,55.6730003357,-1.90110003948,-49.5889015198,-27.3962993622,2.06360006332,0.0696000009775,-0.00820000004023,2.8234000206,37794.0,-63.0,118.0,0.48219999671
1474476125399681076,560,1474476124997076034,usbl,0.0,2,14.6881999969,54.7406005859,2.34680008888,-49.6612014771,-27.1077003479,4.08860015869,0.0331999994814,0.00490000005811,2.90490007401,37817.0,-62.0,99.0,0.470999985933
1474476130500380799,561,1474476130092591047,usbl,0.0,2,11.3781003952,55.6162986755,1.95679998398,-50.0654983521,-26.5760993958,3.69029998779,0.0344000011683,0.0154999997467,2.85680007935,37868.0,-58.0,144.0,0.478399991989
1474476133304847042,562,1474476132917380094,usbl,0.0,2,18.0788993835,53.7962989807,-1.0720000267,-49.7022018433,-27.3810005188,1.41719996929,0.0445000007749,-0.00520000001416,2.96219992638,37842.0,-57.0,173.0,0.482600003481
1474476134699642957,563,1474476134285001993,usbl,0.0,2,9.66329956055,55.8694000244,1.34949994087,-49.5348014832,-27.0597000122,5.53770017624,0.0804999992251,0.0305000003427,2.81680011749,37810.0,-56.0,133.0,0.419299989939
1474476137807763961,564,1474476137417093992,usbl,0.0,2,16.9251995087,53.8891983032,-1.95620000362,-49.0889015198,-28.0013999939,0.737699985504,0.0405000001192,-0.0302000008523,2.92709994316,37679.0,-54.0,149.0,0.326000005007
1474476139321390601,565,1474476138908843994,usbl,0.0,2,14.7975997925,54.4812011719,5.40810012817,-49.5611000061,-26.9626998901,5.75629997253,0.0113000003621,0.018200000748,2.91070008278,37809.0,-51.0,189.0,0.349799990654
1474476145132319680,566,1474476144707015037,usbl,0.0,2,13.9864997864,54.8713989258,0.639299988747,-50.0457992554,-26.2597999573,3.56909990311,0.0560000017285,0.0100999996066,2.90910005569,37753.0,-61.0,107.0,0.359899997711
1474476148117791062,567,1474476147740959882,usbl,0.0,2,15.7754001617,54.2047996521,5.9032998085,-49.1598014832,-27.6002998352,6.58790016174,0.0126999998465,0.000300000014249,2.91370010376,37841.0,-55.0,145.0,0.369599997997
1474476158629218071,568,1474476158266566991,usbl,0.0,2,16.9687004089,53.8268013,4.50339984894,-49.481098175,-26.9990005493,5.31230020523,0.0154999997467,0.00159999995958,2.94799995422,37745.0,-59.0,124.0,0.388500005007
1474476160135106837,569,1474476159714211940,usbl,0.0,2,14.7628002167,54.8050003052,0.0093999998644,-49.5808982849,-27.5167007446,2.46830010414,0.0542999990284,0.034699998796,2.90000009537,37839.0,-59.0,164.0,0.398799985647
1474476161643090740,570,1474476161258629083,usbl,0.0,2,14.8301000595,54.7985992432,-1.81850004196,-49.1748008728,-28.2875995636,2.78870010376,0.0798000022769,-0.0159000009298,2.88330006599,37866.0,-46.0,301.0,0.413899987936
1474476163729369340,571,1474476163344758033,usbl,0.0,2,11.0747003555,55.4667015076,-1.11479997635,-48.779800415,-28.5928001404,1.85090005398,0.0491999983788,-0.0212999992073,2.80789995193,37715.0,-55.0,213.0,0.420899987221
1474476166639687808,572,1474476166241787910,usbl,0.0,2,20.7380008698,52.534198761,0.148399993777,-48.9072990417,-28.1578998566,2.26760005951,0.0405000001192,0.000300000014249,2.99550008774,37653.0,-54.0,193.0,0.422800004482
